.0, 8.0
8.0, 15.0
-4.0, -7.0
-29.0, -7.0
-37.0, -5.0
-56.0, -10.0
-62.0, -33.0
-42.0, -43.0
-24.0, -42.0
-31.0, -69.0
-15.0, -65.0
-22.0, -63.0
-22.0, -57.0
-19.0, -48.0
-17.0, -41.0
-13.0, -33.0
-3.0, -26.0
-18.0, -31.0
-20.0, -27.0
-8.0, -51.0
-13.0, -70.0
-12.0, -75.0
17.0, -87.0
16.0, -92.0
-1.0, -97.0
-5.0, -90.0
-9.0, -90.0
-2.0, -76.0
-6.0, -74.0
5.0, -60.0
3.0, -78.0
-10.0, -77.0
-11.0, -80.0
-7.0, -70.0
-24.0, -74.0
-4.0, -83.0
-10.0, -71.0
-1.0, -59.0
-21.0, -57.0
-17.0, -45.0
-16.0, -37.0
-14.0, -42.0
-10.0, -61.0
-11.0, -65.0
-10.0, -63.0
-18.0, -63.0
-8.0, -54.0
-25.0, -44.0
-18.0, -31.0
-31.0, -29.0
-37.0, -15.0
-13.0, -10.0
-10.0, -9.0
-28.0, -12.0
-38.0, -13.0
-33.0, -28.0
-37.0, -66.0
-20.0, -62.0
-41.0, -75.0
-18.0, -81.0
-24.0, -92.0
-28.0, -72.0
-27.0, -64.0
-25.0, -58.0
-26.0, -63.0
-4.0, -67.0
18.0, -66.0
26.0, -84.0
38.0, -82.0
23.0, -85.0
13.0, -83.0
20.0, -96.0
31.0, -91.0
41.0, -94.0
51.0, -94.0
44.0, -87.0
56.0, -83.0
52.0, -102.0
43.0, -105.0
53.0, -115.0
69.0, -108.0
87.0, -115.0
99.0, -111.0
106.0, -105.0
71.0, -108.0
83.0, -97.0
92.0, -89.0
137.0, -86.0
173.0, -85.0
180.0, -68.0
173.0, -65.0
171.0, -62.0
189.0, -73.0
213.0, -71.0
225.0, -67.0
252.0, -67.0
251.0, -56.0
240.0, -36.0
245.0, -43.0
242.0, -46.0
256.0, -65.0
262.0, -83.0
288.0, -82.0
266.0, -74.0
264.0, -66.0
264.0, -67.0
263.0, -50.0
253.0, -37.0
264.0, -4.0
275.0, -8.0
276.0, -24.0
290.0, -36.0
294.0, -35.0
298.0, -22.0
298.0, -38.0
304.0, -32.0
317.0, -17.0
321.0, -29.0
346.0, -46.0
338.0, -35.0
349.0, -36.0
344.0, -44.0
336.0, -52.0
326.0, -48.0
337.0, -61.0
342.0, -64.0
349.0, -55.0
358.0, -59.0
349.0, -59.0
388.0, -40.0
399.0, -27.0
407.0, -20.0
421.0, -18.0
417.0, -22.0
416.0, -37.0
432.0, -36.0
422.0, -44.0
415.0, -62.0
434.0, -74.0
422.0, -77.0
432.0, -64.0
439.0, -43.0
464.0, -42.0
443.0, -32.0
443.0, -24.0
450.0, -22.0
447.0, -48.0
441.0, -46.0
429.0, -52.0
444.0, -24.0
439.0, -29.0
453.0, -7.0
447.0, -11.0
455.0, -23.0
462.0, -28.0
465.0, -18.0
447.0, -23.0
456.0, -43.0
462.0, -50.0
483.0, -32.0
499.0, -41.0
508.0, -38.0
506.0, -39.0
495.0, -38.0
492.0, -32.0
482.0, -26.0
489.0, -13.0
494.0, -13.0
479.0, -19.0
492.0, -9.0
488.0, -12.0
497.0, -4.0
486.0, -14.0
511.0, -18.0
503.0, -20.0
503.0, -22.0
506.0, -39.0
512.0, -29.0
493.0, -40.0
494.0, -41.0
503.0, -49.0
492.0, -77.0
506.0, -87.0
489.0, -84.0
475.0, -86.0
464.0, -46.0
460.0, -58.0
463.0, -66.0
483.0, -63.0
501.0, -55.0
491.0, -55.0
485.0, -53.0
468.0, -66.0
476.0, -70.0
482.0, -64.0
469.0, -54.0
476.0, -63.0
482.0, -61.0
484.0, -68.0
480.0, -81.0
482.0, -81.0
464.0, -64.0
481.0, -78.0
468.0, -81.0
475.0, -88.0
499.0, -81.0
500.0, -68.0
496.0, -61.0
504.0, -59.0
496.0, -40.0
485.0, -38.0
489.0, -37.0
504.0, -32.0
505.0, -49.0
489.0, -82.0
489.0, -63.0
502.0, -78.0
513.0, -95.0
495.0, -96.0
521.0, -102.0
532.0, -121.0
540.0, -125.0
538.0, -123.0
496.0, -124.0
492.0, -131.0
500.0, -137.0
517.0, -131.0
516.0, -130.0
517.0, -151.0
497.0, -157.0
493.0, -161.0
484.0, -163.0
492.0, -183.0
517.0, -172.0
530.0, -149.0
533.0, -141.0
546.0, -152.0
541.0, -157.0
552.0, -174.0
545.0, -158.0
554.0, -158.0
570.0, -156.0
584.0, -173.0
603.0, -159.0
613.0, -157.0
617.0, -162.0
632.0, -157.0
624.0, -131.0
625.0, -116.0
624.0, -133.0
646.0, -123.0
646.0, -121.0
652.0, -137.0
653.0, -133.0
663.0, -140.0
669.0, -161.0
683.0, -166.0
680.0, -180.0
713.0, -193.0
693.0, -187.0
686.0, -174.0
691.0, -161.0
682.0, -167.0
703.0, -156.0
695.0, -150.0
689.0, -170.0
685.0, -186.0
691.0, -199.0
673.0, -188.0
690.0, -194.0
671.0, -191.0
678.0, -180.0
680.0, -196.0
682.0, -197.0
656.0, -201.0
653.0, -199.0
662.0, -202.0
669.0, -210.0
671.0, -223.0
680.0, -238.0
679.0, -240.0
675.0, -250.0
672.0, -247.0
691.0, -234.0
706.0, -229.0
718.0, -220.0
727.0, -212.0
716.0, -220.0
701.0, -207.0
707.0, -192.0
710.0, -183.0
703.0, -171.0
727.0, -164.0
707.0, -159.0
716.0, -130.0
691.0, -135.0
685.0, -129.0
692.0, -143.0
706.0, -157.0
712.0, -168.0
719.0, -153.0
723.0, -159.0
705.0, -163.0
694.0, -168.0
675.0, -161.0
677.0, -136.0
657.0, -126.0
648.0, -121.0
656.0, -134.0
641.0, -114.0
658.0, -107.0
671.0, -124.0
681.0, -118.0
697.0, -101.0
716.0, -107.0
731.0, -127.0
740.0, -146.0
704.0, -162.0
693.0, -173.0
696.0, -179.0
694.0, -181.0
706.0, -193.0
711.0, -176.0
701.0, -172.0
708.0, -178.0
692.0, -198.0
682.0, -196.0
703.0, -185.0
692.0, -180.0
689.0, -187.0
696.0, -191.0
697.0, -192.0
674.0, -211.0
678.0, -218.0
685.0, -235.0
693.0, -223.0
712.0, -204.0
716.0, -195.0
711.0, -197.0
724.0, -191.0
752.0, -194.0
757.0, -187.0
759.0, -178.0
764.0, -180.0
765.0, -196.0
762.0, -202.0
760.0, -203.0
775.0, -210.0
774.0, -214.0
786.0, -232.0
798.0, -206.0
814.0, -205.0
821.0, -193.0
823.0, -215.0
807.0, -210.0
830.0, -206.0
841.0, -200.0
874.0, -203.0
884.0, -199.0
892.0, -183.0
892.0, -198.0
881.0, -199.0
876.0, -206.0
876.0, -219.0
875.0, -230.0
893.0, -241.0
887.0, -226.0
913.0, -238.0
918.0, -227.0
900.0, -231.0
886.0, -242.0
901.0, -257.0
877.0, -238.0
885.0, -229.0
898.0, -231.0
879.0, -231.0
890.0, -244.0
908.0, -239.0
889.0, -247.0
887.0, -252.0
894.0, -272.0
889.0, -274.0
901.0, -263.0
902.0, -270.0
917.0, -267.0
918.0, -264.0
938.0, -269.0
935.0, -270.0
941.0, -259.0
939.0, -236.0
926.0, -231.0
927.0, -233.0
935.0, -227.0
937.0, -225.0
931.0, -225.0
921.0, -215.0
928.0, -201.0
917.0, -199.0
929.0, -195.0
912.0, -193.0
902.0, -202.0
895.0, -192.0
895.0, -199.0
910.0, -191.0
919.0, -191.0
900.0, -184.0
890.0, -188.0
894.0, -172.0
893.0, -161.0
902.0, -173.0
912.0, -177.0
903.0, -186.0
889.0, -201.0
897.0, -199.0
889.0, -206.0
887.0, -188.0
858.0, -178.0
875.0, -186.0
880.0, -185.0
902.0, -190.0
900.0, -172.0
887.0, -162.0
868.0, -183.0
876.0, -189.0
874.0, -170.0
875.0, -165.0
869.0, -158.0
849.0, -151.0
836.0, -123.0
839.0, -124.0
829.0, -123.0
821.0, -106.0
819.0, -119.0
813.0, -100.0
813.0, -95.0
830.0, -88.0
816.0, -122.0
820.0, -97.0
822.0, -104.0
809.0, -111.0
813.0, -103.0
817.0, -86.0
793.0, -90.0
781.0, -95.0
802.0, -93.0
779.0, -87.0
765.0, -82.0
776.0, -89.0
773.0, -100.0
788.0, -98.0
793.0, -74.0
783.0, -89.0
793.0, -81.0
774.0, -62.0
760.0, -68.0
754.0, -81.0
758.0, -78.0
749.0, -78.0
753.0, -84.0
751.0, -73.0
736.0, -66.0
734.0, -62.0
742.0, -79.0
746.0, -74.0
765.0, -58.0
757.0, -72.0
748.0, -58.0
747.0, -47.0
725.0, -46.0
724.0, -44.0
720.0, -55.0
725.0, -64.0
728.0, -84.0
729.0, -90.0
713.0, -70.0
710.0, -72.0
697.0, -68.0
708.0, -77.0
700.0, -84.0
684.0, -105.0
688.0, -105.0
717.0, -114.0
733.0, -105.0
726.0, -111.0
718.0, -122.0
700.0, -131.0
685.0, -114.0
679.0, -120.0
685.0, -133.0
689.0, -159.0
686.0, -147.0
706.0, -122.0
703.0, -133.0
680.0, -131.0
675.0, -135.0
682.0, -151.0
702.0, -141.0
698.0, -164.0
688.0, -175.0
672.0, -177.0
640.0, -166.0
630.0, -182.0
622.0, -192.0
607.0, -202.0
614.0, -215.0
591.0, -212.0
593.0, -214.0
606.0, -220.0
636.0, -203.0
612.0, -190.0
601.0, -182.0
615.0, -171.0
604.0, -173.0
597.0, -183.0
597.0, -193.0
596.0, -192.0
584.0, -208.0
585.0, -209.0
580.0, -235.0
594.0, -229.0
585.0, -212.0
578.0, -216.0
580.0, -215.0
569.0, -211.0
568.0, -207.0
589.0, -206.0
576.0, -218.0
569.0, -231.0
547.0, -228.0
532.0, -216.0
524.0, -236.0
516.0, -243.0
502.0, -224.0
507.0, -227.0
491.0, -227.0
459.0, -246.0
450.0, -224.0
444.0, -213.0
443.0, -200.0
447.0, -209.0
446.0, -208.0
442.0, -207.0
446.0, -217.0
450.0, -204.0
453.0, -189.0
446.0, -193.0
436.0, -185.0
421.0, -199.0
440.0, -211.0
448.0, -206.0
463.0, -207.0
444.0, -209.0
431.0, -224.0
415.0, -222.0
432.0, -231.0
431.0, -244.0
444.0, -248.0
411.0, -256.0
393.0, -250.0
390.0, -254.0
394.0, -236.0
381.0, -229.0
371.0, -235.0
388.0, -243.0
368.0, -250.0
351.0, -232.0
337.0, -213.0
307.0, -236.0
323.0, -249.0
304.0, -243.0
288.0, -232.0
296.0, -222.0
306.0, -222.0
280.0, -236.0
269.0, -224.0
277.0, -236.0
255.0, -254.0
279.0, -259.0
260.0, -264.0
249.0, -257.0
238.0, -263.0
253.0, -263.0
266.0, -258.0
287.0, -256.0
289.0, -255.0
276.0, -231.0
280.0, -231.0
279.0, -207.0
288.0, -206.0
300.0, -199.0
307.0, -199.0
290.0, -203.0
282.0, -201.0
256.0, -204.0
244.0, -199.0
229.0, -192.0
220.0, -199.0
219.0, -204.0
209.0, -197.0
201.0, -200.0
193.0, -199.0
198.0, -201.0
194.0, -197.0
204.0, -185.0
211.0, -164.0
229.0, -161.0
226.0, -156.0
226.0, -146.0
225.0, -164.0
214.0, -188.0
194.0, -181.0
197.0, -177.0
216.0, -175.0
220.0, -196.0
216.0, -190.0
215.0, -192.0
209.0, -198.0
203.0, -202.0
209.0, -215.0
209.0, -229.0
217.0, -225.0
234.0, -220.0
219.0, -209.0
235.0, -193.0
240.0, -184.0
215.0, -176.0
204.0, -175.0
197.0, -182.0
192.0, -178.0
215.0, -171.0
227.0, -185.0
228.0, -206.0
227.0, -217.0
215.0, -224.0
192.0, -237.0
225.0, -234.0
250.0, -242.0
247.0, -252.0
229.0, -266.0
222.0, -272.0
215.0, -245.0
225.0, -252.0
217.0, -272.0
242.0, -275.0
240.0, -263.0
220.0, -256.0
235.0, -270.0
244.0, -274.0
259.0, -266.0
252.0, -256.0
247.0, -245.0
239.0, -256.0
232.0, -244.0
219.0, -252.0
211.0, -247.0
220.0, -256.0
226.0, -260.0
214.0, -251.0
208.0, -264.0
201.0, -267.0
216.0, -273.0
222.0, -264.0
212.0, -256.0
198.0, -263.0
186.0, -270.0
191.0, -264.0
197.0, -258.0
195.0, -257.0
189.0, -267.0
182.0, -261.0
182.0, -266.0
172.0, -272.0
164.0, -264.0
153.0, -249.0
145.0, -257.0
154.0, -283.0
161.0, -290.0
156.0, -289.0
159.0, -285.0
137.0, -289.0
108.0, -299.0
105.0, -291.0
129.0, -293.0
131.0, -291.0
124.0, -290.0
130.0, -285.0
119.0, -266.0
129.0, -279.0
132.0, -266.0
127.0, -246.0
121.0, -224.0
136.0, -214.0
139.0, -218.0
124.0, -213.0
130.0, -214.0
115.0, -219.0
112.0, -227.0
129.0, -242.0
121.0, -245.0
120.0, -238.0
111.0, -231.0
85.0, -242.0
97.0, -234.0
81.0, -238.0
71.0, -243.0
84.0, -250.0
91.0, -263.0
84.0, -259.0
90.0, -259.0
94.0, -256.0
106.0, -267.0
92.0, -285.0
101.0, -275.0
92.0, -304.0
105.0, -311.0
113.0, -322.0
109.0, -322.0
94.0, -313.0
103.0, -316.0
99.0, -323.0
86.0, -324.0
82.0, -334.0
103.0, -338.0
105.0, -323.0
93.0, -328.0
80.0, -337.0
64.0, -313.0
78.0, -308.0
82.0, -290.0
82.0, -277.0
75.0, -296.0
65.0, -285.0
59.0, -303.0
49.0, -319.0
69.0, -319.0
76.0, -327.0
58.0, -334.0
52.0, -321.0
32.0, -307.0
24.0, -320.0
16.0, -340.0
16.0, -320.0
9.0, -303.0
13.0, -308.0
13.0, -320.0
13.0, -331.0
10.0, -318.0
-21.0, -319.0
-32.0, -331.0
-37.0, -315.0
-28.0, -312.0
-24.0, -324.0
-37.0, -322.0
-52.0, -323.0
-53.0, -316.0
-49.0, -320.0
-54.0, -317.0
-68.0, -311.0
-67.0, -316.0
-71.0, -321.0
-54.0, -329.0
-56.0, -333.0
-69.0, -331.0
-83.0, -316.0
-64.0, -357.0
-53.0, -357.0
-37.0, -362.0
-53.0, -357.0
-59.0, -340.0
-60.0, -344.0
-51.0, -333.0
-50.0, -323.0
-52.0, -314.0
-56.0, -317.0
-60.0, -319.0
-56.0, -334.0
-64.0, -328.0
-73.0, -319.0
-71.0, -327.0
-78.0, -320.0
-85.0, -339.0
-72.0, -323.0
-70.0, -333.0
-91.0, -323.0
-102.0, -305.0
-92.0, -311.0
-87.0, -315.0
-96.0, -312.0
-88.0, -300.0
-97.0, -296.0
-89.0, -310.0
-91.0, -307.0
-77.0, -291.0
-75.0, -289.0
-95.0, -282.0
-89.0, -261.0
-92.0, -271.0
-100.0, -294.0
-109.0, -288.0
-133.0, -309.0
-136.0, -328.0
-142.0, -347.0
-139.0, -362.0
-136.0, -352.0
-133.0, -337.0
-143.0, -316.0
-168.0, -318.0
-167.0, -317.0
-141.0, -310.0
-127.0, -331.0
-139.0, -340.0
-150.0, -347.0
-158.0, -326.0
-156.0, -308.0
-157.0, -313.0
-152.0, -340.0
-153.0, -341.0
-165.0, -338.0
-167.0, -325.0
-158.0, -332.0
-174.0, -314.0
-161.0, -308.0
-172.0, -308.0
-181.0, -303.0
-168.0, -302.0
-155.0, -286.0
-153.0, -280.0
-147.0, -309.0
-152.0, -300.0
-134.0, -298.0
-138.0, -290.0
-164.0, -305.0
-165.0, -337.0
-168.0, -349.0
-183.0, -339.0
-182.0, -334.0
-208.0, -349.0
-202.0, -325.0
-205.0, -322.0
-190.0, -329.0
-206.0, -331.0
-224.0, -329.0
-232.0, -334.0
-235.0, -332.0
-217.0, -332.0
-193.0, -321.0
-210.0, -319.0
-220.0, -315.0
-222.0, -317.0
-231.0, -324.0
-247.0, -312.0
-233.0, -309.0
-232.0, -314.0
-218.0, -292.0
-214.0, -299.0
-212.0, -307.0
-202.0, -311.0
-205.0, -299.0
-240.0, -285.0
-245.0, -286.0
-241.0, -289.0
-224.0, -291.0
-233.0, -294.0
-242.0, -278.0
-261.0, -282.0
-265.0, -275.0
-266.0, -279.0
-264.0, -263.0
-256.0, -291.0
-287.0, -307.0
-274.0, -302.0
-272.0, -301.0
-276.0, -284.0
-275.0, -272.0
-262.0, -259.0
-241.0, -271.0
-234.0, -275.0
-250.0, -272.0
-265.0, -274.0
-271.0, -279.0
-298.0, -289.0
-312.0, -282.0
-307.0, -261.0
-282.0, -249.0
-305.0, -249.0
-286.0, -264.0
-281.0, -265.0
-266.0, -257.0
-252.0, -266.0
-246.0, -266.0
-260.0, -281.0
-250.0, -304.0
-264.0, -302.0
-247.0, -288.0
-257.0, -303.0
-248.0, -299.0
-252.0, -283.0
-253.0, -279.0
-236.0, -290.0
-253.0, -282.0
-254.0, -262.0
-267.0, -260.0
-252.0, -279.0
-260.0, -277.0
-266.0, -280.0
-272.0, -287.0
-269.0, -289.0
-270.0, -294.0
-288.0, -297.0
-292.0, -289.0
-275.0, -286.0
-275.0, -261.0
-262.0, -270.0
-256.0, -253.0
-250.0, -264.0
-246.0, -283.0
-265.0, -286.0
-280.0, -283.0
-273.0, -294.0
-270.0, -283.0
-256.0, -273.0
-262.0, -268.0
-258.0, -272.0
-249.0, -267.0
-267.0, -270.0
-251.0, -276.0
-228.0, -274.0
-231.0, -287.0
-242.0, -297.0
-250.0, -281.0
-245.0, -302.0
-255.0, -304.0
-254.0, -318.0
-262.0, -297.0
-253.0, -294.0
-252.0, -321.0
-256.0, -330.0
-262.0, -340.0
-258.0, -334.0
-277.0, -350.0
-268.0, -366.0
-252.0, -373.0
-239.0, -360.0
-231.0, -362.0
-222.0, -370.0
-210.0, -368.0
-222.0, -367.0
-233.0, -370.0
-221.0, -370.0
-185.0, -369.0
-205.0, -364.0
-203.0, -380.0
-197.0, -373.0
-194.0, -373.0
-210.0, -361.0
-190.0, -367.0
-183.0, -368.0
-209.0, -350.0
-198.0, -356.0
-204.0, -334.0
-189.0, -346.0
-201.0, -343.0
-201.0, -348.0
-220.0, -371.0
-209.0, -351.0
-222.0, -358.0
-225.0, -356.0
-220.0, -354.0
-217.0, -365.0
-222.0, -366.0
-209.0, -360.0
-199.0, -360.0
-199.0, -374.0
-196.0, -382.0
-213.0, -385.0
-224.0, -386.0
-216.0, -385.0
-191.0, -377.0
-177.0, -363.0
-157.0, -347.0
-176.0, -376.0
-188.0, -355.0
-194.0, -345.0
-185.0, -352.0
-182.0, -357.0
-161.0, -357.0
-160.0, -347.0
-166.0, -316.0
-174.0, -318.0
-158.0, -324.0
-171.0, -325.0
-180.0, -309.0
-164.0, -293.0
-146.0, -295.0
-155.0, -301.0
-140.0, -295.0
-126.0, -316.0
-125.0, -306.0
-135.0, -323.0
-134.0, -336.0
