50, -61
-61, 19
-49, -77
-38, 71
166, -82
-23, -137
-38, 28
-99, -159
45, 27
-58, -125
109, -107
35, -140
29, 84
8, 36
-26, 174
95, -20
1, 62
-147, -197
47, -19
-26, 20
72, 22
141, -120
-105, -1
-51, -48
-102, 56
100, -81
-198, -115
22, -92
-79, 108
-33, -200
-27, 67
73, -22
-56, -17
-88, 99
-21, -5
81, 22
-37, 59
44, 26
8, 7
8, -195
51, 27
-65, -45
-28, -42
-59, 80
-51, -80
44, 0
35, -21
47, 97
34, 41
-40, -34
-57, 30
58, 63
27, 102
103, 102
0, 18
-52, -11
-19, -3
-39, 18
-36, 35
0, 60
-8, -39
0, 120
-82, -64
18, 15
-46, -74
85, 47
-117, 30
35, 134
-57, -64
19, -3
-13, -179
221, 61
-1, 66
30, 42
-59, 3
69, -25
5, 63
-10, -36
122, -62
47, -37
44, 34
-81, -19
69, -39
33, 26
116, 4
-118, 18
36, 85
37, 22
-73, -48
47, 9
38, 30
15, -69
-122, 2
6, 45
0, 46
34, -64
114, -70
-24, 38
-97, 70
2, 6
-113, 15
-58, 26
-6, -33
17, 2
-1, -18
42, 89
-34, 143
-15, -22
-18, 83
150, 66
-26, -93
-29, 14
56, -118
28, -77
44, 42
-105, -91
80, 99
-47, -51
59, -58
-42, -124
-5, -17
49, 25
32, 10
111, 52
-9, 42
-41, -17
40, 45
82, 67
83, 39
174, 68
101, 5
1, 55
-124, 29
121, -122
74, -148
46, -56
-115, 57
133, -69
39, 19
-30, -44
-10, 64
-102, 24
115, 21
35, 50
4, -15
-57, 12
-25, -94
5, -30
-34, 35
-68, 38
61, -55
86, -43
-32, 31
82, -52
28, 97
112, -41
-51, -53
66, -27
39, 0
-72, 4
-15, 1
-45, -42
-56, -39
-61, -119
39, -24
0, 95
148, 3
-100, -24
-18, -75
-14, 2
122, -36
-221, 32
64, 4
-1, 83
53, 50
74, -77
42, 49
-1, 81
120, 78
-30, -17
18, 93
1, -59
-72, -32
-64, -12
75, -42
43, 13
94, 0
-15, -19
-12, 17
64, -45
-2, -84
4, -41
20, -15
40, -23
62, -103
-72, -129
-127, 0
-54, -94
-55, 22
6, -28
-9, 0
-40, -64
160, -32
86, -15
1, 38
-15, 12
134, 42
107, -47
-23, -75
64, -48
-62, 55
-93, -68
-9, -17
124, -98
5, -39
-96, -63
60, 114
68, -103
99, 22
66, -58
14, 46
42, -4
-152, 39
-37, -2
-49, -28
-15, -114
-28, 74
77, 60
-38, -50
-24, 63
24, -14
54, 80
-72, -122
27, 26
73, -26
15, -2
81, 16
-52, -23
17, -88
57, -22
72, 38
-52, 52
-52, -54
75, -29
-6, 27
51, -68
-109, -133
84, 42
-38, -1
0, 10
5, -28
76, 8
57, 35
63, -41
-21, 126
16, -46
-66, 73
9, 61
11, 62
-48, -103
51, -131
54, -29
2, 23
-3, -17
39, 82
-34, -9
-131, 21
-38, -56
25, -33
-119, -43
-112, -30
-33, -88
36, -29
42, 171
34, -20
70, -194
155, 28
-61, 90
15, -35
-54, -17
-29, 28
-21, -2
51, -2
-38, 0
15, 80
77, 55
34, -8
131, -2
-72, -76
17, 54
-37, 79
105, -56
39, -6
-10, 20
-3, -68
216, -36
52, 45
69, 40
47, 8
-18, -67
10, 2
-41, 58
-3, -71
60, 122
-13, 34
-66, -5
-15, -176
51, -57
-131, -75
20, 27
75, -60
0, -31
-86, 57
1, -14
-44, 7
-19, -35
-31, 26
64, 10
0, 66
-81, -51
15, 0
70, 22
-78, -26
-56, 21
-16, -66
-55, 56
0, 27
-55, 191
122, -1
-79, -138
-154, -54
46, 39
89, 13
42, -76
-84, -27
83, -21
18, 12
12, -17
72, -155
6, 17
44, 70
-19, 77
-1, -48
-128, -43
55, 137
-10, -3
89, 51
28, 2
-88, 39
-150, 2
108, 76
137, 94
62, 62
8, -25
100, 106
100, -14
66, -74
27, 30
32, -17
-23, -1
73, 25
26, 22
11, 121
118, -53
50, 58
70, -90
22, -13
-2, -47
-8, 42
37, -129
104, 48
18, 30
-124, 20
-129, 7
-102, -92
-30, -18
-72, -45
-108, -36
25, 91
67, 6
-22, 20
-26, 39
-81, -4
-76, 77
-12, -26
-65, -111
-51, -15
-139, -244
87, 34
-22, 22
-21, 24
6, -60
15, 141
1, -178
-120, -65
-11, 97
85, -101
-75, 112
25, -108
-62, 25
-41, 0
-82, -102
91, 20
-35, 49
-21, -65
1, -66
26, 43
50, -31
-93, -28
-128, 4
82, -14
34, -188
-27, -71
49, 11
31, -141
109, 63
18, 28
-82, -29
-31, 21
92, 29
8, 82
-77, 20
12, 37
104, 50
105, 20
-40, 13
-1, -68
-141, -162
64, -86
-94, 9
14, 14
6, -9
71, -123
-38, 110
4, 24
0, 5
11, 28
98, 68
221, -7
31, 0
22, 17
26, 41
23, 45
36, 43
60, -39
-68, -119
24, 151
42, -69
-59, -23
-45, 3
-2, -8
135, -21
42, -70
-70, -54
-69, 67
16, -91
46, -13
49, -102
36, 68
-3, -35
13, 15
77, -79
-25, 102
-84, -70
28, 93
-10, -78
-9, 74
-87, 61
118, 28
-116, 3
-95, 0
68, 22
-70, 97
-40, -30
-40, -51
-32, -13
-163, 78
-48, -26
-28, 0
43, -3
-49, -44
11, 49
101, 86
136, -44
23, 41
-64, 83
73, 30
-88, -5
36, -71
125, 9
-71, -93
-112, 52
28, -2
95, -106
12, -20
76, 123
-96, -40
70, -18
-74, 17
31, -27
63, -37
-161, -5
-48, -72
-77, 86
-39, 51
26, -61
4, -33
171, 58
6, 76
-114, 47
139, -18
9, 22
49, -136
-13, -75
-66, 55
134, -25
-91, 33
-39, -76
-186, 25
-71, -32
123, 40
61, 87
-30, 24
17, -52
126, 86
-6, -37
2, -21
121, 81
-38, -70
-73, -27
0, 14
22, 3
0, -146
-12, -2
17, -39
-3, -31
24, -104
-142, -74
-88, 15
-140, 67
51, -76
-106, -48
-9, 23
9, 44
84, 20
-17, 56
54, 100
-73, -112
-46, -30
-166, -26
37, -77
-56, -5
-28, 74
-18, 53
-32, 43
-36, 143
-43, 84
66, 16
94, 96
1, -30
162, 94
-67, -33
-67, -25
11, 133
-39, 111
6, -35
-39, -162
-40, -57
8, 95
22, -71
51, 51
20, -15
-87, -25
2, -19
-14, -70
-87, 5
65, 36
138, 9
108, -17
-13, -28
-41, -29
67, 77
53, -124
72, -46
35, 80
57, -3
-41, -84
-10, 180
148, -9
-54, 26
-45, -119
48, 132
-3, 6
-37, -28
59, 73
79, 20
40, 60
18, 94
-8, 82
57, -48
11, 79
35, -48
58, -55
-82, 25
87, -164
-26, -142
-8, -36
-2, 28
-65, -34
-127, -97
45, -7
66, 79
-109, 25
-46, -186
52, 4
4, 107
-82, 36
-61, 169
-81, 43
-149, 36
84, -54
72, 47
76, 70
-116, -25
-10, -54
-42, 97
39, 167
-63, 64
66, 48
-38, 6
-28, 84
-39, 77
-45, 94
41, 56
137, 24
61, 31
-67, -81
44, 5
0, 49
69, -12
25, -50
69, 60
-45, 56
-16, 42
-1, -14
-33, -32
20, -24
9, 38
116, 16
53, -86
-1, 17
-8, -79
119, -2
8, 94
-26, -60
-7, -57
37, -78
86, 25
134, 7
-108, -24
-43, 137
40, -17
-55, 7
70, 58
-14, 57
-15, 45
-44, -21
-7, 106
189, 31
-22, -65
-21, 60
-123, -11
35, -17
12, 38
50, 6
-109, 25
60, -61
-26, 12
-81, -71
5, 183
-66, -22
9, -82
-7, 127
35, -17
150, -120
-7, -122
69, 51
3, -85
-23, -41
46, 1
-50, 13
206, -64
-59, 1
57, -9
-119, 187
6, 12
-34, 67
15, -99
108, -80
-77, -33
-3, 24
-42, -121
14, -26
68, -62
19, 57
31, 31
-119, 90
-68, 30
-79, 20
-24, 109
-82, -20
-10, 36
154, 40
-51, 120
40, -38
35, 46
26, -59
-121, -47
44, -65
-92, 12
-41, -13
41, -15
40, 82
-51, -46
-69, 24
16, 51
187, -60
40, -46
-1, -155
-34, 74
-91, 50
22, 86
9, 114
-99, -65
-5, 35
66, 69
5, -40
23, 77
11, 54
-144, -152
1, -48
14, 62
101, 59
-41, 38
34, -134
-60, -20
50, 38
-96, -70
0, 14
-44, -118
-62, 56
-29, -12
29, 39
-2, -19
-91, 29
40, -73
-31, -49
2, -55
128, -66
-108, 13
-24, -8
-24, -23
7, 4
27, 8
76, 0
22, -8
116, -111
-92, 70
1, 0
-25, 147
-59, 106
46, 19
4, 90
123, -112
117, -5
55, -50
-38, -5
72, 93
13, -22
21, -54
-77, 87
-41, -13
57, -89
-49, -12
21, 33
-68, 37
35, -38
-29, 44
49, 96
-144, -139
25, 19
18, -133
13, -174
74, -68
120, -63
67, 34
-16, 9
-42, -65
-87, -15
-30, 60
-10, 0
87, 55
-119, 166
62, -22
-85, 47
89, -17
-139, 44
133, 85
44, -57
16, 101
60, -165
32, 110
-39, -74
66, 119
-5, -94
-99, 58
40, -68
-18, -127
-12, 24
61, -54
-112, 83
-89, -73
75, -95
-155, 4
-6, 10
55, -49
105, -100
-88, 122
26, 41
31, 55
57, 84
48, 97
37, 159
44, 55
-32, 2
48, 34
127, 58
-77, 53
-24, 178
62, 15
1, 75
-79, -50
-30, 56
26, 48
-41, -20
15, -93
128, 72
3, 81
96, 15
20, 42
47, -102
-9, 52
3, 15
44, -8
6, 78
86, -44
-65, 50
41, 57
-93, -49
-74, 52
-96, 96
43, -55
-109, 94
-65, 5
62, 4
-83, -120
63, -66
61, 18
-78, -42
8, -14
11, -67
37, 43
-11, -52
89, 45
19, -76
6, -72
-63, 56
16, -39
-61, 2
25, -9
83, 11
-21, 33
34, 25
0, 101
-62, 13
-94, -32
92, 65
38, 132
6, 110
53, -160
12, 47
-16, 77
-58, 43
94, -58
63, 87
-36, -138
-28, -59
-20, -48
50, -26
101, 27
145, 14
-91, -110
-114, 13
88, -33
-17, 49
13, -52
-2, -25
24, 37
12, 5
-132, -32
-59, -36
-163, 73
116, -43
-55, 58
14, 4
-91, 7
34, -52
32, -106
-111, 37
1, -53
-25, 9
-34, 9
14, -20
-29, -64
-10, -150
-105, -98
1, 169
65, -126
62, 58
10, 53
-156, -194
81, -11
89, 22
3, -36
-74, -43
-69, 71
3, -30
99, -74
-15, 19
176, 43
72, 81
-64, 41
-35, -46
-36, 142
14, 4
-11, 26
-112, 23
48, 42
-52, 125
126, -67
8, -52
-55, -12
14, 31
50, 46
29, 163
7, -13
-32, -20
-53, -58
-67, 3
-83, 2
56, -49
-70, 29
102, 2
-41, -5
-64, 75
162, 2
74, -166
20, -57
65, -56
150, 68
-50, 42
-119, 39
38, -131
59, 120
-39, -100
-8, -70
47, 101
6, -67
101, -18
-82, -93
120, -18
64, 106
39, -78
-54, 64
-43, 73
1, 146
-56, -108
-88, 49
-38, -46
-139, 9
-29, 49
-55, 23
0, 48
66, -61
69, 148
9, 12
-27, 28
14, 35
-30, 93
-78, 128
49, -157
-151, -6
-3, 31
16, 9
19, 41
59, 27
-90, 26
93, 108
-40, 104
30, 6
-106, -27
28, 71
30, -27
59, -47
38, -11
-45, 70
-68, 11
-65, -4
-94, 10
47, -25
59, 79
-37, -28
-95, -15
56, 23
-98, 132
22, 50
7, 26
54, -4
8, 20
-66, -44
18, -9
-53, -47
101, 1
-87, -86
-75, 68
-15, -7
84, -10
-24, 17
27, 107
-19, 20
6, -81
-6, 9
9, -181
21, -60
-58, -76
178, 67
75, 59
-35, 36
95, 0
137, 40
38, 34
180, 57
-69, -158
55, 6
-70, -103
43, 60
-46, 196
-66, -34
-103, 41
5, 0
86, 21
-42, -60
-142, 73
61, 49
-44, -13
1, 37
-52, -58
50, 57
16, -66
-161, -36
27, -86
37, -46
-45, -108
-148, 48
-128, 79
-64, 1
-32, 26
29, -105
-30, -29
-63, 79
-119, 30
41, -19
33, -89
87, -27
15, -67
10, 139
118, 24
-46, 90
14, -28
-86, 3
2, 95
-68, -52
69, -67
-58, -18
6, 20
42, 15
80, -30
3, 31
72, -8
93, -22
2, -46
-38, 18
42, 7
-155, -92
29, -117
28, -15
-58, -120
-57, 2
-5, 143
114, 67
-62, -17
103, -25
38, -74
37, -50
70, -49
-9, -18
37, 72
-36, 58
-47, -50
100, -16
46, -34
48, 57
-127, -64
70, 163
13, -52
-65, 118
87, 136
-7, 78
145, -48
13, 11
-2, -56
-88, -27
43, -109
61, 77
-59, -2
-103, 20
-11, -24
93, -1
13, 7
29, 85
89, -12
70, 13
51, -25
-122, -27
-104, -135
9, 111
16, 114
-70, 46
20, -161
-75, 59
-50, 104
-15, -35
-53, 4
29, 20
15, 24
-66, 31
63, -5
-36, 96
-14, 8
-103, -121
-55, -42
13, 135
26, -112
-105, 90
-76, -78
-46, -114
-64, 65
47, 26
9, 81
-60, 38
-5, -25
-65, -42
-4, -96
152, -16
-27, 94
120, -46
-43, -13
93, 10
31, -111
78, 178
149, -8
-41, -46
55, 13
-162, -54
-54, -3
-42, 52
-5, -77
49, -54
-153, -3
44, 80
-54, -60
-13, -6
-44, 166
-101, 25
-15, -51
-132, -106
-15, 11
69, -38
-56, -45
-176, 68
-110, 0
-144, 158
26, 116
-75, 54
-8, -112
-51, -71
-90, 88
-53, 2
26, -29
-190, 2
-25, 37
7, 85
189, -4
9, -93
-17, -29
91, 14
-2, 43
77, -13
80, -25
-109, -34
-153, 39
77, 10
24, 25
-33, -111
-54, -148
-105, 79
-26, 24
10, -11
-3, -101
78, -37
71, -12
111, 43
17, -36
89, 97
39, 106
42, -39
-11, -2
-91, 30
-100, 83
-113, -31
70, 76
-184, -12
59, 34
79, 22
47, 6
-124, -81
-103, 66
34, 1
40, -9
40, 36
73, 56
-92, 20
12, -71
58, -96
53, 41
-95, 157
-54, 92
-65, -61
28, 122
84, 7
79, -45
-66, 67
-35, 15
-41, -50
-33, -109
-27, 97
-92, -97
-11, -51
-8, -89
-41, -116
135, 30
-169, 87
-8, -113
38, -83
20, -77
-64, -159
-90, 19
-42, 149
-129, -59
-57, 49
183, 40
72, -26
52, -5
-112, -76
-82, -34
-10, -125
51, 48
-13, -43
-7, -70
97, 24
117, 22
-85, 28
-7, -72
48, 85
71, 73
30, 125
-75, 55
-88, -165
-60, 5
13, 114
-25, 39
29, -54
171, -2
44, -6
39, 53
84, 29
-12, 110
15, 94
-62, -59
61, -20
-12, 5
-97, -93
101, -68
72, -14
-40, -67
-9, 157
-70, -66
-82, 35
-149, 17
-82, 11
13, 39
-50, -53
140, -11
43, -27
85, -63
-37, 14
-96, -25
65, -17
-12, -57
14, -40
63, 28
0, 2
-1, 85
185, -38
-178, -7
0, 1
-25, 47
-176, 118
-6, -24
70, 34
-25, -4
30, -51
-105, 135
78, 86
18, -154
17, 73
-24, -42
-99, 194
-45, -20
-88, -46
-24, 89
70, -128
8, -90
11, 116
-41, 25
-109, -56
-37, -173
-48, -6
-107, -30
-61, 67
-20, 118
-24, 10
53, 23
14, -44
-104, 48
-82, -47
31, -51
-78, 32
-39, -17
-34, 7
118, -57
40, -157
9, -35
-43, -44
48, -129
-30, -95
-1, -77
-22, -138
84, -32
115, 73
17, 42
-35, -62
21, 144
-6, 50
-13, -9
52, 168
0, -82
20, 140
-27, 50
83, -107
10, -51
132, -187
-144, 36
-90, -37
36, -18
-75, -62
-170, 0
53, -55
-1, -5
144, -79
87, 75
-27, -45
-71, -112
68, -100
-37, 123
-114, -46
-104, -101
0, -19
-9, 14
-25, 27
-65, 77
134, -26
35, 149
-4, 26
-19, -90
-53, -17
-14, -76
-15, 0
128, -154
-74, -47
-10, -66
-9, 28
57, -20
-30, 69
79, 72
-92, -5
-54, -24
7, 21
49, -134
-4, 0
64, 140
31, 33
-32, 37
112, 44
-134, -48
-61, 25
16, 22
125, 64
145, -37
12, 17
-53, -101
50, -37
58, 39
145, 16
-80, -48
12, 0
35, -51
-32, -47
-89, -28
-65, 24
-66, 90
-27, -78
-45, -48
11, -87
-82, -38
30, -10
-18, -42
-129, 56
-5, 37
118, -5
-13, 66
-97, 143
-84, 1
-36, 15
7, -8
17, 31
-41, -192
-15, -58
21, 28
53, 33
-14, 37
4, -9
4, -111
-53, 21
61, 69
-121, -64
26, 56
96, 10
-74, 45
70, 48
121, 46
32, -30
126, -80
179, -2
145, -138
77, -88
4, 70
-41, -34
-131, 64
-121, -25
-53, 5
9, -108
-85, -15
-133, -35
-66, -111
-52, 61
-24, -50
34, 37
25, -50
-2, 162
-6, 8
51, 1
37, -8
-34, 121
24, 155
-89, 55
55, 23
99, -38
-67, -84
-54, 5
65, -1
126, 57
35, -34
-55, 103
1, 14
17, -17
11, -50
45, -83
-39, -60
-76, -71
-206, 19
14, 57
70, -39
-39, -107
5, 108
32, -36
129, 89
151, -58
-64, 18
-79, -27
-108, -4
22, -23
-1, 73
-55, -8
-121, -49
-28, 55
-47, -62
-45, -86
19, 0
53, 50
-109, -39
17, -131
65, -18
-84, -29
-35, -29
-115, -72
99, 43
105, -70
11, -44
-6, 58
8, 45
21, -110
30, 41
65, -95
-122, -66
-57, -4
0, -33
107, 61
-42, 33
185, -29
-93, -44
12, -99
-21, 33
-18, 50
79, 119
12, -48
70, -65
124, -59
-35, -53
-84, 42
11, -18
30, -125
62, -89
122, 92
-13, -65
49, 101
-41, 36
-51, 84
-34, -104
-44, 174
116, -127
-19, 66
-42, 79
88, 68
-55, -24
43, -63
0, -4
67, -76
78, -35
-38, 147
-164, 39
88, -54
100, 30
22, -25
75, -51
153, 69
-46, 114
-8, -10
53, -67
56, 66
-35, 2
38, -88
56, -19
2, -24
-26, -102
-65, 35
60, -83
18, 58
134, -51
86, 31
53, -109
-8, 54
75, -17
-14, -19
121, 10
27, 99
-66, -59
-29, 14
34, 59
-62, -5
-59, -81
12, 27
60, -110
128, -45
-12, 115
-67, -6
0, 86
15, -27
35, 51
-19, 64
-109, 14
4, 50
12, -43
-47, 88
13, 40
122, -100
17, -36
22, 25
-85, 0
83, -48
95, -90
-3, -64
-70, 39
-17, -110
-56, -109
-176, -36
97, -25
121, -3
-20, -22
9, -21
67, -52
-19, -36
83, -60
-21, 0
10, 41
77, -66
-43, -144
73, -72
2, 42
138, -42
-27, -29
3, -32
-45, 64
47, 24
-64, -40
-22, 38
-19, 21
-27, 50
19, -18
67, -40
-18, 69
1, 2
98, -77
-112, 17
-54, 86
47, -13
-20, 49
-16, 50
-55, 82
22, 26
1, 2
-44, -34
-13, -133
79, -8
10, -3
57, 63
32, -93
88, -34
12, -40
80, -160
41, 90
16, 5
57, 16
37, 67
40, 106
40, 2
98, 20
-72, -59
-69, -7
-29, 4
-12, -89
15, -31
42, -13
-75, 14
110, 80
-13, -10
38, 17
20, 25
99, -31
-165, 97
-74, -80
46, -23
90, -87
-18, 59
-2, -15
0, 90
39, 111
20, 53
-16, -16
144, 58
-75, -16
-47, -1
80, -66
24, 86
3, 170
-25, -96
-51, 1
-48, 9
0, -128
-165, 7
99, 24
61, -57
-21, -48
-147, 37
186, 37
-189, -79
38, 6
-11, 8
-53, 104
-67, 77
23, 128
24, 26
-40, 47
-37, -15
-114, -201
-49, 115
-50, 53
14, -59
-84, 0
33, 93
-142, -16
-34, -11
-38, -27
-22, -62
48, 52
-95, 36
63, 8
54, -63
10, -84
-50, 116
8, 135
152, 32
-3, -43
-85, -78
-46, -39
7, 87
7, 127
-16, -134
-119, -49
-42, 75
-99, 50
-19, 85
5, 0
117, 58
-159, 13
-77, -19
16, -92
90, 89
-56, -52
-6, -26
-74, 31
-54, 77
55, 94
-47, 15
-26, -41
52, 48
-127, 35
-85, -69
52, 59
-17, -13
142, 27
122, 112
-22, 55
-48, -19
114, 42
-61, 31
-42, 99
-45, -10
24, -144
-65, -42
120, 116
-90, -34
36, 6
4, 69
21, -32
-97, -87
-20, -116
19, -63
35, 17
55, -87
135, -12
42, -25
-36, 7
81, -15
110, 18
-10, 80
24, -96
-110, -30
68, -145
29, 136
45, 108
79, 37
56, 85
-57, -39
15, 35
-56, 122
-8, 67
-59, 14
54, -11
59, -41
-94, 68
-10, -2
60, 69
-85, 116
69, -59
-9, -43
-32, 68
-51, 31
-59, -50
40, 29
-28, 35
-36, -26
61, 51
-112, -60
36, -43
25, 14
-99, -10
-23, -20
11, -60
59, 108
118, 155
69, -105
-32, -73
-98, -19
74, 52
24, -200
-44, 79
-34, 38
128, 0
-43, -39
-55, 33
-85, -15
-10, -19
17, -74
-32, 50
21, 43
30, 43
29, -129
-26, 113
67, -42
-121, -5
-162, 129
33, -140
-8, 5
92, -66
-65, 46
-73, 17
-83, -58
-82, 6
36, -107
11, 50
-61, -50
-66, 68
-8, -60
-25, -71
-46, 116
7, 71
-82, -114
-26, 42
-173, 7
15, -58
-28, -122
74, 130
13, 3
-20, 27
82, 38
-136, 89
-28, 132
-6, 50
8, 98
-36, 62
134, 26
54, -78
85, -88
8, -117
-35, 15
-24, -54
-8, -109
123, -181
4, 41
30, -16
90, 120
-120, 21
-44, -100
28, -4
45, 128
-30, -110
-31, -118
-145, 1
3, -31
84, 1
-80, 11
104, 39
-38, -19
101, -12
12, -45
156, -18
56, 28
75, -64
7, 53
-6, -83
12, 5
1, -142
-59, 49
105, 14
-28, 53
63, -32
-5, 10
-2, -17
-68, 71
-35, -21
109, 9
-146, 36
80, -7
-67, -35
-124, 139
-69, 80
-139, 74
-22, 0
63, 124
65, -39
-75, 26
-24, 44
61, -6
-22, -11
18, -137
-25, 72
14, 19
-18, 64
27, -115
-35, -141
22, 0
-40, 12
67, -25
23, -52
-106, 27
96, 13
33, 101
-27, -31
72, -77
-10, 20
-28, -38
-12, -35
-31, 38
110, -39
-74, -122
33, -26
74, -36
143, 67
42, 32
-10, -80
-38, 78
-4, 27
-24, -13
-70, 62
-16, -13
-63, -118
0, 28
-39, 143
29, -2
-17, -67
-199, 120
59, 55
-10, 142
-59, -65
26, 18
126, 85
-102, -168
-27, -68
28, -77
-10, -50
99, 14
-80, 35
46, -97
41, -142
-89, 13
-63, -10
84, -84
-27, -90
-93, 87
-45, 28
15, 16
46, -177
64, 30
46, -25
-56, -76
-7, -77
-73, 40
-2, -23
64, -59
-19, -65
-60, -55
-79, 11
2, 35
-83, -68
-18, -30
6, 1
-57, -54
-62, 2
-74, -102
64, 39
53, 78
19, -1
-23, -16
-34, 4
-193, 47
-41, -158
-39, -12
-51, -50
16, -95
-44, -50
-89, 9
49, 72
-12, 41
-81, 75
-62, -73
136, -31
66, 83
21, 50
-5, -51
2, -18
-11, 84
26, 82
18, 109
-72, -59
-20, -12
-28, 120
37, -72
-28, 18
-49, 56
-56, -21
-14, -77
8, 112
28, 88
-7, 175
-35, -90
94, -119
-4, -56
63, -23
-90, -84
-46, 0
-77, -82
-77, 32
112, 16
-54, -18
94, 88
-130, -86
174, 32
-32, -35
-8, -66
-134, 7
-127, -23
69, -9
68, -52
-21, -10
27, 70
86, -45
-22, -30
13, 35
-46, -172
30, 38
-33, 86
-39, 82
65, 64
117, -178
168, -3
83, -86
24, -6
-58, 100
-99, 43
63, 92
-22, 34
-155, 29
4, -123
79, 8
-24, -100
-133, 48
-174, 29
91, -50
-26, -85
69, -98
-31, 39
-26, -151
74, 86
-67, -45
-14, -28
-66, 96
113, 19
76, 60
48, -5
98, 42
-157, 122
44, 52
-132, -88
-18, -64
53, 34
-38, 20
20, 6
-125, -33
68, 12
4, -92
-37, -4
-64, 59
-14, -130
-86, -50
-23, 50
22, -13
14, 118
30, -91
-85, 87
25, 2
132, 70
55, -143
-49, -87
-6, 46
-50, 83
62, 10
43, -84
-37, 1
-37, 50
-12, -25
-82, -107
-29, -45
-7, 41
-81, 3
-5, 131
-64, 54
-137, 42
43, 63
32, -15
49, 38
-48, -63
77, -2
41, -34
27, -118
71, 33
-85, -35
22, -58
52, -17
145, -35
5, 65
103, 43
-101, -188
108, 22
148, -7
-33, -146
29, 68
-78, -74
24, 18
-42, -1
-163, 133
7, 3
154, 51
-56, -94
-23, 53
-83, 50
29, 77
-32, -67
173, 35
-3, -41
-18, -3
29, 43
119, -39
38, -58
-6, 109
3, -14
-56, -21
-57, -159
96, 134
145, 73
49, 39
-74, -26
-4, 65
-33, 105
-55, -13
-48, -20
-28, -171
39, -4
24, -14
-54, 87
86, 49
-67, 75
-79, -109
41, -97
118, 31
92, 93
114, -53
90, -43
111, -8
-119, -27
83, -17
-95, -37
13, 124
7, 6
-3, 1
16, -16
73, -107
-127, 55
-62, -26
-4, 47
-24, -54
119, 22
-258, -4
0, 38
153, -30
41, -63
3, 18
-87, 109
50, 11
-63, 11
0, -26
-33, 58
116, -1
46, -68
-105, 26
-101, -20
-24, 35
61, 12
60, -36
102, 98
-12, 16
-70, 7
40, -82
-176, -34
-41, 26
-75, -47
-5, -20
5, -62
-64, -12
48, -84
-199, -58
42, -49
8, -58
-31, -21
-45, 13
12, 169
111, 74
-48, -31
-148, -7
0, 49
64, -62
-30, 49
-2, 11
-138, -33
-162, -96
-5, 45
-35, 88
-24, -144
92, -75
-32, -9
88, -70
9, 65
53, -61
-48, -7
87, -125
47, -56
93, 119
-69, -14
-133, -84
9, -50
5, 8
115, -41
-50, -58
-35, 7
29, 27
3, 141
-148, -55
-73, -23
6, -51
-42, -144
4, 23
-89, -40
-44, -81
-18, -82
24, -25
-48, 34
-27, -48
-17, 27
95, 19
11, 87
-84, -89
-22, -130
-81, -9
-29, -64
20, -11
45, -18
-6, -92
277, -15
13, 73
-33, 104
84, 14
213, 76
-9, 12
13, -73
-67, -1
15, 110
35, 94
5, 13
85, 10
-85, 26
-85, 114
1, 23
-28, 154
80, 3
-47, -11
-141, 41
57, 24
-6, -49
-59, 116
22, -145
8, -57
-89, 22
-6, -124
49, -16
35, 7
-10, -29
9, -13
100, 33
-65, -12
49, -76
-42, 59
-113, 40
57, -60
27, 1
-100, 40
12, -61
-78, -4
29, 124
-22, -57
-80, -43
-71, -62
-122, 103
42, -176
-28, 38
-44, -74
66, -108
-64, 132
-93, 52
54, 144
-11, -68
32, -17
167, -56
-48, 38
127, 20
24, -43
0, -35
-74, 57
5, -15
112, 76
-24, 31
-12, -109
-18, -3
-125, 140
-100, 21
91, 167
132, 64
-15, -21
28, 17
-38, 8
-19, -36
15, 107
50, 87
31, 130
-99, 14
10, 92
0, 58
-9, -111
96, -78
-85, -26
46, 59
84, -76
-29, 115
16, -35
-57, 80
-47, -5
23, 86
-37, 49
-170, 30
-169, 44
110, 57
57, 88
72, 67
7, -25
77, 64
3, 34
57, -67
-4, 78
2, 20
-21, 126
-108, 27
-62, 0
19, -53
9, -79
94, -87
14, 162
30, -40
-149, 37
12, 53
-32, 34
-92, -35
-76, -46
-9, -69
38, -42
23, 94
26, 45
-35, 147
50, -51
46, 78
48, -73
9, -38
16, -63
-38, 13
-70, -101
3, -5
1, -36
1, -56
-50, -6
112, -73
98, 34
-4, 83
-110, 98
62, 0
101, -26
-32, -53
126, 91
-55, 23
27, 75
-100, -61
-9, 111
39, 184
-18, 19
-61, 56
-79, 25
-61, 128
100, -63
-188, 79
50, -61
78, -86
7, -39
-47, 69
45, -82
-53, -17
53, 61
11, 38
-87, 130
22, 23
-50, -85
76, 71
107, 14
-107, 80
60, -33
70, 59
41, 3
0, 114
-83, 12
54, -13
-51, -115
44, -29
-24, 6
-26, 1
-34, -62
94, -19
22, -56
92, 44
23, 3
68, -8
-16, 13
149, 3
-99, 5
-8, -43
-127, -78
108, -83
0, 106
65, 26
-80, -13
132, 69
-11, -19
-37, 16
-176, -5
7, 14
14, -101
-7, -21
22, 31
15, -1
-63, -6
-16, 77
-46, 0
2, -20
37, 47
16, -121
-123, 133
-61, 56
113, 185
40, -84
147, -34
101, -56
109, -78
19, 113
69, -52
-60, -48
16, -107
111, -116
52, -34
55, -44
-82, 125
-63, 33
-66, -11
94, 30
-151, 34
-77, -30
-12, -11
0, -123
-19, 16
54, -17
71, 46
-55, -13
-27, 45
-125, -29
-47, -23
-2, -40
29, 1
7, 67
100, -67
-22, -83
-149, 28
-223, 67
75, -29
-44, 129
51, 54
-59, -154
0, -12
42, 156
67, 0
-1, -5
72, 10
-10, 155
-27, 32
-113, -93
24, 55
-4, -39
-1, -30
-152, 160
-18, 153
16, -74
-8, 31
4, 60
-35, 132
-28, 46
-74, -49
-59, -66
-4, 16
-19, 3
26, -110
-55, -111
25, 27
-54, -86
75, 10
107, -88
-53, -68
36, 116
44, -80
-63, 90
82, -81
-54, -67
-87, 28
25, -6
-61, 216
-46, -30
21, 25
12, -19
62, -32
-49, -47
89, 143
25, 52
-3, 30
-54, -122
-92, 89
-31, -31
-55, 47
106, 164
-48, -11
-111, 82
115, 279
14, -39
164, -52
-60, 56
158, 35
10, -10
-38, -82
-5, -140
43, 81
-30, 20
13, 78
27, -23
-52, 48
119, 30
-28, 66
80, 95
127, 158
-128, 26
18, 79
-110, 0
-17, -15
-1, -3
57, 113
29, -42
-25, 89
-88, -117
80, -85
-20, 18
-10, -57
-22, 51
31, 0
0, -94
-2, -50
10, -72
-36, -15
4, 102
-69, -20
-106, -3
15, -87
-101, -35
138, -59
-57, -100
-21, 100
-36, 37
96, 115
26, 157
24, 70
92, -155
115, 31
-92, -78
57, -27
-134, -4
16, -35
86, -7
144, 32
16, -84
-24, -7
24, 93
-85, 119
100, 139
-28, -53
-11, -13
75, 114
-26, -65
19, -49
7, -10
69, -44
18, 18
-62, 96
26, 102
65, 1
3, 27
101, -53
-44, 69
12, 86
-21, 152
-34, -18
-7, 31
107, 6
64, -139
-40, -51
76, -50
-11, 99
-66, -146
55, 74
-13, 31
-13, -16
-118, -25
12, -68
-69, 113
-60, 129
92, 108
109, -166
97, 30
98, 164
-21, 13
-6, -12
141, -8
-207, -40
126, 34
49, 39
17, 120
21, 60
0, -42
85, -106
-123, 62
-44, -98
85, -51
-21, 95
3, -25
56, 93
24, -152
29, 66
0, 22
32, 104
-35, 33
-3, 23
-26, -45
39, 106
-16, -9
-100, 30
-10, 67
56, 27
162, -94
74, 36
60, -74
-96, -119
39, -136
-133, -9
-4, 47
132, -16
1, -50
-5, -24
0, 116
-79, 93
-5, 75
92, 19
-52, -125
75, 0
-173, 5
-16, -8
-82, 7
-43, -108
-30, -8
-10, -64
58, -29
31, -9
-65, -37
-22, 54
42, 141
59, 28
-21, 41
60, -20
-76, -119
101, 20
-79, 13
46, 14
-1, -38
-31, -126
24, 146
-4, -39
46, -16
-122, -111
76, -43
40, -45
34, -165
-2, 28
2, -42
-100, -3
-84, -59
50, -47
-65, -23
-24, -19
84, 111
-108, 5
4, 75
-99, -31
-38, 56
-38, -56
20, -64
29, -147
40, -10
53, -145
11, -32
-20, -27
-68, -25
-107, -31
36, -46
100, -62
-10, 0
-29, -4
-48, -29
135, 30
78, 96
9, -23
90, 107
35, -66
134, 126
32, -49
22, -10
-4, -3
-51, -30
-173, 6
15, -108
6, 46
35, 0
-74, -1
110, -10
-36, 14
61, -54
55, 22
39, -162
-30, 56
52, -4
40, -47
-111, -74
-7, -87
67, 143
13, 71
59, 93
126, 146
-54, -38
-73, 53
42, 98
87, -76
-44, 112
-149, 85
0, -81
8, 91
-85, 131
72, 49
42, -74
-25, -45
30, -26
-43, 40
-117, 54
-17, 41
-9, 20
131, -51
-94, -12
-36, -11
105, -19
11, -52
50, 69
29, -105
81, -52
83, 60
-111, 12
122, 86
80, 7
-271, 3
-93, -54
-38, -45
28, 0
77, 17
-140, 147
-78, 62
-146, 46
-115, -5
-22, 8
-6, 26
7, -18
29, -50
40, 36
-75, 13
76, 19
69, 240
-54, 34
55, -15
-9, -91
70, -52
-83, -4
153, 10
78, -11
128, 33
23, 76
-40, 47
-34, 79
129, -143
15, -63
96, -35
-141, -9
86, -87
17, -16
51, -64
113, 36
13, 43
-10, 122
91, 3
13, 64
-13, -45
-41, -67
-157, 28
-23, 71
44, -67
-63, -12
131, -58
-92, 53
30, -49
45, 90
-121, -59
82, -50
-42, -137
3, 91
15, 41
89, -28
-52, 83
-130, -26
3, 20
-4, -1
-69, 84
42, -76
96, -142
31, -66
-2, 164
35, 16
82, -27
56, -34
-80, 28
39, 70
-64, 22
-83, -98
89, -3
-76, 126
24, 68
-112, -23
149, 87
-69, -119
-233, 89
-64, -111
101, 15
-22, -15
-47, -1
-54, -15
-44, 56
27, 50
-103, -22
-37, 60
70, -27
3, 11
-71, -56
-17, -171
-23, 43
-36, 79
-9, -126
11, 19
-12, 20
20, 91
12, 145
-7, 55
-74, -156
52, 80
1, 90
-103, 15
-65, -77
-34, -13
227, 25
-15, 21
-58, -50
-18, 45
29, -3
108, 85
45, -54
-137, 80
-5, -71
6, 50
-17, 23
35, -43
20, -21
118, 6
-60, 172
-7, 42
2, 8
-139, -56
-22, 127
-137, -68
-127, -90
-19, 12
71, -74
53, -118
60, 74
6, 81
41, 39
-122, -80
40, 8
-86, -5
77, -10
62, -48
-81, 10
21, 59
-15, -175
66, 21
-31, 92
67, -124
89, -62
-73, 37
42, 54
-22, 15
-121, -93
-56, -76
-53, -86
-106, 162
76, 75
-1, 23
-33, -10
-37, 62
-11, -6
-9, 54
57, 15
0, 82
-112, -43
-12, -42
35, -131
-13, 32
11, -76
45, 65
79, -53
-71, -52
-57, 76
-10, 4
-18, -36
-34, -58
49, -69
-102, -5
0, 26
39, -37
48, -23
25, 71
-57, -145
-86, 28
-92, 43
-15, 8
-67, 6
48, 5
68, -68
-75, 22
-58, -7
-6, -167
-160, -57
-89, 54
-61, 51
-53, -41
37, 60
-1, -81
25, 81
-28, 0
-38, 54
86, 119
143, 20
-24, 111
-74, 6
51, 89
-15, 57
0, 45
-20, -22
15, 56
23, 83
-55, -114
-58, -110
-51, -174
-155, 49
-140, 9
-105, -117
99, -104
-23, 34
94, 63
209, 15
9, -5
139, -168
-126, 37
117, 84
-14, 45
-5, -22
2, 19
30, 65
-129, 71
-43, -48
37, -5
74, 57
79, -109
-81, 4
82, 55
-47, 37
-92, 75
-78, -35
-67, 56
186, 46
-93, 22
-41, 16
-53, -40
12, 61
80, 64
-27, 80
79, -25
48, 6
51, -21
-67, -80
-19, -28
-46, 35
-5, 5
35, -55
6, 10
41, 87
15, -11
-10, -95
69, 35
-99, -16
63, 45
0, 28
81, -2
-70, -84
85, -37
139, 131
9, 148
-95, 58
-156, -19
-87, 54
86, -93
-25, 3
-19, -82
-114, -47
6, -171
-32, -96
7, -84
0, 116
30, 83
34, 42
13, -27
149, -57
58, -27
-38, -14
-110, -30
-33, 32
76, -53
38, 25
134, 29
13, 35
-45, 12
54, -29
-73, 41
-1, 130
-10, 138
92, 30
27, 46
-71, 36
37, 97
16, -63
-10, 9
-25, -25
2, -64
-5, -58
16, -13
-36, 9
115, 18
98, -137
3, -133
-6, 147
-17, -102
106, 29
-67, 103
-6, 3
3, -90
46, 75
-82, 172
-64, 0
23, 10
-36, 35
0, -70
0, -14
-35, -155
-157, 26
-25, 85
115, 112
50, 34
-10, -81
-4, 87
-21, 102
-87, 25
77, -10
-79, 144
-126, 34
146, -11
15, -100
-25, 112
-13, -99
24, -43
54, -28
11, -15
-8, 113
5, 95
-72, 33
-108, 59
-91, 12
44, -118
4, -10
-50, -39
10, -25
26, -7
23, -81
171, 24
-15, -92
-146, 57
-55, 119
3, 15
6, 35
68, -3
17, 29
58, 20
31, -22
-7, -11
196, -62
47, -40
15, -80
99, -100
122, -67
-88, -49
34, -14
-13, -61
61, 24
82, -73
43, 82
-5, -23
-78, 79
9, -78
-16, 56
-82, 38
53, 52
5, -56
-14, -3
15, 102
59, 84
154, -37
-7, 140
-39, 43
29, 202
99, 9
-15, -56
210, -70
15, -53
20, -17
14, -36
52, -42
-39, 162
-85, -77
0, -100
113, 20
34, -19
56, 2
35, 25
70, -50
5, 36
-122, 49
-72, -16
-103, 1
-12, -109
79, 0
64, 14
-14, -1
-25, 77
-34, -49
-29, -117
-27, -71
-116, -4
58, -66
-12, -65
12, -49
51, -5
-46, 115
45, 62
0, -94
4, 26
-8, -8
-89, -36
95, 0
61, -18
-55, 46
45, -39
-57, 118
96, -27
-19, 35
-41, -47
-14, -30
-48, 61
-33, 30
-52, -62
85, 48
-72, 0
38, -107
-12, 82
-33, 12
13, -86
-127, 65
144, -77
40, -10
-90, -43
66, -67
38, -74
-99, 27
-3, 38
-57, -40
-78, 55
-35, 93
-40, -52
-79, -38
-88, -40
92, 0
-26, 16
38, 64
-20, 10
-68, 68
-30, -9
-15, -86
-63, 36
127, -16
59, -54
-167, -100
7, -159
-100, 36
-8, -30
79, 47
-147, 43
19, 5
-99, 22
10, -98
35, 31
-46, -26
-71, 45
-46, -34
64, -21
-52, -112
0, 103
-29, -119
-8, -87
24, -2
4, 6
-92, -37
-55, 10
10, 36
105, 23
40, -110
-50, -81
40, -72
57, -86
33, -5
-57, -72
-8, 67
49, -77
4, -1
81, -91
93, -41
158, 55
37, -103
87, -22
-60, -74
-32, 81
-23, 106
-45, -68
69, 23
63, 95
-107, 33
-26, 55
76, -6
-36, 27
-41, 143
-69, -190
-137, -68
-24, -61
-136, 18
97, -10
-67, -99
144, 22
-58, 57
127, 87
8, 14
-65, -12
14, -93
50, 51
-25, 73
14, 51
52, 24
-39, -96
-60, -73
-55, -91
70, -41
-4, -8
42, -77
39, 62
3, -59
-112, -7
57, -13
-6, 133
-45, -127
-14, 61
-17, 44
75, -67
149, -78
71, 79
88, 150
53, -47
-16, 128
-25, -40
-40, 23
135, 216
27, -1
86, -5
-20, -48
-76, -64
98, -11
17, 134
-11, 99
-12, 1
-61, -25
-2, 129
86, 138
138, -47
23, 39
-76, -111
80, -66
49, 28
-49, -28
-64, 95
64, 105
-7, -10
244, -6
-16, -55
-78, -22
29, 157
41, 41
-69, -55
55, 54
-73, 177
40, -57
-74, 57
-152, -46
60, -94
25, 41
64, 12
65, 51
-119, 40
2, 10
-11, -25
10, 9
24, 7
29, 12
-175, -113
78, 129
126, 65
-13, 53
-80, -54
-23, 44
-1, -38
-57, 21
-52, 78
-114, -16
22, -43
3, -86
-44, -106
51, 27
-60, 20
-61, -60
106, -149
36, -64
25, -91
42, 31
164, 163
40, -62
-74, 115
35, 107
44, 7
87, -19
74, 50
22, 43
2, -28
-158, -33
-64, 62
67, 16
-134, 89
31, -55
-7, -39
45, -31
-87, -21
-4, 1
0, 119
24, 65
-20, 4
47, -96
-59, 23
64, -36
-26, 8
4, -33
-44, -18
-80, 83
-9, 127
167, -16
-1, 29
86, -7
-5, -9
7, -118
-91, 49
7, -69
-103, -184
60, -46
14, -10
-28, -26
-59, 74
-89, 124
-50, 119
14, -29
-3, 8
-137, -90
-13, -63
-19, 161
8, -17
51, 78
85, 55
60, 45
7, 162
13, 0
-102, -37
-216, -1
-9, -13
-39, -70
121, -33
-10, -5
50, 61
62, 49
41, -4
28, 2
-37, -37
-130, -13
-76, 29
91, 103
1, -20
76, 60
-4, -97
31, 1
13, 3
120, 133
11, -52
-16, 94
-122, -162
43, -88
-36, -52
92, -12
112, -22
-11, -154
-26, 94
147, 17
-1, -44
-10, 41
23, 39
39, -59
-117, -75
44, -80
2, 42
79, -16
199, -17
-119, -58
8, 31
-25, 40
117, -54
17, -55
62, 139
52, -16
-23, -22
46, -42
-61, 6
84, 43
-54, -4
10, 50
-111, 60
-16, -6
77, 71
-7, 84
-210, -130
42, 71
50, 72
62, -111
32, 26
-99, 245
3, -8
-50, -15
-141, -32
-21, 30
28, -13
86, 42
-60, 0
-9, -84
110, 22
-150, 8
-107, -13
49, -143
22, -25
-42, -28
43, 33
-45, 3
29, 68
-83, -210
-2, -43
37, -104
168, -45
49, -69
-15, 44
-51, 68
-75, -19
-11, -9
-103, -137
79, -22
-63, -40
-119, -34
45, -50
-13, -41
131, 46
9, -20
14, 176
-56, 73
107, 23
19, 99
-52, -186
-81, -129
24, -73
52, -89
87, -46
-104, 19
-94, 16
-103, -19
-82, -5
39, -131
142, -26
-8, 69
83, -31
7, 14
-16, -79
-24, 22
-72, 16
138, 10
-14, -103
52, -33
79, -17
-6, -29
117, -60
-87, 36
94, 110
54, -2
-20, -21
60, 121
-66, -28
44, 24
-46, 0
85, 152
126, 108
-40, 38
20, -105
26, 84
-122, -10
13, -160
-72, -25
24, -95
1, 10
137, 11
-30, 127
77, 49
-12, 25
-83, 76
-28, 78
73, 46
-110, -80
-100, 158
16, -20
-37, 20
-117, -5
14, 36
38, -24
-128, 7
-46, -78
17, -63
38, 70
-59, -55
52, -16
-61, 13
-47, -57
-70, -39
-24, -18
29, -64
-2, -5
-18, -61
49, 2
25, -50
10, -79
94, -55
79, 9
-73, 3
-150, -50
104, -84
-121, 14
153, 0
-109, 0
35, 68
75, -59
0, -85
40, -43
-62, 4
61, 63
153, -37
-36, 48
-11, 99
11, -72
74, -43
-16, 44
3, 47
2, -44
-50, 99
57, 11
29, -46
122, -41
-40, -10
-12, -89
-143, 103
-70, 50
74, 27
88, 22
-85, -56
86, 23
-51, 35
-46, 6
29, -4
-26, 32
76, 155
202, -14
-89, -53
103, -17
-41, 203
-99, 29
45, -79
-17, -103
-106, 25
112, 19
41, -25
-43, -103
-32, 12
28, -39
10, 120
74, 64
111, -135
16, -87
-98, 123
-24, 55
-128, -46
9, -67
-102, 100
-74, -27
-43, -37
49, 17
35, -1
-64, -40
-17, 64
-109, 26
76, 39
-133, -41
59, -65
1, 88
-36, 52
-81, -24
68, 102
20, -74
-80, 40
71, 2
70, 18
46, -85
125, 117
-9, 75
-38, -126
-92, 96
-60, 1
114, 60
47, 12
-10, -9
43, 0
-148, 49
-44, -155
-48, -76
-48, 32
38, 42
-52, -130
-23, -71
109, -88
-74, -137
109, -2
38, 1
-67, 103
109, 122
-19, -12
21, -18
-31, 110
26, 56
34, 13
41, 8
-54, 43
-10, 148
-58, 41
6, 84
-89, 15
-17, 92
16, 84
-43, 54
-34, -41
32, -55
38, -109
-131, 130
-16, -33
22, -6
-23, 7
-57, 33
-120, 116
-58, -124
60, -8
-22, 38
17, -26
51, 39
2, -119
-29, -90
-74, -13
10, 4
20, 9
-123, -40
-35, 97
-58, -138
-78, 47
-25, 117
-47, 48
-74, -141
42, -75
-156, 37
5, 118
-63, -44
-91, 69
-66, 46
-93, -77
-31, 51
-54, 34
-62, -66
-18, -8
117, 145
75, 119
-21, 24
-34, -126
17, 27
120, 40
28, 39
67, -3
65, -82
-26, 60
-58, 52
0, -124
-12, -2
-65, 31
-57, 18
14, 85
-14, 22
18, -52
194, 84
-1, -4
133, 54
-26, -48
126, 112
5, 21
21, -111
127, 4
-27, 37
-119, 35
-155, 28
16, 6
-123, 12
58, -126
-29, -120
-88, -13
14, 6
-130, 92
0, -61
66, 55
118, 29
81, -112
-109, -65
151, -27
5, 95
-26, 70
-140, -16
24, 3
127, -1
-36, -15
83, -134
-88, -22
61, -79
-118, -12
11, 45
45, 41
103, 163
56, 1
-43, 20
81, 44
-77, -62
-25, 66
-42, -8
-28, 90
-131, 25
-1, -60
107, -48
-97, -28
-36, -164
-36, -110
-55, 70
-53, 25
-15, -4
53, -130
-44, -181
-21, 73
-103, 8
22, -46
21, -37
-68, -73
-59, 66
180, 128
76, 5
122, 13
-22, 0
-23, 42
53, 110
-53, -74
40, 37
50, -57
-20, -85
6, 63
21, -133
-103, 11
-5, 25
-157, 5
-8, 122
71, -34
-100, 2
-41, 90
-45, -41
-45, 94
99, 79
-40, 70
-23, -73
-85, 63
-74, -31
-61, 5
11, -44
49, 56
167, 1
16, -99
-9, -15
21, 60
83, 82
-153, -64
-124, -52
-69, -4
201, -33
-139, 209
-16, 74
41, 86
21, 48
-12, 47
-17, -21
25, -27
120, -63
-2, -32
57, 39
28, 60
-61, -2
-21, -105
-3, -61
-23, -4
-47, -185
23, -51
-57, -58
16, 16
24, -30
-117, 78
125, 54
-94, -82
14, -74
-79, 31
86, -8
-79, 85
-39, -79
107, 3
-39, 43
-50, -20
33, -148
109, -42
50, -20
-34, 61
-50, -119
-55, -3
-123, 17
40, -33
120, -98
45, -75
83, -62
7, -17
-55, 81
64, -1
-127, 6
-15, -34
6, -10
169, -18
69, 3
31, 15
-23, 84
23, 87
7, 18
74, 145
142, -23
-118, -86
-128, -12
-137, 106
71, -24
-110, -158
-44, -86
51, -68
-40, 56
7, -47
-12, -107
19, 99
123, -32
95, 97
-32, 146
-66, -62
13, 38
100, 35
-34, -24
87, -39
-29, 99
-7, 157
46, -95
-76, 15
95, 124
34, 31
75, 0
-42, 34
-69, 73
23, -47
-153, 71
-40, -17
-114, 8
50, 107
-90, 78
29, -61
4, -21
29, 6
76, -39
38, 181
-125, -98
61, -25
18, -27
30, 25
115, 4
42, -10
67, 18
-5, -41
-39, -28
86, 10
-24, 35
-4, 30
-86, 18
65, 149
-25, 101
79, -72
-31, -86
80, -53
-64, -50
50, 1
18, -38
-88, -14
-39, 56
-9, -110
63, -55
70, 97
-131, -8
-81, 40
16, 8
49, 73
-53, 9
-76, 8
14, 37
79, -99
-31, -2
-43, 16
-63, -7
1, 45
26, 74
-62, -54
46, -117
68, -13
105, 46
51, 3
33, 43
14, 22
132, 102
-54, 20
-60, -9
-32, -123
45, -50
76, 47
69, -18
81, -33
-74, 132
78, -5
8, 29
-5, 12
63, 25
-28, -111
-66, 10
40, -117
85, 84
58, 18
-98, -35
13, 19
-73, 82
-29, -43
105, 122
-99, -83
-9, -46
-41, -27
-51, -11
84, -109
53, 85
39, -153
38, -38
102, -94
-32, -51
-50, -68
49, 46
99, -121
61, -76
-25, -30
8, -16
12, -6
-165, -14
7, 64
-56, 52
6, -40
78, 5
133, -54
-69, 32
-58, -67
-77, 0
-118, -80
0, -50
27, -109
71, -62
50, -125
48, 0
0, 37
-131, -133
41, 127
11, 10
-53, 0
110, 239
-62, 103
38, 67
98, -41
24, -28
89, -108
61, -32
-53, 57
30, -39
-48, -115
30, -1
37, -102
36, 65
21, 59
-52, -104
33, 35
74, 38
-45, -47
-11, -35
15, -65
-106, 1
66, 89
-87, -33
60, -42
-18, 77
102, 128
-53, 9
-22, -29
-57, 113
-54, -38
0, -111
-30, 27
-49, -104
-88, 77
38, 117
141, -111
-12, 106
124, -90
-110, 22
14, 62
-55, 22
31, -120
-29, 6
41, 210
120, 35
6, 15
-22, 49
-31, -26
24, 50
-28, -50
-117, 72
64, -113
18, 31
90, 32
36, -85
113, -137
110, 99
42, -33
51, 69
19, 4
-56, 182
32, -82
128, 39
-47, -22
58, 138
65, -77
-70, 27
63, 12
97, 58
-64, -28
-3, -1
-119, -58
-34, -2
90, -26
-89, -36
-64, 34
49, -21
-44, -142
4, -21
47, -55
39, 44
177, 10
-111, 56
75, -88
-5, 67
143, -68
44, 33
-140, 0
-58, -10
11, -4
103, 99
-130, -27
-81, -55
93, -74
-16, -2
54, -31
164, 87
33, 79
29, -40
-64, -4
26, -77
5, 7
10, -83
-1, 52
81, -112
121, -3
115, 68
-1, 14
86, 93
41, 25
3, 15
-128, 125
218, 17
69, 74
11, -27
40, 84
-122, -63
113, 16
-34, 172
144, -97
134, -56
37, -139
-93, 12
-113, -44
-36, 15
-46, 85
-2, -74
44, -19
-44, -43
15, -71
-71, 15
-72, -137
-17, 16
22, 9
23, 53
-54, -131
51, 36
-85, 117
47, -95
-66, -55
31, 56
-11, -64
130, 26
119, -70
53, -83
-11, 7
-33, 4
14, -9
6, 59
35, 67
157, -118
167, -23
-33, -52
86, 25
67, 61
83, -80
-26, 89
-9, 31
-25, -139
5, -36
-69, 21
39, -109
-65, 33
-31, 50
28, 32
46, 14
28, 56
-83, -22
33, 119
0, -27
-6, 62
-27, 96
-7, -136
37, 58
-77, 31
-42, 33
-44, 55
95, 41
-132, -36
-18, -15
-52, 45
-33, 101
14, 154
-28, -5
-16, -141
-45, -42
-124, 56
-140, -42
-24, -24
27, 30
-53, -54
113, -17
-20, -39
91, 0
-25, -9
22, 194
-36, 43
-42, -4
-5, 20
-55, -21
-47, -56
-45, 14
2, 82
87, -119
-10, 93
3, -15
67, -82
-58, 24
-45, 13
-28, 54
-14, 16
55, 68
39, 85
-36, -72
-154, 51
-24, 71
34, 81
50, -98
31, 0
8, 83
61, 0
91, -29
58, 158
92, -1
19, -9
10, -95
-130, 68
-14, 116
28, 44
37, 9
-29, -12
-87, -101
67, 1
-1, 56
-28, -102
-3, 90
-63, 10
56, -17
159, -122
17, -75
7, 28
69, 143
27, 87
-24, 37
84, -114
-3, -71
-87, -65
90, -82
75, -78
-31, 68
-32, 42
-36, -55
46, 56
-30, 0
-82, -12
-90, 43
-29, -43
71, -19
-34, -24
48, 23
79, 48
137, 36
66, -48
-80, -36
-131, -44
63, 122
-127, -42
-5, -32
107, 131
26, -119
-1, 20
6, 9
-80, 12
95, 88
31, -72
87, -35
32, 12
-53, 72
-42, 122
17, -27
-100, 81
44, 14
-24, 14
185, -111
-59, -126
-113, 87
6, 11
-67, -1
-7, 55
0, 132
-144, 11
-32, -34
-55, 27
-34, -2
-6, -46
-96, 35
60, 90
-43, 16
-35, 6
117, 11
-52, -10
-27, 12
-9, 24
37, -76
-26, -106
0, 134
11, -102
25, -125
-58, 6
8, 53
-48, 107
-40, 40
53, 53
2, 187
154, -21
-17, -93
-30, 16
-19, -71
116, 13
29, 28
-86, 90
2, 50
17, 45
37, 37
57, -51
-51, 26
78, 101
14, 92
-119, 17
68, -9
70, -38
91, -67
73, -10
-32, 19
98, 70
9, -83
-64, 23
-19, 63
-13, 186
43, -150
-41, -66
-16, -138
-62, 41
131, -33
-83, 117
-22, -38
78, -5
-21, 0
-78, 40
-44, 55
8, 48
32, 159
71, 47
-76, 88
-29, 24
-51, -85
91, 150
46, -79
106, 51
115, 63
17, 19
-52, 83
51, 33
-15, -46
106, -66
2, -133
61, -14
-35, -70
138, -75
-26, -64
67, -120
9, 9
-3, -27
-74, 24
-95, 26
-43, 41
64, 9
-27, -54
84, 110
-56, 66
-21, -30
-1, 110
66, 50
-24, 79
-99, -10
-23, -1
20, -5
154, -91
-21, 131
-9, 30
167, 35
108, -57
-79, 109
-16, -49
-78, 97
-45, 28
-129, 1
-82, 86
10, -80
62, -18
103, -132
1, -64
-55, -28
46, -1
87, 30
-18, 136
46, -67
81, -44
22, 58
0, -49
99, 81
48, -73
-19, -13
13, 85
0, 140
48, -74
-68, -27
30, -17
3, -129
97, -48
-22, 131
-61, -69
98, -22
118, 160
68, -13
98, -33
-43, -16
2, -59
62, 118
-38, 40
12, 31
-57, -43
-219, -67
82, 55
168, 84
-42, 49
-33, -48
-19, 22
46, 0
0, 68
-85, -25
-54, 65
-24, -129
17, 22
-12, -90
17, 47
100, -76
6, 39
-15, -40
-63, -116
-103, -73
12, 85
106, -41
8, 1
-113, 36
138, 56
5, 110
0, -129
-50, 20
-42, -13
60, 6
56, 83
155, 17
49, -20
107, 72
47, -25
-180, -101
32, -10
-150, -7
-62, 20
25, 20
16, -5
-42, 39
-11, 49
-60, 57
15, -68
-70, 11
-44, 56
-107, -16
144, 98
-61, -121
11, -72
-57, 0
30, -46
10, 23
124, -4
-53, 9
75, -15
75, 41
56, 53
25, 0
136, -26
-57, -53
6, 25
66, -13
-33, 184
33, -23
-8, -29
71, -56
-32, 77
58, -46
114, -35
4, -54
-48, -118
-28, -42
42, 16
-43, -85
48, -46
84, 33
51, 86
10, -41
47, 9
14, 57
-27, -5
-14, -81
116, -115
-50, -2
-93, -72
29, 91
-19, 51
126, 122
-55, 52
1, -84
109, 15
-27, 48
86, 116
-84, -43
-44, -48
-38, 27
-103, -121
-40, 65
35, 109
-152, -54
69, -45
73, -23
39, -59
56, 92
10, 20
-95, 41
-47, -82
14, -137
25, 39
-5, -55
-22, 20
27, 86
-4, 202
48, -110
-62, 109
104, 74
-21, 77
26, -155
73, -39
-8, 120
32, 18
-47, 2
84, 59
-24, -50
-88, 39
19, -24
-107, 44
-162, -27
-35, 64
-132, 19
123, 94
26, -67
-100, 0
7, 2
-19, -5
-2, -95
-54, -5
-149, -35
34, -52
35, -72
-58, 44
43, 73
116, -32
-20, -38
-35, -38
-97, 12
146, -85
-24, -70
-43, -64
-110, -139
-54, 72
4, -20
-97, 62
80, 95
82, -90
24, -112
53, 0
-85, 19
-3, -38
-138, -49
39, -87
86, 83
-28, 45
-101, -12
-8, -112
-52, 27
-113, 92
42, 82
17, -202
33, 44
34, -15
37, 0
-37, -122
-97, 39
-16, 61
-99, 119
18, 36
7, 9
-18, 41
36, -90
59, -47
-32, -42
-81, 35
26, -5
-57, -92
5, 34
104, -16
-81, -8
12, 11
-130, 64
46, -18
-101, -126
14, -33
-23, 26
-3, 19
49, -26
48, -94
-24, 43
-117, -65
-54, -4
14, 0
26, 28
-19, -44
-1, -43
2, 41
7, -117
-110, 57
28, -40
99, -56
57, -1
-65, -30
-103, -21
-37, -73
-48, 86
-42, 137
-3, 32
87, -34
-36, 39
-147, -9
6, -104
16, -61
-221, 73
40, 42
-15, 61
-127, -58
52, -88
19, -22
37, -48
-57, -108
46, 74
-72, -68
108, -4
71, 41
-34, 0
92, -65
-85, -93
124, -58
-39, -88
17, 27
-51, 11
-64, -6
-6, 9
5, 77
-62, 10
-2, -50
-21, -133
19, -62
-43, 29
-52, 46
78, -20
-18, -25
38, -45
-11, 50
141, -64
-84, -38
-108, 3
77, 8
-54, -38
-44, -68
-28, 54
-16, -69
-60, 0
-30, -94
26, 161
-17, -71
74, -14
-117, -72
-7, 28
-133, 0
81, -102
24, 32
-66, 25
-5, 76
-47, -53
113, 44
0, -43
69, -39
-64, -68
-67, -91
75, -54
13, 91
3, -14
58, -12
118, 103
46, -13
-50, 71
-18, -11
-9, -47
72, -52
-33, 97
-63, 100
-41, -54
-63, 91
51, -19
-34, -69
-42, -74
-129, -19
-59, -7
36, -7
-25, -66
11, -80
-21, -95
-5, -15
103, 200
-67, 96
101, 58
-31, 47
134, 11
43, 54
-28, -14
34, 110
26, 15
49, 2
43, 46
34, -41
-12, 81
-70, 0
-83, 1
23, 103
-27, 99
106, 28
-90, 78
-92, -34
-26, 65
116, 69
-114, -176
22, 4
65, -134
-111, 3
-60, -133
122, 24
-24, -27
-69, -76
-87, 81
22, -65
13, -86
-55, 80
-5, -81
-146, 57
-52, -68
-38, 102
8, -84
23, 57
-78, -114
148, -128
112, -66
145, -40
-152, -54
-27, -46
-85, 18
78, -219
46, -28
-98, 27
-8, -24
-100, 22
-97, -24
-33, 21
-111, -74
-8, -2
3, -22
-82, 26
-92, -19
95, 125
-53, 21
-17, 33
74, -2
89, 0
-97, 18
-65, 29
67, -12
34, -57
111, 65
-108, 24
35, 30
-3, -41
-20, 71
-49, 21
-132, 53
-13, -143
138, 26
-17, 31
-31, -106
-63, 38
20, -120
4, 105
11, 16
83, -17
79, -117
30, 25
10, -100
35, 25
-69, 61
-40, -16
28, 82
44, 50
-21, 60
-66, 48
-25, -113
83, -43
33, -80
-46, 204
-208, 54
17, -89
10, -98
8, -41
37, -33
-14, -135
25, -96
-21, -104
-3, -49
14, -97
-23, -45
-92, -14
-116, -56
-101, 79
-97, -60
114, 128
88, 40
-23, 6
-104, -73
-69, 78
-182, -10
8, 50
-68, 26
130, -20
-13, 10
-21, -6
-90, -42
16, -15
87, 66
-36, 35
100, -18
-8, 174
-26, 27
-67, -18
19, -109
85, 13
14, 75
-31, -135
-12, 35
-45, -36
75, 43
5, 34
94, -82
121, -24
-132, -2
-12, 22
-38, -9
-48, -71
-86, -21
60, -16
8, -122
8, 95
4, -65
69, -3
-5, -59
112, 63
28, 1
-24, 28
-101, 65
-13, -90
67, 83
-9, -145
-14, 43
28, -51
51, -82
80, 77
23, -37
-73, 10
30, -57
-95, 32
87, -11
77, -94
-22, 195
97, -4
-115, -95
15, -122
-59, 15
-49, 30
7, -44
-101, -76
-5, -24
51, -109
-57, 46
-18, -33
44, -20
-63, -89
-10, -62
-23, -45
72, 61
-3, 66
111, 92
-12, 51
45, 34
31, 51
-17, -17
44, -82
61, -42
-162, 105
-99, -60
47, -24
55, -57
-64, -11
19, -148
-135, -25
-6, -26
-14, -86
63, 81
46, -40
11, 26
-90, 31
-71, -17
61, 53
212, 29
126, -136
-1, 9
49, -69
156, 69
14, 22
64, -18
46, -82
120, 45
151, -11
109, 26
-96, 2
10, -143
150, -64
42, 161
-99, 187
-19, 30
7, 103
-56, 14
-47, 130
95, -53
-75, -81
37, 0
96, 0
26, -51
165, 0
-19, -24
4, -24
76, 23
82, -75
-52, 21
-35, -26
110, 119
-39, 45
72, -84
-9, -16
97, -64
54, -5
-55, 46
7, 82
84, -52
77, 105
31, 72
46, 34
97, 117
-48, 103
83, -5
-14, 3
105, 82
7, -75
-144, -5
-114, 105
177, 11
-44, -45
68, 45
70, 55
158, 1
55, 62
0, -37
-113, 64
17, 109
12, -14
-20, 74
38, -64
0, -66
-29, 49
34, -43
32, 18
-32, -7
93, 48
-200, 76
-29, -167
102, 22
-59, -63
-5, -89
-210, -74
176, 102
-7, 21
-77, -32
63, 91
-72, 33
-61, 3
-40, 82
-29, -5
-16, -14
-123, -126
9, -43
5, -27
61, -67
83, 63
-49, -65
-116, 99
144, -105
12, -87
45, -23
7, 89
14, 10
-55, -37
58, -12
-5, -33
46, -75
78, 74
70, -24
-74, -1
6, -138
26, 22
201, -78
63, -51
18, -65
142, 56
77, 81
17, -27
143, 80
-134, 3
60, 37
-32, 27
5, -108
65, 11
-73, 127
-27, 48
-46, 157
78, 70
-29, -43
41, -24
76, -16
60, 3
57, -45
-90, 74
132, -74
-76, -131
160, 3
2, -113
68, -30
163, -19
61, 3
72, 64
67, -58
15, 47
4, -19
27, 20
37, 55
-56, -38
45, -7
28, 68
-51, -61
-109, 111
-71, 51
-60, -43
-141, 18
-130, 78
107, 80
51, 95
-24, -28
58, -58
39, 19
-25, 48
37, 71
-37, 134
-187, -13
-46, -26
69, 40
12, 167
8, 27
-14, 13
-61, 1
5, 25
-14, 13
-6, -17
79, -14
-3, -20
33, -11
-32, -89
-47, -56
-3, -40
-44, -36
-68, 16
92, 42
27, 10
72, 178
-40, -15
-28, -69
-51, 45
51, -25
13, 135
11, -81
-14, -55
-75, 1
73, 46
156, 58
-34, -42
-13, -3
25, -16
-22, -19
13, 32
-87, 4
-108, 0
32, 37
-15, -126
146, -24
3, 92
92, -99
12, -58
52, -25
58, -45
-27, 104
47, -145
24, -96
-15, 13
13, 52
-112, -14
13, -79
-110, 102
-25, 11
-106, 1
13, -75
-50, -48
-104, 41
15, 1
16, -57
8, -73
15, -27
-19, -7
38, -77
27, -63
109, 33
25, 145
-62, -89
122, -35
42, 141
-111, 19
2, 125
-36, -3
-38, 14
13, -20
-75, 105
18, 42
140, -76
157, 6
-24, 37
-83, 110
-31, -59
-6, 69
76, -20
-61, 63
57, 103
-39, 31
54, -67
76, 185
-87, 97
81, 123
-128, -17
-2, -83
45, 22
23, 48
-74, 17
5, 67
1, -111
68, -36
18, 17
-46, -45
-101, 100
-233, -83
-35, 10
-7, 64
-78, -17
3, 79
102, 26
-76, 53
-63, 93
-53, 39
32, 46
103, -99
34, 167
-66, 7
-24, -59
83, 49
-74, -56
-102, 150
-94, -110
47, 88
68, -45
97, -25
-7, -38
133, 77
64, 53
148, -96
-51, -43
-44, -9
-130, -50
27, 102
72, -13
-2, 128
-53, -25
121, 54
-82, -25
-110, -64
-34, 34
-22, -66
27, 73
-143, 43
-86, -12
-15, -188
-7, -53
-3, 62
37, 31
-116, -18
36, -91
53, 60
52, 13
-26, 131
62, -3
-47, -18
31, -24
-45, 36
53, -80
60, -15
-91, -86
107, 38
16, 123
-42, 61
-5, 14
-94, 98
221, -46
-97, 9
19, -27
73, -88
-26, 42
-14, 79
81, 49
14, -42
27, -55
-64, 28
-18, 54
-136, 20
126, 29
139, -104
-87, 26
74, -85
55, 169
-22, -108
16, 0
-7, -37
166, 16
-43, 62
25, -85
-9, -15
42, 32
101, 91
50, -22
116, -33
20, 38
65, 106
95, 15
-13, 30
41, -25
-57, 16
-75, -20
40, -9
47, -48
-117, 5
56, 108
-62, 54
-26, -22
82, 68
108, -76
19, -81
29, 126
-36, 8
82, 100
-11, -23
-32, -48
188, -1
11, -33
89, 35
68, 61
63, 86
11, -42
40, 8
91, 140
27, -111
-50, 21
-15, 118
-8, -119
12, -34
-107, -83
-96, 42
-18, -44
63, -194
25, -51
-50, 69
-17, -139
24, 26
-4, 3
14, -14
11, 98
-115, 9
-49, -95
-92, 76
29, -85
-51, 78
19, -27
-45, 31
52, 3
4, -25
-51, -62
26, -128
-20, -64
4, -166
-69, 45
-104, -64
34, -49
73, -103
5, -10
48, -34
37, 10
-83, 24
16, 54
-46, 19
-49, -42
-6, -64
37, -31
78, -179
153, -95
7, 98
-39, 80
40, 40
-75, 68
38, 9
12, -87
35, 45
-3, -96
0, -31
15, -26
47, -70
-62, 4
-62, 86
-138, 49
32, 105
-196, -99
16, -68
-97, -62
30, -37
-41, 51
51, -27
-15, 32
-39, -117
44, 97
-66, -8
-91, 64
5, -42
30, 57
-3, -16
74, -72
63, 45
-47, 77
15, 148
-48, 23
54, -107
10, -196
-23, -27
-8, -111
-86, -48
86, -82
94, -74
-85, 12
66, -107
27, -10
-78, -16
172, 1
-112, -64
-91, 38
75, -37
-52, -89
56, -69
77, -41
29, 47
26, 40
23, 45
-36, 43
-54, -71
-78, 71
-37, -60
74, -34
-67, -120
-8, 104
86, -116
31, -32
57, 2
124, 25
1, -20
128, -15
4, -2
-41, -40
28, -48
141, 144
58, -1
43, -21
-50, -96
106, 16
-8, -43
67, -73
52, 40
7, -74
92, 59
25, 77
0, -20
232, 44
41, -20
19, -52
26, -73
0, -22
-9, -12
-84, 55
40, 32
-74, -70
-115, -72
-35, -101
32, -74
173, 28
-13, 29
-44, -43
31, 54
-91, -43
112, -47
-19, 14
-133, 12
42, 16
50, 131
-53, 24
-84, 6
-36, 85
95, 94
28, -125
13, -246
103, -19
-75, 40
76, 103
-23, 70
50, 102
3, 28
-15, 16
56, 74
-35, 2
-54, 66
67, 24
-141, -23
-103, 32
24, 1
-49, -40
-70, 12
-1, 18
42, 117
-25, -50
101, -26
5, 52
79, -12
-2, 14
84, -42
-57, -48
110, 85
-45, 58
-135, -80
-23, -84
-94, 40
-122, 79
77, 42
-35, -35
47, -48
181, -33
-71, 2
6, -1
-1, -46
-44, -12
-19, 43
65, 3
-52, -100
-3, -17
-112, 39
70, -60
83, 36
-8, -114
-8, 111
-1, -86
5, -40
78, 63
51, 7
9, -67
-15, -48
-123, -136
47, 66
85, -43
-266, -29
75, -67
1, -115
27, 14
-44, -200
-75, 0
19, 25
-110, 103
-71, -26
-15, -22
10, -6
-17, -2
-9, 17
41, 106
90, 26
31, -140
-79, -5
124, 107
-13, -3
-61, -73
34, 51
-160, -5
157, -72
52, 44
-105, -2
-26, 111
-21, 1
2, -16
-42, -14
193, 112
-38, -29
67, -85
-15, 137
-72, 35
-33, 0
-46, 104
-63, 5
75, 18
57, 63
-103, -19
-140, -11
-135, 91
-8, 36
103, 25
17, 30
76, -46
-17, 63
-85, 22
148, -35
-77, -44
2, 57
95, 116
100, 78
41, 5
-11, 62
22, -17
-51, 74
48, 67
-14, 2
33, 41
-124, 50
-84, -14
11, -62
37, -49
104, 76
-25, 75
-44, -138
53, 34
-20, -34
-21, 6
-86, 21
49, 61
38, 83
41, -135
-129, 7
-15, -21
-51, 47
101, 116
100, -35
1, -47
-118, -20
-41, -98
18, -111
-53, 5
-34, 75
-98, 67
-52, 2
62, -94
3, 27
-99, 46
-41, 11
38, -62
25, 16
1, -27
-24, -36
-47, 62
-34, -62
-55, -19
15, 116
-105, 118
-129, 44
-11, 23
149, 36
-39, 50
-50, -93
69, -11
-154, -47
130, 126
-15, 67
34, -57
-83, -50
15, -92
-65, -8
91, -97
-42, 35
54, -47
24, 72
12, -53
-23, 94
-20, 54
-11, 72
-29, 111
-168, 105
36, -41
-31, -69
82, -23
30, -26
-74, 69
137, 58
-5, -80
28, 22
90, -48
30, -66
28, -1
-7, 21
-41, 50
-107, -12
9, 29
20, 38
111, -23
36, -60
4, 48
32, 16
24, 23
-82, -35
-9, 18
103, -125
-57, -18
-14, 34
123, 13
9, -11
-20, -72
-15, -29
88, 97
-56, -127
46, -40
-112, 90
-9, 18
-110, 30
33, 6
-124, -78
-169, -20
-5, -108
-100, 33
-86, -28
96, 90
12, -15
50, 123
-56, 36
75, 3
-41, -10
-14, -51
-41, 52
-7, 55
22, -59
-147, 23
-35, -90
79, -17
-37, 13
29, 6
-25, 45
30, -15
-12, 51
-28, -62
31, -10
8, 49
-60, -95
62, -93
10, -90
85, -15
-23, 7
-81, 131
-67, 31
-6, -100
-47, 80
-1, -24
45, 35
28, -8
10, 31
-44, -155
-18, 78
-84, -40
57, 2
61, -29
-5, 25
-18, -6
7, 135
-8, -25
76, -33
42, 22
-31, 2
24, -47
-24, -25
-86, 39
-46, -86
12, 80
-39, 113
133, -46
-85, -69
-22, -7
-38, -5
-54, 41
135, 64
-100, 106
14, 69
15, -38
-31, 93
60, -6
-18, -59
-57, 20
-131, -114
-110, -138
131, 7
-44, -84
-103, -41
-205, 105
-6, 119
59, -31
1, -67
-25, -3
156, -52
-38, 24
74, -110
62, 0
-24, -37
121, 31
56, 22
-60, 41
-3, -29
111, 50
-47, -16
50, 40
87, -60
26, 35
-1, 162
70, -63
66, -29
-35, -63
-149, -133
20, 52
-50, 0
16, 65
34, 64
77, 33
8, 24
52, 60
142, 74
-120, -50
-24, -19
30, -59
28, 30
-87, 16
-49, -91
-39, -169
47, 50
18, -43
-54, -17
5, -217
29, 60
-5, 5
-31, -70
14, -73
62, -1
39, -17
-59, 39
-72, 87
-5, 6
-77, -28
37, 0
-58, -58
30, -42
114, 140
-96, 83
75, 17
3, -62
34, 23
53, 67
37, -4
-114, 1
-158, -11
-13, -42
-107, 4
-46, 97
-59, -26
10, -103
-184, -106
133, 113
-16, 0
-175, -41
10, -196
-63, 62
97, -5
18, 60
-98, -32
70, -17
-70, -7
-74, 15
-37, 65
-108, 34
134, 59
125, -9
18, -74
-100, 12
-30, -175
-97, -44
-103, 0
4, -50
95, 105
-62, 6
-16, -16
-22, -50
-7, 72
36, 0
71, 23
-36, 53
1, 5
32, -42
53, 70
-52, -56
-43, -6
131, -125
59, 11
-33, -15
0, 71
85, 97
8, -113
74, -33
28, 11
-28, -96
108, -43
66, -90
-3, -34
34, -24
28, 58
4, 31
36, 39
-44, 82
0, 25
-103, 21
-29, 22
38, -128
-104, 102
149, -62
-89, 0
79, 21
-47, -96
-89, 99
22, -105
-56, 22
15, 50
145, 136
46, -93
-16, 34
84, 15
-91, -70
-66, 161
27, -5
6, 60
-85, -47
25, -19
11, 73
-43, 32
-93, -27
-138, -49
-34, 96
-5, -12
-108, 25
-33, 29
145, 63
39, 83
-57, -24
-2, -38
63, 44
135, -35
-114, -61
-191, 52
107, -52
58, 59
15, -97
77, 12
34, -48
-47, 71
63, -19
-92, 10
46, 48
63, 14
-102, 17
58, -56
18, 14
29, -5
-38, -161
105, 51
52, -75
-2, -54
-72, 123
-74, 55
-80, -72
-72, 39
-32, -63
-126, 15
59, 40
-122, 5
122, -4
-97, -134
27, 44
-30, -59
80, -167
106, -44
34, 78
-21, -65
-11, -95
-74, -114
-28, 19
-113, -76
87, -20
-18, -130
-121, -20
92, -77
62, 170
37, -54
80, -49
5, -21
42, -137
89, 92
48, 180
-34, 78
72, 10
-107, 103
-12, -58
-40, 27
105, 39
-88, 46
-24, -32
-65, 101
16, -5
119, -143
-42, -44
-65, 87
-76, -84
74, 64
-36, 61
-86, 125
129, -103
93, -23
-110, -9
-25, -12
-93, -4
26, -85
36, -3
15, 16
8, -71
-65, 61
78, -15
-29, 81
-33, -23
32, 48
66, -165
-52, 12
-65, 0
-15, 57
-33, -102
20, -156
-102, -27
11, 12
-3, -18
144, 29
49, 10
-32, -40
167, 2
0, 37
89, 94
-75, -10
-95, 0
-61, 43
22, 144
-32, -4
-35, 15
9, -70
83, 18
-1, -49
29, 38
-26, 72
9, 19
-17, 120
-34, 26
-33, 13
88, 2
-43, 19
-62, 5
-29, -92
76, 23
33, 42
-111, 44
102, -17
-64, -165
-11, 27
89, -79
-42, -17
14, 30
25, 56
-12, 29
19, -61
26, -87
142, -6
-31, 66
-11, -125
-73, 9
11, 37
14, -37
132, 122
84, 77
173, 16
52, 1
16, -21
-4, 87
-53, 85
30, 58
-82, 12
-91, 40
10, 73
16, 23
47, 104
32, -47
-27, 136
4, 17
-7, -34
90, 76
97, -66
-30, 55
201, 17
181, 3
-61, -122
-30, 50
-43, 23
-147, -29
6, -190
161, -31
-19, 71
8, 92
6, 28
-46, 2
71, 25
19, 0
70, -3
100, 26
-78, -16
-105, 34
42, 46
-4, -8
33, 83
-28, 72
-78, 51
-63, 28
32, 91
-27, -36
-26, 110
-65, -80
173, 14
-25, 37
-1, 35
26, 57
42, 30
-1, -46
0, 46
-59, -13
-49, 114
-36, -38
-67, 48
-26, 2
-20, -184
12, 43
33, -74
-144, 55
-46, -93
-18, -47
24, 71
123, -24
-73, 86
70, 16
-14, -34
77, -21
-44, -75
123, 23
-58, 88
153, 172
39, 58
-53, 114
-33, 71
31, 61
-38, 24
29, 135
47, -1
77, 5
-72, -8
-81, -95
117, -38
-105, 64
-11, 94
139, 52
33, -152
62, 40
-11, 163
-83, 36
-158, -38
-52, 99
-31, -78
-78, -4
20, 126
-74, 64
23, 155
38, -91
-59, 66
-68, -14
77, 37
-29, 66
24, -24
6, 51
33, 5
-31, -68
-95, 142
38, -58
-40, -18
-82, -23
108, -78
184, -7
-45, -60
-21, -22
115, -59
-72, 115
-32, -33
0, -85
8, 94
-70, 6
-26, -39
-3, 56
-131, -4
-177, -34
-35, 36
-47, 1
40, 0
-43, 81
54, 131
131, 21
38, 13
-8, -9
-54, -28
29, 69
-76, -13
-10, 31
-32, -32
-46, 77
15, 46
62, 1
25, -25
53, -3
56, -17
115, 92
-174, 12
-53, -61
-59, 14
37, 71
62, -115
-132, 80
116, 78
146, 59
-67, 48
-31, 12
85, -74
-27, 39
-120, -16
-27, 96
-77, 73
115, -70
38, -53
128, 0
-77, 73
45, 70
0, -158
-56, 135
19, -31
119, -78
-99, -36
126, 0
-95, -41
-23, -46
-135, 33
-103, -50
45, 48
-90, -68
-19, -161
52, 101
4, -34
20, -200
104, 55
33, 74
-72, 91
-53, 24
-17, 63
-57, -80
-51, -94
-118, 57
-70, -103
-51, 46
12, 12
-47, -65
117, -37
12, -26
148, 70
0, -27
8, -123
59, 11
-132, -11
24, 21
73, 104
19, 48
-119, -13
-52, 23
108, 81
-50, 100
-8, -131
40, 74
42, -21
-46, -93
-135, -171
59, 18
16, 29
10, 27
77, -3
-9, -64
14, 40
-54, 24
-25, -50
23, -56
108, 47
93, -62
-26, -102
38, 80
60, -47
94, 32
-14, 63
90, 40
15, -31
-1, -96
-7, -94
-50, 83
34, 18
-38, -40
-13, 15
-105, -34
-86, -34
-69, -117
-68, 86
44, -31
-57, -90
15, -48
60, 22
-51, -77
64, 61
136, -81
-78, -71
-12, -73
9, 67
93, 43
-142, 95
25, 17
34, 55
-61, -60
48, -107
-11, -51
-17, 22
85, 113
-7, -51
-123, -18
-47, -113
20, 1
-107, 5
-6, 43
2, -89
-44, 31
87, 2
10, 5
-72, 60
40, 4
-29, -147
62, 2
-61, -100
-46, 15
22, -4
9, 28
81, -26
-81, 71
-115, -149
79, -49
-63, 104
-67, 10
-71, -209
45, -53
159, -9
20, 7
13, -30
-4, 65
16, -48
-116, 41
56, 23
-4, 38
7, -27
88, -40
145, -56
69, 38
84, 19
137, -44
-54, 75
-69, 77
119, -45
-73, -28
38, -21
37, 32
10, -29
-52, 127
-17, 100
17, 34
38, -94
-19, -7
59, 77
-121, -168
-65, 83
-43, -34
34, 1
20, 94
8, -9
-41, -30
-12, 68
-68, 6
-10, -60
54, -167
114, 105
-102, -39
-64, -1
-58, 36
-35, -10
21, 19
-214, 41
39, 29
-55, -16
-28, 22
30, -80
-82, 17
30, 29
-57, -1
84, -24
2, -176
33, -115
60, 21
11, -8
4, 72
8, -123
59, -68
-37, 55
25, -152
-48, 147
-68, 5
0, 40
-97, -58
-98, 25
3, -92
42, -1
24, 28
-23, 103
38, -29
64, -29
-13, -29
75, -22
-72, -72
-42, -179
60, 12
-60, 90
-26, 0
104, 8
-38, 30
-68, -101
-1, 72
-27, -158
-40, 68
56, 94
120, -28
39, -67
-25, -103
1, -77
44, -83
17, 10
-136, -36
13, 64
-89, 31
5, -74
-57, 11
-174, -41
-54, 143
49, -21
84, -86
53, -34
-31, -8
-38, 33
52, -13
2, 17
-15, 10
-155, -38
121, -103
-105, -9
4, 15
-34, 64
-9, -89
60, -27
-62, -56
50, 15
49, 85
-7, 197
118, 114
147, 59
39, 49
-54, 30
-4, 36
-22, -78
-120, -36
8, 129
62, 90
64, -48
-21, -26
-56, 0
2, 123
-76, 175
-67, -47
19, 117
88, 85
28, 85
-13, -18
-9, -99
35, -46
56, -131
2, 20
69, -158
31, 17
-9, 23
-196, 47
-4, -62
-103, 24
-140, 27
-10, 35
90, -4
83, -18
24, 30
-34, -84
-89, 68
-35, 26
-45, 155
-9, 75
-83, 14
-1, 31
40, -6
-133, -91
-43, -71
25, -7
-33, -117
51, 16
34, 39
-48, -37
36, 63
-1, -64
-50, -38
62, 46
-98, 9
-55, -47
-52, -25
-14, 17
1, 21
206, 94
-93, 19
103, -18
42, -58
20, 18
-98, 125
105, 196
-154, 54
73, 33
-89, -138
-25, -3
95, 170
-26, 24
20, -118
-27, -10
-36, 43
31, 78
-53, 48
-60, -37
-5, 76
93, 81
42, 2
-21, -83
-22, -86
-16, -41
74, -44
-60, 87
26, -142
-1, 83
81, 63
-78, 18
32, 22
-36, -191
-123, -85
61, 55
81, -52
28, -85
28, 91
3, 44
2, 0
-4, 9
20, -77
-65, 123
154, 66
-70, 26
6, -81
68, 0
31, -44
70, 83
29, 46
54, -18
-71, -10
-5, 68
-28, -54
-10, -81
-81, 8
-33, -111
-82, 73
42, 49
-29, 115
126, 82
66, 21
0, 74
15, 7
94, -3
12, -197
-77, -42
-39, -113
54, -49
42, 56
-42, -158
32, -52
15, 114
17, -120
-120, 91
-2, 4
-60, -65
22, 55
80, -144
-45, 87
-67, -46
71, 0
-25, -16
11, -108
44, 26
89, -83
-23, 3
-7, -46
-53, 37
-78, -116
25, 36
-9, 140
-59, -74
-37, -8
-94, 33
-106, -25
-1, -21
6, 67
48, 0
41, 102
-131, -136
65, -35
54, -116
67, -16
33, 100
104, 41
-75, -126
-119, -57
-38, 77
-38, -21
-23, 12
-31, -78
-27, -90
-12, -127
18, -21
8, 82
-70, -9
-14, -49
-12, 53
-57, -130
52, -84
-33, -45
-23, -9
27, 4
-17, -15
-53, 70
70, -114
67, 102
116, 196
61, -42
20, 160
19, -38
0, -3
30, -39
53, -33
-59, -67
8, -92
-91, -56
12, 72
-71, -7
-5, 37
65, -5
-75, 63
-18, -58
108, -14
-22, -34
-214, 14
-91, -44
95, 83
-45, -58
-4, 60
30, -46
-40, 67
-42, 12
53, -41
-11, -7
81, 26
52, 103
82, 46
-15, 22
63, 86
17, -4
13, -122
30, 89
24, -6
-88, 123
-61, 62
34, -21
-18, 97
-122, -66
-70, -125
-11, -46
-107, -3
75, 117
-70, -27
-46, 10
-31, -21
-111, -36
-130, 19
-44, -43
-81, -69
-17, -18
70, 63
-128, 47
33, 88
-154, 47
-118, 94
-64, 47
97, 36
47, 35
21, 111
-52, -3
38, -64
-62, 18
-67, 52
-18, -45
-38, -40
-27, -5
-35, 24
-34, -16
69, -38
-31, -79
11, -4
-71, -89
44, 46
-22, -48
-96, 72
-100, 74
5, -50
-107, -17
-15, -154
124, -4
61, -8
-58, 12
25, 58
15, -183
-45, 59
-72, -32
10, -35
-10, 26
-106, -40
-57, 42
-27, 16
9, -17
-113, 48
18, 21
-83, 13
-74, -4
69, 179
21, -37
65, -70
50, -115
-7, 62
-5, 73
71, 3
53, 2
-24, -25
-130, 29
2, -110
-130, -122
-121, 131
-43, -147
22, -75
15, 59
33, 75
12, -53
-174, -29
-41, 3
-33, -43
34, -112
-10, -113
-82, -34
-4, -44
-38, -162
139, 70
76, 67
96, -104
4, -41
146, -46
59, -19
40, -52
-8, -18
67, -23
-48, 118
-13, -30
118, 47
37, -44
59, -4
-23, -46
10, 26
-17, 67
58, -190
-59, -53
53, -17
65, -25
-8, 40
-60, -101
9, 20
-117, -117
-116, 76
-69, 23
-15, 131
-39, 11
-95, -30
9, 10
-54, 11
-10, -60
-42, -54
-12, 129
-84, -132
49, -79
-71, -48
135, 123
-31, 133
-66, -85
50, -74
-1, -8
11, -20
-117, 18
49, -24
44, 54
-63, -78
11, 97
88, 12
-61, 214
61, 63
-75, -34
32, -40
-62, 60
-41, 147
-74, -33
-112, -50
28, 31
-59, -18
-25, -102
0, -19
-24, 7
9, 0
45, 8
84, -94
9, -10
-87, -129
-36, 14
29, -10
-77, 64
134, -53
4, 66
28, -39
-31, 66
5, -43
-27, -34
-69, 17
-56, 45
-42, 34
52, 60
-37, -59
41, -88
28, -26
98, -14
-83, 86
-44, 206
-71, -71
-31, 11
56, -67
-137, 37
-43, 3
-43, 11
55, 103
59, 56
5, -118
-94, 42
27, -26
50, -98
-77, 56
-5, 100
124, -70
153, 42
77, -8
-32, 169
-13, -53
80, -71
61, -26
76, 194
62, -38
-88, -39
-22, -113
-115, -3
1, 59
41, -99
-10, 72
129, -74
-21, -49
-91, -33
-63, -51
-23, -37
81, -78
4, -1
-154, 13
-44, 22
82, -9
-22, 44
-49, -11
62, -68
92, 75
-110, -109
-76, -73
-28, 105
-57, -35
19, 137
3, 89
-37, 21
-66, -89
117, -35
-183, -172
28, 106
-10, -51
2, -85
128, 53
22, 150
38, -27
-72, -35
-14, 14
-100, -53
21, -78
92, 12
-17, 35
177, -7
64, -44
22, -74
63, -20
70, 189
-22, 42
-80, -4
37, -2
-13, 1
-50, -18
-11, -39
-51, 16
1, 90
19, 18
23, 59
-12, -88
31, 155
-39, -64
-38, -69
-131, 3
-16, 130
16, 31
111, 2
-94, -15
65, -75
52, -19
-7, 128
23, -26
11, 20
93, 111
41, -5
61, 68
-43, 149
-84, -30
-72, -49
-123, 67
18, 114
-9, 65
7, -17
121, 50
-37, -165
-37, -9
21, -28
-1, 56
-37, 73
-100, -38
45, 30
-53, -1
49, 48
-6, -8
50, -15
-85, -26
-8, -12
-74, 75
-20, -10
4, 27
31, -62
126, -129
157, 129
-34, -20
-34, 66
-127, -105
25, -36
-117, 54
-4, 49
-50, 36
-28, -43
-57, -21
32, -37
-81, 100
-52, 23
-42, -10
31, -3
-39, 7
-76, -87
-39, 47
-76, -9
-98, -92
78, 5
65, 8
9, 9
8, 66
-37, 45
-219, -46
-61, 40
-6, -39
23, 164
88, 6
-39, -91
-16, 32
74, 33
147, -119
-92, 55
30, -8
-64, 26
-7, -48
29, 58
56, 30
28, 2
28, 70
-24, 54
-9, 35
-49, 40
8, 119
44, -112
0, -52
39, 91
22, 77
-21, 15
-10, -170
13, -6
30, 23
-38, 100
55, 68
130, -109
19, -40
74, -88
48, -34
-57, 1
28, 41
68, 63
-72, 20
25, 1
79, 5
33, 15
-5, -141
-42, -44
-127, 5
-59, 0
64, -41
-75, -103
-6, -5
83, -34
-80, -96
44, -45
-24, 118
59, -23
-39, 104
-31, 20
98, 17
178, -52
-70, -89
-54, -55
20, -81
-11, -117
-16, -12
-52, 16
72, 15
-5, -94
-12, 2
-46, 6
-10, -105
-130, -127
-17, 84
17, 7
-54, -191
61, -42
16, -22
47, -28
-113, -188
-20, 30
-18, -30
-23, 39
122, 3
-16, 12
-47, -26
100, 110
30, 23
7, 92
0, 23
-52, -45
30, 46
19, 51
-13, -34
-41, -120
-89, 44
83, 6
-23, -64
-4, -58
67, -40
47, -35
23, -53
40, 36
27, 46
112, -2
-6, -60
86, 15
-81, 12
-33, -18
120, -34
-76, -65
-80, 57
103, 75
-43, 205
74, -8
139, 81
-71, 49
113, 38
27, 42
-26, 14
-62, -118
-33, -12
96, 52
24, 35
-56, -91
0, 198
-25, -77
71, 23
17, 60
20, -2
5, -17
1, -100
-26, -86
19, -51
-12, -88
-44, -77
72, 8
-90, 40
-5, 66
68, -94
-2, -33
-25, 16
-49, -55
145, 6
197, -11
59, -167
46, 50
23, 107
-7, -6
-106, 44
6, -16
10, -5
29, 66
122, -73
-9, 49
-15, 134
62, 76
82, 72
-55, 95
-95, 18
77, -16
23, -103
-55, 7
0, 85
-10, 131
-29, 148
62, -43
-68, 48
25, 40
51, 96
-50, -24
41, 133
-89, 175
-84, -122
7, 86
108, 16
36, 128
3, 153
-84, 8
100, 100
54, 59
22, 138
-78, 11
16, 0
-183, -68
-16, 216
5, -35
135, -26
122, 20
98, -31
-13, -26
53, -64
28, 39
-103, 33
-4, 13
-98, -20
55, -55
89, -117
-33, 134
-56, 53
-30, -2
-105, 46
-59, 55
62, -35
-49, -41
31, 44
47, -59
64, -61
10, -35
-15, -76
35, 22
62, -33
69, 62
-102, 120
-111, 43
18, 115
-38, 115
-29, -39
-36, -100
13, -125
70, -45
45, -1
-20, 27
50, 48
-20, 131
62, -97
-21, -99
-76, 17
-45, 58
-52, -46
130, 9
-3, -137
108, 63
45, -166
-77, -204
86, 80
-54, 97
63, -37
43, 4
-29, 30
-26, 69
101, -25
-44, 87
139, -77
73, 28
57, 24
-88, 16
-60, -39
-80, -185
-43, 64
-2, -69
96, 35
-51, -33
32, -9
-54, 28
46, -70
-76, 85
23, -122
-47, 32
-98, 17
-107, 20
-9, 38
63, -12
66, -112
-33, 195
-48, 29
48, -4
84, 34
-96, -32
57, 83
68, -56
-34, 50
26, -79
9, -10
-40, -7
110, -90
-5, 11
3, 42
-131, -171
-9, -37
-87, 0
-28, 41
109, 67
-93, -14
77, 47
93, -57
-88, 27
-20, 6
11, 17
-84, -27
63, 77
29, -15
-91, -9
131, -122
-70, -14
-66, -9
55, 30
-49, 89
7, -13
-29, -14
-17, 2
10, -71
-29, 91
99, 4
60, 25
3, -7
103, 46
-125, -62
-29, -143
17, 5
-75, -61
33, 0
14, -75
34, 39
35, -156
-95, -15
-68, -50
68, 43
25, -80
-68, 24
5, -73
-15, 6
58, 18
65, 51
-52, -97
-4, 10
116, -43
63, 36
157, -91
113, -137
-17, -115
-197, 51
61, -25
-1, -71
56, -25
62, 60
-91, 2
-144, -105
42, 98
-123, -13
22, -18
95, 17
24, -118
-29, -67
11, -33
8, 90
0, -32
-70, -131
-38, -8
-39, 2
72, 128
-81, -198
11, 18
19, 56
21, -22
13, 45
27, -69
-10, 10
-19, -8
15, 9
-4, -39
41, -18
-62, 62
68, 17
-80, 61
0, 13
17, -4
-81, 92
-70, 28
-3, -46
-216, 52
37, -153
-9, -59
-11, 186
-50, -14
45, -19
95, -165
-57, 34
-82, 164
106, 26
30, 56
103, -102
22, -60
80, -106
10, 21
-42, 103
-44, 20
-80, -37
-85, -73
-138, -8
36, -87
-191, 115
58, -80
-13, -42
-8, 23
-63, 33
31, 115
31, -123
-1, -16
-105, -38
37, -11
-39, 3
-120, -56
50, -52
-49, -65
-15, 54
-28, -8
-34, -41
-9, 44
1, 31
112, -194
-9, -70
25, 31
-88, 164
38, 153
3, -35
32, 180
-25, -144
-20, -42
-26, -31
15, -31
-60, -2
-39, 37
-57, -48
-24, -192
-52, -123
-25, 79
69, 12
33, -109
69, 34
-33, -42
-43, -87
93, -88
-184, 42
-174, -22
43, 16
-12, 68
-23, -104
-108, -36
-72, -54
-24, 66
38, 7
-17, -9
-19, 20
26, 47
38, -67
-18, 27
35, 40
-38, 89
-5, 240
-119, -142
-118, 106
-87, 109
50, -139
55, 24
144, 51
6, -63
-16, 55
116, -128
114, 35
48, 2
-20, 61
108, 22
-71, -64
-76, -70
-2, 17
56, -17
15, 3
-36, -67
43, 98
72, 142
-20, 71
-53, -98
-122, 0
73, 7
-1, -78
85, -50
-39, -4
-25, -51
-24, -52
-31, 0
11, -76
-61, -94
-67, -50
-110, -106
29, -10
-65, -236
7, 103
21, 69
91, -131
2, -56
-49, -16
-21, -7
-62, 30
-42, -76
99, 134
-9, 18
13, -114
81, 0
-54, -96
43, -117
11, 111
133, -79
47, -160
8, 8
177, 56
-91, 7
36, 43
-54, -86
-224, 28
-60, 120
-109, -109
20, -3
7, -70
69, 47
35, 43
-82, -59
-50, -18
23, 111
-103, 52
101, -138
52, -40
49, -6
-72, 22
-9, -12
-53, -34
-23, -36
-162, -54
-60, 30
-16, 8
20, 7
85, 82
-22, 49
13, 29
52, 11
91, -47
127, -22
55, 2
-7, -37
97, -65
-39, 11
-9, 35
11, 68
-21, -8
-74, 45
-62, 86
16, -22
-102, -103
56, -2
20, 18
-30, 26
-13, 17
57, 4
114, 77
-43, 136
-34, 66
-61, 163
3, -60
-54, -158
-31, -48
-100, -14
132, -119
151, -34
19, 23
-65, 75
-84, -51
59, -110
13, -131
49, -31
-51, 67
-43, 63
73, 33
-23, 20
-13, -14
-65, -78
-134, -73
40, 17
121, -82
2, -27
27, -65
-80, -123
-57, -38
97, 34
0, 5
-48, 10
-73, -55
-227, -90
-75, -92
2, -77
-129, 31
103, -120
-11, -83
-30, -91
-22, 87
-102, 34
-100, 24
36, 0
88, 53
-102, -66
8, 99
-64, 110
-180, -37
-15, 70
-10, 12
-32, 149
-27, 10
147, 2
-134, -48
106, 92
-45, 114
27, -42
34, 56
-26, -71
87, -55
-36, -37
-37, 13
53, 7
-35, -82
133, -12
40, 19
-53, 34
64, 9
-23, 27
28, -12
110, -186
-1, -63
46, -110
29, -115
-13, 94
-114, -51
-60, 10
2, 133
-70, -3
101, 7
60, 75
50, 57
-6, 76
-1, 20
38, 0
21, -37
-130, -75
-28, -120
-90, 127
1, -5
116, -9
-26, -88
64, 87
-96, 4
40, -3
16, -131
-85, -152
76, 44
-2, -100
0, -25
29, -17
-28, -74
-28, 51
-98, 52
115, -43
55, -88
-96, -7
105, 31
80, -7
17, 123
8, -70
-131, 34
15, -27
10, 45
-19, -98
77, -77
-94, -66
18, -5
-63, 119
71, 14
57, 6
61, 47
-3, -15
-48, -19
-26, -41
158, -145
-15, -17
61, -4
-72, 3
68, 25
32, -102
-51, 116
40, -126
27, -12
81, -101
-41, 50
42, 160
-78, 112
-76, -55
-76, 58
-89, -37
78, 128
81, 130
17, -18
-5, 142
-75, -76
-7, -119
-55, 79
-96, 10
98, -80
15, -22
-47, -3
-42, 18
39, -45
53, 10
47, 50
30, -24
-39, 55
-35, 23
-30, -4
-193, -130
-77, 79
77, -29
41, -14
35, 37
0, 7
-32, 32
-5, -54
-6, -42
-115, 101
-53, -121
-4, 30
113, -38
65, -138
3, -4
80, 43
0, 63
-34, 88
-195, -8
-107, 55
-27, 133
-7, 40
109, 44
10, 94
13, -110
22, 41
59, -97
118, 67
156, -66
-129, 74
28, 118
-3, -24
-16, 108
-77, -40
64, 17
25, 39
-32, 81
69, 3
5, -22
-17, -127
-146, 6
-38, -48
-4, -124
78, -60
-17, 8
5, 115
25, 122
108, -132
1, 19
-138, -59
128, -102
30, 33
41, -97
-15, -95
-11, -99
-5, 82
-65, -73
72, 184
-13, -69
2, -85
34, 0
17, 27
-20, 118
-78, 77
-32, 36
96, -16
-53, 14
21, 185
-69, 65
-105, 68
-23, -48
-93, -82
-7, -90
29, 113
62, 70
-90, 99
31, -69
-57, 64
85, 64
-118, -65
-162, 12
103, -56
20, -3
-49, 26
41, 122
112, 125
-53, -53
60, -93
-18, -53
45, -116
-7, 79
-58, 3
33, 76
53, -4
121, 82
53, 43
9, -9
32, -71
-18, -49
148, -160
-1, -52
-38, -168
19, -164
-60, -44
-61, 49
-8, -59
-18, -115
-59, -96
-18, 118
76, -1
-71, 61
65, 36
-121, -101
-75, 35
-11, 16
-67, -118
79, -65
122, 77
-84, -11
-123, 106
59, 45
-58, -21
84, -25
59, 34
-42, 21
-3, 76
0, 18
-65, 18
50, 22
-61, 26
-19, 58
113, 4
-45, -107
-11, -19
-13, -35
-98, 69
70, 30
74, -71
102, 42
-33, -41
-78, 11
97, 60
33, -27
-29, 38
81, -92
-10, 97
-76, -42
16, -36
-54, -17
-107, 59
-41, 58
-12, -50
-61, -93
62, 58
-98, -85
58, -32
62, 3
-77, -61
45, 56
-64, 23
44, 25
-42, 136
-27, 89
-52, 161
-16, -59
-84, -49
53, -30
-37, -18
81, 89
-88, -18
-39, -119
110, -41
-66, -56
92, -2
59, 26
-50, 145
30, -18
4, 76
-10, -62
43, 76
-99, -91
3, 136
-56, 126
-6, 28
-92, -108
-5, -24
-57, -40
-44, -6
20, 75
85, -3
38, -16
121, 91
39, -59
-52, 23
-80, 60
147, -124
77, -17
-1, 29
26, -3
182, -41
45, 45
-88, -28
4, 69
-29, 1
-161, 23
2, 26
-25, -9
23, 91
-51, -70
-116, 76
138, 5
0, -14
13, -64
-29, -157
-20, 71
-29, -6
94, 44
118, 73
64, -27
-9, -100
-43, 60
-24, -40
-43, -39
3, -38
-45, 25
-17, -121
65, -36
-149, 136
-118, 61
-68, 21
-36, -56
31, 67
-55, -13
-1, 66
-85, -20
100, -37
67, 26
-45, 17
-90, 35
-38, 65
176, 17
26, 125
-26, -80
27, -23
-1, 68
15, -97
-29, -61
-135, -25
15, 109
-31, 17
66, 10
55, 41
44, 13
-9, 69
-6, -58
-29, 11
-29, -75
41, 137
138, -42
-54, 87
69, 60
-31, 102
38, -8
8, -41
3, 4
-141, -10
2, 84
-56, -26
34, 16
-11, -5
-148, -114
-12, 7
-25, -49
37, 0
22, -12
-6, -30
51, 70
-88, 23
19, -70
73, -91
-33, -44
-9, 35
47, -111
-93, 4
-8, -167
-55, 12
-32, 149
9, -48
-26, 21
33, 119
30, 71
-86, -61
8, -75
124, 59
-25, -107
57, 87
74, 42
59, -39
46, 73
-103, -22
-58, 46
88, -33
-42, 13
-10, -86
26, -85
-64, 15
90, -57
-11, 83
23, 57
-22, 34
5, 97
-50, -13
17, -25
-38, -30
-55, -60
-54, -37
8, 16
-86, -19
-115, -83
152, -40
-1, 34
8, -17
58, 36
-57, -43
97, -14
77, -36
116, -38
158, -120
2, -22
77, 47
-7, 48
116, 66
-124, -44
-122, -42
10, -43
-115, 91
-52, 67
48, -38
-64, -48
58, 40
-25, 42
4, -78
-32, 89
-45, -48
-33, 45
176, 72
0, -17
107, -29
-111, 30
-21, -23
53, 7
-26, 93
-65, -55
15, -126
-29, -28
137, 44
-31, -12
-44, 48
20, 27
-58, -95
-133, 39
111, 43
60, 20
50, -62
-21, 11
-86, 76
-7, 32
32, 25
59, 288
94, 17
11, -2
-18, 72
31, 107
114, 10
-65, -10
-59, 34
-21, 74
-80, -3
163, 25
42, 82
114, -25
40, 62
53, -56
-259, 11
49, 106
-1, -38
-13, -51
-67, 22
11, -117
1, 80
-25, -10
77, -9
4, 71
51, 47
-116, -209
-5, -61
39, -15
-100, -126
32, 15
-31, 88
-66, -123
-37, -67
-10, -86
-142, 30
23, -54
150, 4
-33, -10
-9, 89
76, -23
20, -11
69, -21
8, 6
-101, 0
-98, -124
-88, 98
30, 22
-24, -117
69, 85
-28, 53
-129, -53
2, -57
-34, -5
-85, 54
-14, -104
-21, 63
82, 17
208, -99
32, -107
52, -33
26, 13
85, 51
-25, 29
96, 116
-35, 22
57, 77
28, -35
-76, -74
30, -37
-79, 29
-70, 20
-153, -15
84, 75
143, -123
17, 176
-4, -76
-76, 90
-22, -55
-16, -106
-12, -51
21, 30
-21, -19
43, -57
116, -14
-5, -86
40, 96
-23, 9
27, 34
40, 15
75, 130
8, -62
-62, -73
18, 29
-41, 9
-100, -6
48, 16
15, -1
-13, -1
46, 27
-51, 22
50, 31
-62, 24
-49, -42
83, -14
25, -9
-5, -1
20, -36
-66, 20
7, 36
-129, 32
69, 46
121, -67
-78, 4
143, -103
71, 22
65, 39
-74, -49
-22, 30
83, -26
125, 58
12, 145
86, 109
28, -2
0, 4
-96, 93
-56, -40
-87, 90
50, -27
134, 8
-48, 151
-83, -52
-26, -21
-29, -23
13, -23
-117, -113
47, -56
84, -28
59, -78
-64, 65
-26, 82
16, 85
-32, -5
-26, 23
30, -45
98, -144
-103, 45
-44, 36
140, 72
12, -49
16, 9
67, -55
9, -36
-45, 56
22, -53
-3, 40
80, 35
-49, 21
-2, 9
-8, -5
21, 6
-15, 37
43, 15
53, 7
22, 26
-62, -96
31, -38
-102, -87
6, -99
126, -136
37, 34
13, -177
51, -20
-42, -87
-64, -81
-116, 17
9, -74
58, -61
-12, -14
14, 69
-14, 35
48, -52
-14, 44
-16, 159
-165, -28
5, -71
-110, -30
-71, -99
-92, 141
94, 98
-44, 34
51, -24
-6, 21
6, 55
2, -7
-20, 101
49, 59
-38, 0
24, -69
12, 182
37, 5
112, 122
58, -45
27, -3
-53, 91
22, 66
82, -27
-38, -94
-73, -106
35, -189
73, 18
36, -140
151, -60
-5, 59
-21, 12
-23, 98
24, 52
-37, -45
-15, -147
112, 9
-18, -19
-31, -21
-5, 126
-71, 25
-83, -63
64, -81
-18, 41
-59, -45
-40, 8
-14, 114
-44, -24
-27, -21
70, 27
-5, 24
36, -86
-21, -156
-42, -13
116, -34
-17, 43
17, -17
-33, -43
61, -52
-1, 20
-89, -103
6, -76
74, -102
111, 82
31, -37
-31, -2
-29, 76
6, 32
-167, -23
89, -70
-89, 46
-70, 17
47, 34
34, 169
-64, -80
17, -72
34, 46
37, -67
-59, 15
-106, 19
-68, -69
5, 6
15, 29
-123, 38
60, -122
43, 157
-6, 195
-36, -102
117, -34
74, 118
-22, -73
-118, -158
82, -73
13, 58
0, -2
-38, 46
26, 31
103, 20
-44, -11
11, -43
5, -66
-81, -60
72, 10
-77, 190
32, -42
5, -157
-82, 34
47, -26
80, 60
64, 55
34, 176
2, -37
211, -75
99, 18
21, 3
36, 132
21, -55
1, -2
-15, -61
-18, -26
51, 9
-120, -78
-46, -9
48, 36
71, -33
27, -9
-119, -52
-53, -55
-44, -68
37, 69
-101, -19
-139, 18
-19, 93
0, 65
92, 38
38, -103
-56, 43
39, 23
-115, -100
184, -34
-90, 76
-18, 27
-33, 111
118, -52
-61, 99
25, -43
104, -10
17, 12
-21, 89
-41, 107
183, 19
-26, 41
22, 69
41, 57
43, -1
83, -25
76, 32
70, -68
-59, -82
84, 15
-53, 115
-82, 84
-110, -102
20, -47
-86, 53
91, -101
-12, -90
101, -50
18, -45
-33, 52
40, -17
-137, 63
129, 39
-124, -13
68, -218
-17, -187
-94, -9
67, 47
-27, 35
-95, -7
-32, -66
-14, 93
57, 68
0, -75
13, -177
21, 130
19, -66
-23, 105
40, -103
-71, 9
43, -80
5, 13
-104, -99
-17, 13
-9, 34
-40, -1
-105, 28
5, -5
67, -68
6, -27
-51, -40
1, 0
6, -52
87, -15
-15, -44
-49, -7
23, -34
97, 58
27, -43
86, -38
2, -82
45, 69
33, -4
123, -22
-36, -17
54, 99
-9, 77
-48, -74
-31, 2
24, 52
93, 78
65, -49
39, -26
-45, 106
58, 15
-70, -17
7, -106
31, -16
31, 87
-125, 3
-18, -79
-36, -73
-18, -123
17, 8
83, -66
94, 133
40, -14
-94, -84
19, -13
-33, -21
-47, 106
51, 4
159, 67
-52, -7
9, 49
-72, 35
18, 87
7, -97
-3, -59
-41, -74
-26, -87
29, -24
45, 38
-25, -47
118, -47
-50, -23
-6, 39
-4, 23
-108, -55
0, 69
-42, 13
5, -40
121, -67
30, -70
1, -90
-20, -44
110, -84
88, -21
41, 15
-56, 31
25, -28
-10, 29
-23, 115
-34, 28
46, 21
-35, 106
-63, -71
24, 0
16, -107
49, 74
-39, 49
48, 34
15, 120
-8, 2
87, 44
57, 2
82, 39
-140, 193
-15, -100
-57, -42
-68, 41
-1, -9
-29, 47
59, 12
137, -14
97, 39
-42, 71
-12, 51
-58, -76
-78, 81
84, -44
-96, -6
151, 21
66, 39
-23, -21
-104, -103
29, -29
54, -14
-58, -48
17, -38
-47, 99
102, -69
-25, 20
-134, -111
-142, 112
82, 95
-47, 32
6, 58
-26, 64
-44, -15
-94, -15
58, 38
-34, 63
-5, 10
118, -101
86, 84
-11, 32
-18, 22
75, 88
52, -121
6, -63
-91, 24
-8, -6
73, -49
-12, 33
-73, 71
7, -45
-21, -69
-99, 118
77, 12
34, 38
0, 19
4, 9
-1, -90
74, -57
-17, -30
-107, -60
15, 48
-119, -33
-26, -39
-30, 35
-11, -105
31, -91
-42, 33
92, 35
-29, -122
-28, -108
10, -34
-89, 44
-33, -42
58, 4
-58, -62
128, -20
-37, 176
10, -81
-12, 1
-61, -8
-6, 21
-124, -55
-124, -3
-20, 97
-94, 11
-97, 73
56, 17
70, -91
163, 51
15, -1
16, -125
-42, -53
-28, 66
2, 10
-117, 22
25, -72
-23, -134
-260, -122
1, 123
-133, -40
87, 132
-4, -60
-176, -86
-170, -15
63, 110
-45, 26
80, -45
39, 101
-26, 14
-156, 178
131, -41
-28, 64
24, 50
-10, 25
-133, -42
25, -71
-2, 25
-62, -13
107, -107
144, -2
96, 0
13, 6
-3, 154
-9, -24
-61, 17
111, 92
100, 41
12, 40
3, -39
44, 21
147, -54
207, -6
-24, -43
-47, 118
56, -53
-8, -148
-11, 44
10, 5
-53, -9
4, -138
-20, -43
50, 0
-60, 34
-6, 122
-19, -45
25, -64
21, -29
59, -107
-106, 28
-15, 15
43, -245
59, 52
9, -41
-90, 51
-36, 70
-35, 90
-2, 52
98, 95
36, -6
-82, -84
24, -40
20, 34
94, 1
-14, -35
-79, -42
-4, -50
-17, 13
-93, 163
-16, -5
-77, -17
43, 90
-18, -72
33, 123
-15, -125
42, 123
67, 56
66, -90
50, -83
29, 27
-17, -22
-70, -12
-15, -7
-18, 16
5, -78
-59, 28
3, 13
50, -22
-138, 4
-3, -77
-95, -33
138, -53
47, -111
17, 129
118, 65
65, 23
153, 111
72, 39
4, -84
-113, 50
-146, -56
-53, -41
79, 120
68, -47
-30, -61
72, 34
17, 27
51, 13
82, -13
-56, 10
-10, -11
24, -4
-44, 66
16, 31
16, -68
-2, 43
-151, -54
-33, -7
30, 14
-8, -25
-25, -84
-15, -69
80, 34
-148, -36
-37, 22
85, 98
31, -26
71, 166
0, -15
-23, -19
44, 29
-118, -38
15, -28
-30, -22
-13, -2
-1, 5
36, -113
-33, 41
-38, -180
8, -34
82, 97
-76, -25
42, 104
-44, -12
-193, -11
16, -25
116, 28
34, 3
63, 42
1, 8
124, 128
-27, 8
-9, 21
10, -35
-95, 142
67, -9
65, -98
-43, -14
-7, -63
29, -112
15, -16
40, -46
1, 145
-53, 120
36, -2
23, 28
-73, -48
22, -123
5, -15
13, -6
-124, -75
-1, -140
46, 50
31, 5
16, 7
26, -81
-12, -25
-6, -47
110, 39
5, -65
-106, 36
-14, 3
113, -63
96, 135
-93, 111
-71, -11
-37, -169
-27, 31
-11, 40
-10, 114
114, 31
22, -163
-46, -11
-12, 51
-110, 9
63, -20
118, 3
60, -61
-163, -139
49, 7
-190, -15
-38, -75
-94, -27
-34, -69
-33, 65
-27, 26
61, 50
10, -94
-54, -5
37, -85
-53, -93
123, 37
59, -65
50, -52
38, 73
67, 4
37, -29
39, 38
-33, 84
59, 46
-18, 29
-70, -40
-62, -55
-17, -48
36, 13
36, -54
-10, 91
-55, -24
-56, -87
-16, 7
25, 173
43, -95
-9, -11
-37, -51
-3, -91
-70, 46
56, -86
29, 41
-33, -34
-108, -57
-39, -33
-3, 62
35, 76
63, -17
-124, 62
89, 75
-36, 103
-17, 56
0, 9
-58, 74
-117, -56
-17, -102
-61, -76
-98, -66
49, -138
-40, 6
-73, -44
82, -17
-37, -18
19, -28
-5, 113
30, 54
-72, 48
-84, 0
6, 50
83, -37
11, -92
-20, 19
30, -150
-110, 56
117, 38
21, 88
5, 5
41, 111
-102, -1
57, 63
38, 79
93, 47
-97, 45
-124, 117
-23, -13
-20, 17
131, -10
-44, 37
1, 57
47, 17
80, 17
115, -12
-48, -56
-8, 64
-53, -18
10, 121
-25, -28
-22, 13
-35, -17
-19, -96
-112, -83
79, -3
-51, 18
75, 66
52, 23
68, -59
-56, 65
-162, -8
46, -66
-2, 101
-13, -41
89, -73
-60, 5
-53, 56
-8, 9
131, -29
-30, -48
-30, -39
27, 2
-140, -40
-46, 6
-73, -1
-48, 0
-28, -53
-44, -26
105, 62
-52, -41
-75, -155
-20, 12
-80, 27
-15, -43
28, 71
-40, -88
-24, -141
171, 115
-120, -15
-4, -45
10, 74
-122, 52
27, -25
-68, 13
-110, 0
-60, 65
-46, -4
63, 63
40, 20
-66, -32
-3, -1
-55, 22
-12, -57
16, -47
20, 114
-127, 68
110, -44
14, 83
76, -24
28, -36
12, 37
-178, -67
-115, 85
117, 118
113, -90
83, -64
-78, 92
39, -75
-61, 211
45, 28
-121, -14
-47, -6
96, 111
-61, -54
12, -6
100, -77
-58, 15
-20, 23
-73, 11
5, -50
-24, 2
-55, 19
26, 27
-117, 3
-176, -60
46, 129
-88, 107
-1, -150
10, 29
29, -38
-25, 75
109, -113
12, -120
-44, -26
-66, -22
150, 7
40, 113
-46, 27
90, 14
66, 133
-69, 15
-72, 2
-89, 20
-44, 74
7, -129
-10, 4
75, 67
-30, 30
48, -117
-1, 59
28, -83
156, 58
-38, 75
-32, -2
9, -72
-133, 20
-51, -18
-5, 8
-8, 71
22, -19
-119, 70
-9, 22
70, -46
0, 69
7, 25
10, 166
-36, -73
2, 51
-33, -8
-4, 43
139, 21
-40, -8
30, 98
18, 35
-20, 26
143, 15
19, 53
102, -51
22, -67
-60, -98
40, 130
58, -94
-134, 55
-62, -12
-107, -25
-60, -89
104, 23
-45, -135
-29, 102
2, 25
-48, 15
107, -90
21, 60
82, 88
-163, -104
36, -35
67, -7
-88, -90
-14, 11
96, -24
-19, -94
-15, 94
-80, -83
0, -34
153, -85
-44, -28
23, 5
-133, 42
20, 38
47, 34
26, 101
90, -85
-4, 0
-126, -13
43, 62
-1, -27
12, -108
-42, 31
-29, -14
-30, 40
25, 43
-130, -1
93, -74
88, 67
11, -18
-59, 58
-128, -89
15, -20
-64, 90
96, -1
37, 74
-61, 31
14, -7
-35, -146
-64, 47
50, -44
-153, 64
52, -50
-42, -58
131, -21
15, -119
32, 63
-26, 50
-155, -75
-17, 16
67, 36
0, 5
27, -39
-74, -134
2, -44
81, -35
21, 41
90, 169
32, 35
17, -4
-102, 45
61, 81
-26, 8
-1, -5
27, -55
110, -72
45, -38
-55, 38
40, 45
101, 94
-76, -145
-51, -32
-157, -15
116, 82
-56, 23
-107, -34
-67, -129
-44, -142
-77, 42
-64, 31
105, 33
44, 79
-17, 29
-46, 110
74, 107
-48, -18
-14, -59
40, 109
122, 89
-72, -11
34, 12
24, 47
-73, 74
89, 24
44, -55
102, 33
-51, 25
12, -101
-47, 60
86, -18
68, -86
74, -25
28, 2
-89, -82
45, -24
3, -21
-51, 118
-48, 37
-96, 10
-49, -10
50, -53
1, -63
58, 16
21, -1
-63, -142
24, 145
18, 59
4, -18
30, -112
-26, 22
17, -64
-86, 2
38, -1
30, 49
-102, -50
-93, -100
84, 3
57, 43
-42, 95
-53, 4
62, 44
74, -50
9, 148
-66, -29
49, 22
-5, 52
-28, 8
86, -140
-8, 31
-56, -37
105, -167
-92, 106
-49, 81
30, -1
-101, 40
73, 99
66, 143
-13, -91
-21, -38
-58, 64
-32, 85
79, -86
-57, -2
130, -9
30, 30
-28, -95
-36, -64
75, 60
-104, -35
-5, 82
42, 14
7, -19
98, -88
39, 12
-95, 52
-58, -66
13, 16
61, -60
92, -9
-2, 55
4, 36
52, -69
11, -99
62, -136
35, -53
-6, -110
-9, -49
-67, -7
-75, 57
54, 142
54, 132
-158, 20
-19, 32
39, -5
-80, -74
59, -39
35, 90
-94, -74
78, -13
-142, -1
72, -3
-11, 67
-148, -78
-43, 31
51, 4
-47, 31
106, 11
45, 0
47, -99
44, 80
6, -54
69, -12
-32, -111
-10, 3
-31, -11
-118, -120
70, -18
46, -133
107, 113
84, 207
-81, -39
119, -150
0, 34
-41, 43
32, -139
-127, -203
83, -10
-64, -89
8, 45
-43, 15
8, 49
31, -52
-82, 145
31, 3
68, 1
99, 45
35, 133
-49, -46
-58, -50
185, 95
-33, -9
-172, 15
-64, -10
51, -26
96, -45
28, 0
25, 107
88, 38
20, -12
-116, 57
-24, -46
6, -40
-10, -132
-20, 80
-114, -45
78, 92
-39, 48
46, -36
22, 28
135, -12
-46, 33
-80, -21
8, -37
-128, -2
10, 156
-55, -11
-52, 12
74, 105
36, -106
14, -13
-108, 24
-31, 71
37, 98
-108, 74
114, -58
-121, 142
41, -70
-43, -95
-62, 46
-22, -99
-137, -64
-15, 24
43, 6
46, 33
71, -82
44, 5
-12, -9
123, -40
-31, 19
-8, 45
-75, -25
61, 159
4, -57
-82, 5
-7, 33
-5, -127
-19, 181
-9, 89
-27, 45
-16, 29
-19, 40
52, -33
14, -64
23, 117
-66, -120
-32, 42
-22, -43
96, -98
28, 68
86, 52
-29, 88
41, -126
26, -68
-139, -19
7, 68
56, -51
90, -69
-72, 18
-5, -20
28, 73
-174, 22
11, 6
-34, 28
93, -76
8, -106
122, -14
-35, 157
-57, 12
120, -15
-64, -47
-131, 167
0, 12
-57, 20
-21, -2
22, -51
-23, -94
-80, -23
22, -32
-41, 56
47, -55
-108, 57
-51, 10
69, -33
-76, 80
-64, -49
60, -63
-72, -17
152, -44
-100, -63
-58, -91
-38, -66
-41, 92
-42, -32
43, -63
-155, -62
-1, -55
11, 80
19, -74
-75, 23
21, -96
38, -63
14, 80
-81, -40
103, 67
-12, -80
19, -71
-53, -124
101, 19
-81, 33
-43, 29
82, 68
20, 79
9, 135
-133, -49
-43, -21
-95, -123
61, -6
64, -8
35, 118
97, 42
-100, -93
-54, -23
4, -107
-23, -28
-110, -64
14, -2
-75, -40
-46, -9
21, -17
-82, -37
132, -51
-37, 126
45, 98
-22, -27
152, 25
30, -120
76, -120
-53, 18
14, 72
70, 1
-70, -194
59, -48
-10, 9
54, -56
159, 62
88, 17
33, -20
-30, -75
-136, -140
95, -39
43, 11
-21, -24
-68, -15
3, 122
-49, 48
33, 36
5, 208
67, 1
-84, 59
-103, 57
63, -78
50, -41
-134, 0
-67, -18
56, 45
45, 62
-21, -99
71, 21
52, -98
48, 42
-60, -174
-29, 57
-15, -69
-68, 24
-14, -87
1, 11
163, -95
18, 4
22, -41
99, -13
-19, 62
-41, 18
-10, 85
0, 52
-101, 38
-41, -88
-137, -19
-28, -39
-55, 2
49, 148
30, -18
-8, -9
-116, 81
-107, 91
103, 37
-59, -17
9, -84
-23, -55
-80, 52
-37, 116
-85, 179
79, -55
-147, -14
-117, -92
-50, -95
-51, 7
-43, -1
88, 135
-52, 11
-26, -25
11, -62
-87, 54
-43, 31
-39, -8
55, 33
-88, 43
99, -8
62, -3
28, -152
8, -56
-73, 67
-12, -58
59, 37
30, -48
-13, -64
-95, -75
-68, 18
24, -54
48, -126
11, 76
51, 24
64, -78
3, 98
127, -77
22, 0
39, -160
41, 94
11, 56
52, 151
112, 27
-90, -105
61, -96
-107, 32
122, 62
-31, 82
139, 58
-66, -39
-58, -44
83, -32
25, -39
-45, -1
133, -40
3, -43
31, 54
-25, -46
-77, 47
159, 3
-54, 30
-66, 86
-47, 29
49, 28
-129, -114
71, 32
-26, 9
-6, -7
-104, 100
67, 48
108, 14
4, -159
-4, -67
20, -15
-28, 32
85, 52
-159, -68
174, 94
-65, -117
-24, 90
98, 28
-80, -4
42, 6
56, -81
26, -17
-110, -34
17, -43
-25, -97
50, -35
-5, 6
69, 35
87, 10
-148, -13
-31, -50
-48, 44
-25, 133
69, 65
35, 19
28, -16
-102, -26
3, 119
-127, 70
0, -28
-79, 107
-204, -11
91, -9
31, -171
20, -19
-2, -108
131, 91
68, 59
133, 32
-18, -77
10, -78
21, 57
34, 93
-30, 0
-24, -21
-83, -14
-84, 36
-118, 48
-58, 58
-20, 82
-54, 32
-26, -50
41, -136
100, -27
-78, -117
4, 106
52, 90
46, -135
-94, -94
42, 55
51, -69
-22, -25
-67, 29
34, 203
-94, 17
10, -47
69, -78
117, -5
-79, 73
-97, 95
-16, 91
16, -35
150, 56
-129, 48
9, -33
-32, -21
-37, -9
-20, -48
-84, -22
-78, -150
-50, 5
14, 28
6, -82
-108, -20
-1, -15
110, -19
100, -146
-126, 18
36, 19
-53, 113
44, -75
-40, 87
60, -125
75, 23
-89, -60
-21, 41
-94, 13
-70, 143
110, -45
39, 11
1, 8
-15, 89
-14, -33
29, 35
105, 18
-10, 54
40, -134
35, 128
-39, 12
-27, 8
25, -45
14, -12
-3, -114
11, 87
0, 12
-128, -3
-14, -144
8, -62
-12, 30
51, -54
109, -7
13, -38
50, 41
-24, -82
50, -77
-46, 36
136, 43
49, -110
-40, -61
40, -67
60, -53
5, -60
6, -3
42, -117
-231, -49
84, -45
71, 13
-25, -74
-79, -8
-121, -39
-26, -19
62, 115
11, 86
108, 23
-35, 22
-32, -53
103, 69
-27, -21
45, 15
79, -15
55, 108
111, -67
9, 77
-72, 111
125, -24
74, -66
143, -68
-5, 49
-61, 15
87, 26
-5, 16
-69, 33
62, -69
1, -55
108, -57
84, -12
105, -103
60, 38
91, -59
180, -19
-130, 40
0, -59
-17, 20
-72, -30
-80, -53
-9, 40
87, -59
41, -154
-131, -90
22, 65
38, 17
54, -90
-96, -7
5, 42
48, 65
58, -122
-8, 20
-32, 40
64, -51
32, -6
6, 52
-74, -69
