135, -203
215, 375
-19, -185
-267, 144
126, -485
0, 200
-321, 41
-125, 29
360, -26
205, -442
16, -321
-3, -203
218, -3
88, -22
-96, 130
-99, -35
-76, -146
-442, -254
356, -251
-72, 98
-184, 132
94, 43
26, 161
-154, 522
36, -178
18, -214
-181, 198
-69, -125
-239, -30
-498, -467
-23, 319
-114, 103
-17, -257
-393, 39
-203, -63
-427, 224
212, -47
516, -166
167, -129
38, -543
-67, -164
-465, -27
-117, -199
-181, 73
-313, 80
510, -153
-5, -231
169, 177
-129, 129
57, -269
-139, 32
-1, -140
-294, 145
204, 146
-86, 198
-245, 456
22, 332
-133, 365
-220, 165
-317, -78
183, -106
-164, 305
85, -62
-202, 68
-297, 77
134, 227
-474, -154
-177, 266
253, -183
-179, 281
40, 8
653, -132
-13, -198
124, 298
-291, -144
-161, -162
-221, -75
90, -51
76, 8
71, 154
153, 25
143, 16
-103, 34
135, -94
-17, 117
-75, 216
32, 421
-168, 184
-49, 123
149, -403
-22, 130
67, 150
-148, 0
-498, -152
-29, 37
-187, -327
263, -316
-249, 242
-117, 343
55, -88
-329, -152
-401, 60
32, 464
-54, 53
-136, -178
60, -165
-12, 322
130, 32
277, -236
197, 237
51, -61
-121, 375
-3, -38
-8, -474
261, 21
40, 128
-61, -31
71, 504
146, -62
-500, 62
-183, 2
272, -184
157, 223
-220, -127
-204, 40
-110, -64
-197, -580
75, 26
242, -22
527, -299
-143, 413
113, -237
-67, -163
282, -29
325, -321
211, -86
-193, 200
12, -43
-214, -23
-14, -296
-255, 78
-280, -159
113, -72
-156, -79
100, -95
16, -406
255, -297
404, -129
-5, -284
219, -298
220, 236
137, -336
-289, -160
31, -245
446, -252
346, -260
522, -193
232, 114
-20, 75
23, -283
14, 222
-361, 157
-143, -629
-199, -277
493, 117
-64, 126
265, 193
323, 289
234, 10
239, -418
130, 278
-240, -103
456, -298
312, -20
-193, 258
-83, 6
180, -282
97, -231
394, -287
167, -23
-174, -12
186, -461
-406, -42
-213, 4
40, 117
205, -20
-176, -314
-316, 96
15, 141
81, -125
-33, 53
153, -89
-377, -175
-336, 269
438, -86
-279, -59
31, -165
-190, 199
-511, -481
107, -174
155, -105
215, -286
609, -95
306, -241
-406, 257
300, 358
79, 124
284, -33
-552, -142
80, 290
-257, -15
174, -18
70, -462
413, -20
-42, 27
-123, -108
-233, 265
-77, 201
53, 149
138, 232
167, 234
-142, -61
-321, -37
77, -140
-49, -78
-45, -212
121, -245
128, 183
-32, -125
-82, 278
26, -325
172, 388
-429, -85
327, 334
257, 47
166, 116
-271, 22
125, 27
-56, -301
-108, -113
200, 307
-123, -201
-305, 223
94, 195
302, -282
101, 119
8, -194
-229, 328
89, 123
237, -319
115, -117
79, -83
-118, 274
647, 224
-50, 53
-57, 42
87, -174
131, -50
404, 237
19, 201
445, -397
-220, 34
112, 280
-7, 118
-176, 176
-123, -271
-341, -26
-183, -5
-97, -210
-99, 73
-264, -617
159, -226
-172, 331
54, 2
325, -348
-139, -68
261, 203
2, 586
89, -356
-366, 13
161, -150
-287, -89
-269, 310
-482, -521
-163, 160
193, -44
-44, 339
-90, 295
69, 209
-144, 31
-13, 394
329, -219
-146, 155
-186, -75
251, -37
88, -67
-89, 34
-68, 15
2, 275
-237, -20
-78, -76
-176, 1
-52, -21
36, 64
314, -175
-28, -233
-57, 84
241, 152
149, -403
362, -212
-44, -129
101, 169
-336, -7
-456, -132
176, 168
203, -299
-208, 318
-96, -96
-161, -118
-217, 471
64, -106
228, 31
-57, -281
-108, 146
-8, -316
-382, 284
98, -373
96, 369
50, -111
122, -75
32, -143
-10, 167
17, 87
123, 207
-233, 247
341, -215
244, 252
295, -110
-24, -632
289, 89
-135, 43
58, 85
308, 46
69, 162
315, 181
155, 296
-238, 345
63, -297
427, 220
-90, 82
-119, -171
50, -49
114, 56
107, -25
43, 268
416, -313
343, -13
285, -15
-113, 687
34, 82
476, -372
147, -2
152, -268
-170, 76
399, 1
-13, -234
-94, 37
-208, 381
-264, -48
70, 72
-122, -93
-375, 266
7, 84
190, 192
-304, -64
-52, -31
-387, -195
-111, 6
298, -139
122, -79
-287, 261
-197, 334
-222, -246
149, 187
59, -164
-383, 24
-210, -131
271, -250
174, -210
-117, 67
-112, 147
57, -26
-195, 4
41, -479
-275, -188
212, 443
203, 0
370, -332
-90, -196
11, -38
271, -82
-239, -217
-554, 130
209, 54
-154, 206
-129, -321
226, 89
228, 84
31, -49
-99, 135
382, -13
135, -144
-174, 183
-97, 218
240, 72
346, 50
-47, -349
423, -290
-194, 249
-56, 201
89, 364
119, 237
-156, -136
-65, 125
-123, 273
223, 98
-131, 290
130, -295
93, -218
-656, 165
-45, 141
-25, 111
127, -11
303, 126
246, 182
-87, 480
-505, -41
-72, 32
-102, -104
-64, -37
-359, -7
181, -276
-108, 195
-58, 215
28, 64
-409, -117
-212, 461
-219, -253
-163, -370
-274, -4
-306, -420
316, -124
-20, 426
-315, -298
-300, -80
77, -484
-213, -249
-4, 29
-108, 150
-150, -43
26, -266
117, -181
-85, -139
-156, 266
-13, 59
187, -223
308, 233
265, 87
208, 30
-119, 159
66, 127
257, -64
-427, 181
131, -29
-219, -119
400, 202
-282, -93
-417, 34
353, -186
-214, 113
117, -89
-62, 264
-182, 175
404, -106
-427, 14
175, 49
-15, -55
185, -50
69, -14
153, 181
-146, 475
-453, 15
329, 86
458, -355
163, -200
253, 146
141, -145
35, 113
108, -49
46, -307
106, -101
-585, -404
-274, -362
151, 215
-252, 130
467, 494
-181, -94
119, 292
-42, 183
-45, -370
101, 230
66, 156
-80, -209
-324, 59
10, 313
58, 98
75, 110
-453, 16
-96, 102
-16, 156
-46, -54
-144, 164
-356, 119
-85, -11
363, -77
-54, -20
81, 1
-146, 291
-76, -380
94, 218
274, -325
37, 99
-67, -129
340, -44
151, -1
-122, -582
482, -339
-102, 176
111, 84
342, -279
-271, -303
-226, -278
-236, 316
170, 58
218, 277
-237, 155
311, 49
-636, 115
166, -305
-295, -318
-95, 156
-610, -247
-261, -158
-65, 135
57, -78
333, 87
-215, -211
558, 471
-3, 86
78, 0
-6, -11
-165, -17
-141, -17
-202, 382
109, 129
-45, 13
72, -497
-49, -154
-33, 182
402, -185
309, 203
-154, -79
-196, 41
149, -40
65, -235
-140, -139
243, 102
356, -92
56, 263
110, -86
173, 96
189, -45
41, -217
40, -227
-72, 87
78, -11
-95, -124
-147, 135
492, 42
58, 503
-428, -191
322, 288
212, 151
114, -9
-80, -238
103, 115
-149, 57
324, -202
-69, -28
47, 285
223, -26
53, -176
-21, -240
128, 222
100, -194
81, -82
-174, 113
-85, 221
373, 176
-99, 176
208, -12
657, -53
-352, 21
67, -493
99, 205
-78, -248
-407, 88
453, 465
-281, 412
-199, -218
-140, -306
45, -52
240, 233
-388, 148
-2, -76
85, 4
98, -132
489, 210
278, 58
178, 53
-214, 202
-161, -33
62, 41
536, 213
516, -348
117, 257
-159, -391
-162, 29
-111, 287
128, -90
405, -36
236, 36
130, 316
10, -30
303, -17
-510, -50
-382, 143
282, -44
129, -231
-217, -232
-34, -346
-229, -143
563, -1
22, -149
-370, -21
-245, -133
82, -158
303, 106
213, -18
-237, -266
101, 171
94, 216
-42, -175
-129, -32
-35, 168
-228, -173
72, 90
-176, -164
284, 1
7, 41
154, -315
136, -467
107, 120
123, 416
259, 158
-344, -150
-3, 323
-22, -159
9, 106
-278, 171
237, -123
-94, -205
-194, 471
316, -193
251, 113
-151, -489
-279, -177
-569, 2
-350, -126
23, 108
-187, 330
215, -154
38, 263
-1, -328
-260, 125
63, 321
-186, -319
246, -1
286, 235
-67, -204
-11, 8
-18, 64
343, -59
126, -258
408, 376
73, 45
361, 281
-160, -55
-201, -162
-103, 254
-72, 355
155, 364
184, -90
-294, 137
-10, -44
-353, -245
216, 96
-144, -144
-8, -14
282, -36
-301, 76
-13, -183
79, 51
-441, -208
-307, -149
498, 555
258, -31
-65, -62
41, -202
-91, 88
-401, 362
-64, -72
18, -224
79, 43
2, 61
332, 377
41, 311
-283, -165
-144, 1
-461, -528
-332, 115
253, -293
187, 23
59, 32
-239, -513
77, 34
71, 247
22, -95
-135, -322
-18, 45
-123, -108
-30, 550
-107, 188
498, -377
76, -25
69, -164
186, 97
-15, 186
431, -32
-262, 118
239, -528
-204, 267
224, 449
243, -114
-293, -161
78, 334
239, -15
-203, 290
-178, 102
-345, 248
45, 176
108, -364
-74, 79
276, -238
161, 14
-194, 32
-65, -105
116, -180
7, 141
-178, -320
-131, 137
-60, -76
235, 371
350, 191
65, -54
373, -151
298, 11
55, 273
77, -50
-386, -12
-81, 241
-29, 50
-304, -460
441, -73
27, -312
-330, -67
42, -250
-166, -62
-157, -24
-22, 77
-15, 105
-111, -6
16, -92
-68, 188
-217, 247
-34, -30
-261, -142
46, 31
326, -108
138, 44
322, -394
-350, 199
-18, 87
-56, 309
248, 0
21, 127
237, -315
32, -240
-321, 39
229, -263
-265, 128
108, -361
335, -201
-139, -89
99, -362
245, -75
94, 73
-37, 228
85, 183
59, 20
63, -113
594, 131
62, 257
308, -177
234, 313
25, 161
363, 221
-424, 148
-269, -185
-133, 364
26, 196
-137, -296
-22, -35
81, 366
179, 136
182, -241
165, -39
0, 231
274, -421
-166, -82
71, -43
-325, -10
-278, 391
502, -89
10, 349
345, 386
-237, -91
-88, -178
103, -399
-37, -30
-596, -185
-6, -274
-242, 111
-376, 292
445, 0
-438, -363
338, 55
-15, -212
201, 81
31, 404
206, 10
238, 97
209, -351
343, 60
26, -40
2, 58
168, 100
275, -147
73, -430
14, -114
205, 104
75, -198
-21, 178
-99, -144
3, 202
-419, 264
-23, 465
-202, 149
51, -312
-126, 172
20, -382
108, 117
229, -137
141, -170
-55, 97
-70, -300
325, 232
-38, -104
-17, -183
127, -55
-91, 323
-31, -422
163, 215
363, -334
-97, -164
-279, -63
-24, 164
358, 12
-193, 44
-63, -41
-358, -273
45, 162
-396, -126
-564, -285
66, -125
102, -463
224, 46
-21, -160
-44, 437
40, -92
-110, 247
-72, 600
-111, -16
-57, -283
-22, -137
120, -196
-342, 125
225, -32
434, -13
-160, 228
-492, -377
-98, -334
-207, 209
9, -95
171, -58
-119, 198
385, 243
118, -178
-156, -179
123, 275
463, 135
154, -422
102, 372
-149, 181
183, -137
-171, -53
31, 67
292, 378
-158, 135
283, -217
-80, 122
85, 153
241, 306
12, 284
140, 658
200, 53
-30, -336
-143, -34
96, -87
-55, -7
-293, -419
-265, -157
119, -522
124, -387
-76, 73
222, -113
240, -258
-170, -77
395, -489
7, -124
42, -76
-17, 182
-99, -212
-181, 8
-427, 20
-151, 65
244, 312
37, -123
251, 142
-188, -95
137, -409
218, 85
75, 306
-44, -177
-63, 265
338, 206
276, -14
-62, 184
118, -17
-311, 16
-182, 16
-197, 172
-456, 601
-38, -200
-200, 128
305, 77
-65, 341
86, -210
-106, 102
-187, -51
175, -84
-290, 277
-132, -261
317, -137
33, 70
-39, 19
-217, -207
-428, -380
-134, -130
102, 270
185, 296
-106, 305
-11, 0
171, -47
67, -26
-65, 367
178, 208
-259, 104
-518, -127
-407, 188
231, -42
36, 275
-262, 50
322, 211
-235, -118
-115, 175
-9, -537
136, -78
-45, -19
-38, -201
91, -120
-183, -439
-26, 537
82, -104
-352, 416
292, -77
594, 301
-62, 187
85, -88
-132, -175
11, 0
-26, 382
214, -396
34, -562
212, -309
183, -192
57, 321
-119, 77
364, -301
245, 8
28, 208
106, -12
-26, 106
377, 247
-345, -156
190, -183
-217, 419
171, -376
-214, 126
195, -318
-82, 15
-169, 86
-223, -100
-19, -148
-429, 143
41, -40
411, 45
-126, -262
40, -122
92, -214
-216, -186
121, -91
-53, -174
114, 353
-48, 99
-4, 136
-231, 212
1, -308
7, 90
248, 125
-319, 51
-246, 249
-2, -123
386, -125
205, 323
1, 51
-113, -17
-197, 154
8, -163
-57, -83
245, 158
73, 231
216, 38
-69, 335
-193, -36
-233, -163
232, -88
26, -75
87, -151
-163, 129
-35, -177
212, -356
-64, 74
-74, -308
445, -350
-35, 142
51, 102
316, 152
-454, 234
379, -327
-380, 123
-128, 54
122, -95
365, 200
98, -328
35, 477
270, 10
14, 37
252, 217
-281, -344
-181, -191
-234, 139
-201, 14
55, 535
-52, -125
177, 4
-534, 325
-187, 380
243, -41
-72, -165
-74, 160
138, 66
68, 76
197, -67
-87, -40
-206, -252
-3, 104
32, -278
240, 112
-3, 157
39, -197
45, 385
8, -355
-97, 72
-265, -202
238, -105
207, 105
-101, 265
117, -108
-143, -143
-502, 206
-179, -28
100, -195
-54, -72
-25, -153
-175, -441
-143, 51
14, 174
-260, 114
-452, -244
-112, -93
208, 108
-302, -257
34, -55
-51, -631
-417, -142
-318, -255
-406, 182
-275, -201
176, 417
103, 141
-412, 45
-9, -144
453, 141
107, 142
81, 20
-36, 87
233, 434
-268, -105
100, -205
-145, 54
223, 125
128, 73
-112, -448
-225, 494
-182, -62
91, 228
487, 151
188, -52
92, -1
-113, 319
-296, -395
-152, 319
-47, -77
384, -239
-323, -175
5, -134
206, 179
-354, -59
-236, 146
-3, -477
-73, 98
182, 357
42, 157
13, -66
-67, -283
228, 315
-482, -114
-41, 3
-109, 169
194, 24
-40, 211
71, -280
-128, -273
-22, 14
119, 517
336, 88
325, -215
-19, 1
-430, -366
-381, 55
347, -118
201, 300
-208, -87
117, 171
-80, -78
196, -276
-266, 229
0, 16
233, 150
-71, -184
160, -99
-42, 191
2, 29
-159, 645
157, 309
-373, 123
-298, -154
168, 381
-69, -37
-52, 245
25, -70
-151, 52
-93, -175
226, 410
120, -184
19, 200
-153, 45
531, 204
170, 270
20, 16
-75, 234
256, 154
147, 627
28, 198
-301, 296
83, 24
243, -378
22, -10
-196, -105
239, -235
-331, 312
361, 283
-256, -263
230, -198
-6, -52
144, -94
142, -626
164, -17
-188, -243
-217, 226
163, -214
61, -97
392, -62
-5, 80
-349, 227
-24, 71
262, 224
168, 62
-139, -186
70, -223
-149, -226
14, 81
-131, -215
-116, 136
-285, -144
0, 440
253, -79
231, -192
309, 69
293, 298
323, 184
-5, 333
233, -45
496, -100
401, 183
-166, 287
233, 19
-100, 221
-32, -113
-211, 150
38, 161
-143, 178
-210, -259
-415, -185
274, 111
143, 79
197, 45
-113, 28
337, -4
-529, -119
-262, 334
480, -248
-77, 253
-125, 130
-196, 68
-97, -257
236, 57
27, -94
-109, 37
-355, 146
167, -577
-90, -21
165, 251
-343, -23
-256, -58
226, 266
70, -128
-204, 163
-95, -245
389, -227
-77, -297
244, 372
381, 164
-105, -85
-12, 137
-45, 251
-775, 346
3, -176
-580, 46
-107, -102
39, -101
-302, -7
270, 176
278, -143
-28, 572
-52, 123
59, 213
-457, -81
-38, 189
112, 234
152, -288
-438, -200
37, 351
-67, -279
-405, -327
267, -619
-158, -312
124, 191
82, 301
-238, 315
94, 289
-323, -4
1, -265
-321, -54
-65, 28
40, 26
13, 91
-116, 52
179, 73
450, -548
128, -221
-125, 42
-176, 341
-147, -153
85, -9
-92, 218
25, -362
326, -535
-86, -130
-26, -314
-24, 207
-148, -249
-62, 73
205, -392
-393, 608
209, -43
-55, 19
355, 37
-30, -108
-48, -84
-191, 90
50, 103
-211, -461
32, 200
246, 365
-164, -210
-17, -242
75, -95
334, -428
249, 220
-138, 23
199, -206
165, -157
346, 265
-102, -122
106, -158
-323, -121
119, 132
-233, -155
-32, 135
254, 101
-106, -78
-245, 349
-427, -184
107, -501
-12, 4
-104, -65
234, -433
31, 142
372, -193
310, -15
-55, 171
340, -231
272, 130
-298, 62
-295, 79
37, 466
456, 115
86, 56
136, 102
362, -352
-186, 50
152, -4
-78, -334
-44, 116
37, 347
-26, 63
115, -132
-63, 100
-42, -138
-327, -306
-77, 71
-7, -147
373, -1
-120, 346
-39, -170
30, 38
245, 98
167, 374
-158, -94
129, -64
70, -59
199, -141
-328, -192
-126, 5
-296, 14
-110, 52
415, -13
-260, 258
124, -79
-94, 327
-240, -158
36, 111
97, -411
-29, -23
-314, -147
-284, 268
265, -349
140, 225
75, -294
20, -220
456, -84
120, 150
42, -50
-130, 131
433, 286
-124, 103
45, -86
192, -14
-153, -96
-46, 26
254, -273
61, 143
125, 156
169, -50
193, -222
-231, 275
11, 375
-53, 7
-374, -73
-214, -86
61, 214
155, -157
-32, 94
169, 256
34, 122
-187, -127
-85, 100
-191, 41
81, 440
39, 362
298, -78
-176, -54
130, -18
34, 311
51, 236
-7, -150
-120, 109
-20, 40
-39, -213
44, 206
12, 19
-392, -262
-125, 51
173, 82
-120, 331
261, 306
-364, 73
-155, 43
371, -248
-121, -146
422, -219
-81, -358
273, -1
-39, 253
398, -106
420, -26
-279, -160
300, -155
-218, 247
158, -321
-70, 242
-136, 210
-198, 324
-76, -302
-44, -127
275, -237
-77, -220
28, -175
-35, 76
-68, -332
21, 272
167, 106
88, -672
25, -248
207, -65
370, -99
-79, 98
266, -115
152, -29
-190, 114
-60, 335
-124, -156
-354, -100
-306, -185
-306, 155
303, 217
124, -142
297, -83
-2, -171
-10, -277
-238, 242
87, -32
165, 56
131, -257
11, -216
302, -331
107, 41
26, 42
-132, 18
-76, -181
-51, -16
-46, 311
51, -228
49, -206
-92, 181
176, 13
-476, -168
10, 102
29, -238
235, -192
-82, -1
394, -296
95, 136
68, -239
-49, -398
361, 137
-125, -18
132, 410
-84, 257
360, -243
274, -34
-206, 52
148, -340
357, 351
231, 34
-173, 327
111, -272
-338, -361
-204, -644
-81, 55
-26, -304
46, -48
-293, 165
-247, -38
-46, -440
234, -82
375, -157
-63, 356
-318, -301
42, -151
54, 440
31, -137
223, 242
-76, 134
187, 240
-303, -21
-112, 40
-33, 159
230, 173
102, -348
-79, -302
-2, 135
85, 222
-60, 207
376, 120
-105, 127
154, 321
51, 205
-196, 56
-265, 156
-14, 88
14, 309
243, 303
-473, -207
-101, 332
-175, -309
-304, 153
-15, -320
-60, -123
383, -185
0, 139
-65, -248
-424, -73
-64, -31
-151, -331
-125, 10
-123, -255
398, 168
155, 132
-116, -213
-129, -94
-29, -199
28, -169
303, 294
240, -129
185, 352
105, 39
28, -77
208, -96
-85, 75
-100, 88
28, 175
-298, -39
-64, -98
-208, 34
359, 202
81, -157
5, 71
65, 1
-51, 191
49, 27
-335, -149
204, -60
-83, -154
21, -93
151, 97
-251, -65
-129, -168
17, 30
80, -91
-171, -115
440, -176
51, -158
97, 155
29, -87
-23, -260
-25, 108
354, -93
-411, 187
209, 71
240, 313
-183, 96
40, 132
47, -162
4, 195
-141, -131
-291, -161
-211, 79
134, -164
19, -231
212, -23
-45, 301
87, 382
162, 153
-78, 140
376, -72
147, -27
99, 91
-149, -33
-210, -42
-107, 84
-139, 53
68, -18
103, -178
88, 219
111, 124
-227, 66
27, 175
-41, 55
-296, -184
-153, -178
-269, 244
294, -106
378, -334
-73, 260
-238, 362
-131, -334
-294, -164
157, 125
264, -348
246, 172
-235, 251
377, -79
-440, -374
366, -206
180, -50
-480, -365
376, 240
-103, 358
182, 236
10, 62
-295, 51
-117, -369
-284, -234
-140, -39
10, -202
241, 8
-42, 167
-199, 206
8, -169
-192, 63
65, -384
-14, 38
-149, 54
-2, 360
-14, -331
-188, 144
-217, 331
-23, 229
286, 168
-275, -231
-364, -216
-88, -100
67, 279
-265, -106
103, 136
-123, -273
-135, -34
-106, 253
-130, 582
330, -361
-394, -391
-3, -89
-79, -319
-57, 37
-247, -71
125, 71
-59, -136
-4, -7
113, -56
51, 242
137, 665
-185, -113
266, -289
-306, 376
-297, -137
33, -450
-208, 391
-15, 264
341, -127
-345, 153
37, 236
464, 290
-13, 67
240, 52
270, -160
129, -163
-269, -599
555, 200
-83, -4
21, 458
-205, 40
-231, -339
352, -195
75, 0
64, 25
119, -172
311, -22
132, 22
191, 158
174, -50
270, -100
69, -233
180, 261
-307, -155
371, -114
159, 61
-180, 172
-254, -191
55, 184
55, 257
-104, -277
-322, -4
212, -190
156, -239
-101, 47
312, 235
265, -200
-168, -382
-252, 179
3, 236
211, 471
220, -161
309, -267
163, 404
-61, 468
106, 171
380, 329
73, -176
-39, -126
599, 354
-245, -107
362, 67
-1, 55
-223, -193
471, 99
-288, -322
-205, 130
199, -297
220, -80
-263, -84
-15, -186
-22, 71
98, -383
-370, 304
134, -181
267, 13
71, -7
-224, 252
55, -463
-316, 383
302, -92
102, 340
-248, 523
62, -18
64, -61
43, 292
-25, 417
-149, 198
36, 266
26, 221
-116, 26
-138, -568
-154, -43
174, -142
210, -269
37, -302
-86, 44
-177, 365
334, 114
213, 5
-177, -471
-24, -165
204, -447
-101, -22
5, 197
-40, -23
-272, -287
-13, -78
-282, 121
-34, 9
159, 138
-146, 33
123, -262
-238, -297
75, 307
-416, 229
116, 94
-156, 58
-157, -95
111, -47
300, 88
-230, -295
563, -3
180, 92
151, -323
104, 139
463, 17
27, -98
347, -89
-31, -10
210, -350
-44, 2
-69, 63
-210, 20
96, -617
295, 128
-22, -61
78, 79
-98, -136
-65, -288
136, 162
25, 102
52, 62
-184, 94
384, 34
520, -327
-2, -123
-71, -71
-71, -456
-6, -246
-162, 19
187, -66
468, 419
-127, 1
-7, 63
-326, 301
-233, 437
153, -228
160, 316
-363, 214
156, 34
-42, 300
-204, -362
-473, -424
-201, 65
97, 72
516, 333
-152, -75
70, 113
-116, -142
-300, 8
0, -48
-161, 2
90, -80
-142, -108
62, -61
202, -204
-72, 241
-303, 47
-404, -105
-151, -223
607, 583
-476, -104
-41, 114
59, 131
-71, -338
319, -360
87, -187
-69, -44
-108, -208
-439, -38
600, -84
-437, -86
-24, 122
-248, 236
-52, -14
39, -250
-543, 166
161, 328
-110, -152
-234, 125
-317, 32
-304, -251
-236, 210
-521, -85
56, 24
-112, 41
303, -248
-181, 76
-429, -27
357, 9
-114, -225
-96, 565
-212, -126
-338, 247
-224, 14
12, -303
-100, 31
-127, -53
225, 43
170, -551
-32, -183
148, -331
233, 27
245, 24
-224, -65
84, 142
-11, 94
263, -46
-162, 274
-245, 65
62, -78
-9, -110
-529, -274
13, -386
95, 62
-171, -11
-284, -343
-64, 78
-51, 365
46, 219
-99, -5
311, -107
-212, -83
-113, -297
269, -62
152, 41
533, 36
-192, 136
112, -59
-105, 227
196, 74
-457, 239
214, 211
-67, -287
-18, -446
249, -336
736, 9
48, -7
350, 333
-309, -41
23, 201
142, -206
-45, 288
155, 60
410, 276
-16, 9
173, 98
54, 170
-241, -507
362, -48
-261, 132
35, -250
-225, -182
123, 183
-199, -134
43, 291
-146, -93
-193, 24
97, 324
214, 490
66, 187
0, -146
197, -369
-10, 30
65, -118
54, -365
41, -465
-400, 29
-100, 322
406, 492
-99, 32
164, 394
-234, -152
391, -421
124, 135
153, -320
-176, -42
-10, 267
45, -277
-470, 18
173, -205
-135, -97
153, -14
153, -77
455, 182
-124, -416
117, -8
-377, 419
-165, 164
201, -52
185, -36
213, 69
-160, -322
82, 58
-37, -112
8, 313
325, 109
-138, 64
5, -85
64, -136
81, 176
-258, -278
-261, -81
-48, -291
554, -147
359, -135
449, -273
-516, 91
-12, 99
271, -118
1, -18
-358, -286
218, -14
153, -202
7, 557
328, -392
103, 339
60, -129
139, -185
-332, 37
301, -343
219, -61
72, 374
76, 188
-395, 117
262, 66
23, -207
-598, 314
-90, -51
-156, -210
-82, -351
-72, 10
-178, 203
60, 185
92, -337
70, 135
350, 19
216, -175
315, -232
-203, -177
-13, 217
-246, 81
91, 180
-138, 180
-104, -89
276, -39
-255, 127
54, -45
-184, -450
-443, 321
-29, -168
-238, 78
-154, 336
-211, 272
80, 117
200, 22
-154, -167
262, 14
96, -116
77, -236
99, -225
394, 169
-169, -408
15, 190
-26, -370
313, 38
70, 158
84, -96
-288, 20
-191, 38
55, 215
-121, -287
462, 82
-100, 292
-86, -7
-448, 236
-309, 81
83, -50
79, -47
-51, -182
-248, 56
-159, 401
-284, -612
-92, -45
-69, -182
-35, -137
-63, 30
-70, 273
352, 154
71, -299
220, 921
-212, -263
-97, -167
-336, -417
255, 267
211, -32
149, 93
-524, 320
-106, -165
-25, 452
-203, -117
-82, -12
-227, -67
-466, -90
-28, 57
-156, 346
-15, 145
278, -110
-184, -374
151, 480
293, -63
52, -31
265, 305
385, 204
4, 352
-111, 46
-70, 93
86, 87
149, -41
-93, -151
353, -141
226, 34
82, -475
-80, 63
-392, -74
-112, 112
60, 262
2, 237
-706, 384
46, -82
264, 19
-123, -158
-147, -83
8, 271
10, 91
-413, -271
-106, -486
65, 141
236, 85
102, -36
-358, -435
-76, 77
161, 0
-106, -168
44, -39
200, 49
54, 254
-120, 3
361, -134
-387, -360
290, -310
-325, 443
302, -5
-68, -20
-212, 37
-173, 132
-380, 20
-282, 36
79, -74
189, 313
-279, 156
-408, -284
159, 255
-126, -423
-125, -123
-234, 148
-241, 81
-52, 90
31, 98
-124, 774
-117, -447
200, 568
-86, 118
-89, -157
331, -450
-88, 127
-41, 50
392, 161
92, -475
-492, 339
-158, 126
183, -164
431, 124
-90, -323
350, 0
67, 67
-243, -52
304, 359
286, -99
-208, -9
-355, 185
276, 87
2, 152
-107, -102
-198, -247
372, -241
81, -50
311, -43
231, -39
-6, 106
-126, 41
252, -8
81, -373
151, -456
144, -272
-52, 388
-278, -222
-162, -411
-37, -381
-300, -209
-55, -573
150, -143
-171, -170
424, -183
-103, 211
-346, -23
-116, 193
-158, 462
-151, 207
439, 0
-256, -16
-258, -12
-247, -225
137, -256
372, -322
-321, 46
-336, 57
-75, 256
-129, 193
73, 412
-269, -217
-189, 140
10, 23
148, -32
-30, -159
-3, -99
-503, 123
-169, -77
60, -445
-207, 242
206, 459
-698, -56
-24, 269
-25, 234
-128, 93
354, 163
-141, -142
64, 387
-75, -53
80, 266
-143, 55
-73, 267
-200, 182
185, 107
-190, -148
114, 152
-185, -356
103, -144
68, -236
-100, 1
-161, -38
-83, -347
-158, 200
128, 641
277, 301
168, -186
-48, 212
48, -64
70, -128
101, 240
9, 75
304, -38
249, 99
38, 94
12, 259
44, -108
-115, -293
62, -321
-196, 230
-483, 303
166, 366
492, 149
54, -160
247, -95
-13, 230
-89, 266
90, -209
236, 37
-144, 44
268, -28
-31, 539
-46, 73
222, -178
-134, 188
39, 353
-225, 277
83, -147
-182, -15
-40, -346
-201, 14
128, -84
-225, -84
156, -295
-356, -29
-174, -71
0, 335
-244, 255
270, 271
-174, 128
110, 178
113, -222
146, -30
6, -271
294, -203
-24, 368
-389, -48
265, 275
-16, 14
-38, -67
-189, 75
76, 407
-144, 55
-177, -65
112, 54
3, -46
-63, -235
20, 79
-24, -217
-9, -32
-109, 135
91, 109
93, -469
171, 30
-193, 509
140, 246
-173, -334
-263, -96
-184, -209
-79, -331
-469, 178
44, -14
-376, 35
24, 371
20, 285
-40, -180
-154, 9
-305, -105
-4, -297
-27, 346
66, -80
291, -111
13, 0
-274, 9
-102, 111
-61, 313
3, -59
252, -39
-148, 207
12, -2
214, -54
268, 343
-261, -167
396, -254
-154, 26
-169, 178
458, 174
-177, -275
27, 19
194, -288
323, 159
90, -300
-134, 123
-11, 134
486, -77
-99, 9
-181, -223
129, -14
164, -118
-217, -13
224, 138
-176, -53
250, 88
-54, -361
74, 95
-169, 371
474, 147
178, -344
4, -36
-30, 91
-357, 41
-465, 76
-23, -75
-115, -53
227, 246
-213, 37
-130, 23
167, -220
160, 117
-237, 16
152, -77
208, 57
194, 142
-121, -156
204, 79
-320, 71
-332, 29
-2, 186
16, -143
90, -115
217, 213
-107, 164
80, 53
-134, -87
0, 207
269, 110
243, -111
-309, 45
-420, 503
110, -10
-19, -84
224, -550
115, -211
195, 164
-26, -152
260, -174
-312, -182
220, -261
2, -124
-39, 92
157, -36
-130, -258
-323, 299
420, -110
215, 382
-101, 87
-43, -244
-122, 79
-223, -427
-172, 122
74, -106
-159, 43
-5, 182
-308, 415
285, 186
-130, -592
-25, -320
-510, 6
345, 120
-116, -88
-8, -183
-685, -353
-217, 58
-311, -72
-14, -80
265, 176
211, -139
-229, -243
-143, -302
176, -200
-140, 69
175, -11
245, 72
0, 225
-45, 102
-50, 536
138, 85
267, -235
-111, 133
-232, -57
351, 32
72, -27
6, 40
179, 424
22, 2
-22, -308
-78, 72
-329, -202
-10, -272
-168, -203
-199, 22
206, 6
-195, -359
198, 69
-203, 53
-103, -187
-84, 152
61, -62
61, -185
100, -178
-52, -397
-301, -108
94, 189
120, 324
-293, -58
274, 215
-184, -77
14, -314
-564, -365
-58, 343
82, -1
3, 315
-68, -411
-327, 102
84, -194
-57, 269
-343, 386
-262, 286
-189, -5
374, 303
120, -78
135, -22
-62, 111
371, -4
-91, 263
-125, -42
-103, 54
192, 21
-196, 154
-130, 10
296, -129
49, 117
26, -94
-69, 457
106, -43
-11, 423
18, 260
111, -34
233, 234
0, 131
-435, -198
351, -31
79, -78
-510, 196
50, 51
303, -394
-180, 7
-26, -418
85, 99
311, 265
401, 46
101, -264
120, -279
191, 213
270, 199
107, -203
-58, 27
375, -186
573, -141
5, -589
166, 22
-123, 208
286, 205
190, 16
411, 650
-367, 173
185, 1
19, 292
-13, -491
10, 38
208, -80
10, 252
-221, 167
-28, 95
-215, -603
-156, 75
128, -190
-263, 13
204, 277
-371, -205
184, -137
-257, -19
38, -696
307, -426
108, -365
-264, -285
-443, 166
-28, -189
-222, 145
251, 92
-74, -30
363, 49
-90, -81
103, -225
-166, 297
54, 189
-96, -127
-330, -84
59, -294
-7, -113
-33, 244
66, 101
-121, -98
112, 262
7, 370
299, -117
267, 52
-236, -194
357, 128
-86, 214
87, 278
45, 158
297, 257
358, 70
250, 182
241, 123
-77, -224
147, -164
162, -277
185, 157
-169, 163
-215, 337
61, -146
423, -315
64, 24
-198, -166
-72, -347
33, -216
-180, 39
-311, 185
-560, -74
-278, 102
80, 136
314, 230
-181, -114
-233, 89
150, -165
12, 59
29, 260
-143, -64
-172, 336
-66, -389
437, -128
300, -24
-155, -71
2, 75
101, -287
-234, 259
23, 30
131, 129
-69, 102
403, 121
-97, 77
-15, -60
11, 318
274, -62
-194, -309
-443, -210
-402, 29
46, 3
-127, -149
-241, 74
-26, 24
-29, 129
240, 167
395, 143
-144, -54
158, 9
-38, -36
129, -120
-47, -5
218, -54
-230, -99
26, 87
-351, 367
-109, -480
141, -123
-147, 22
211, 345
179, -157
530, -147
-403, -84
114, 259
347, -255
14, -167
-254, 544
446, -63
-439, -85
-68, -74
147, 110
-50, 64
-191, 107
-198, 540
-154, -44
-222, 372
21, -301
-237, 359
64, 111
-310, 291
67, -55
76, -156
-12, -394
258, -271
-172, 104
68, -269
-93, -46
-69, 328
162, -195
111, 397
252, 26
172, -111
24, -227
163, -228
-117, -48
308, 129
-80, -158
461, -334
-232, -1
-263, 353
231, 410
-69, -61
-89, -60
424, 104
33, -90
-82, -34
147, -5
186, 322
-302, -8
177, -235
149, -53
72, 348
11, 538
-335, -161
146, 443
-298, -252
-211, 136
-335, 381
-28, -209
565, 49
208, 148
-199, 194
-215, 132
76, -66
206, -437
-168, -143
-238, 128
-182, -138
-13, 188
-130, 457
169, -111
-265, -589
-285, 52
-40, 165
249, -13
11, 44
141, 104
-126, -295
471, -70
-261, -166
573, -132
55, 108
161, -161
199, 275
-289, 161
-121, 189
182, -150
-204, 19
211, 361
144, 106
61, 129
152, 140
-153, -124
179, -203
339, -491
-203, 112
-245, 62
-411, -308
-397, -47
-193, -286
-201, -81
73, -127
280, 144
14, 61
294, 186
-81, -22
-215, -56
-264, 73
-114, 177
-54, -230
-209, -255
139, 60
-112, 382
127, 16
161, 341
55, -28
110, -1
-56, -146
276, -502
84, -40
186, -220
-398, 505
40, -147
268, 211
195, 53
82, 175
200, -286
109, -322
138, -18
-66, -179
265, 120
232, -183
-62, 371
-28, 11
216, -249
-72, -249
41, -10
-88, -76
280, -57
296, 362
3, 254
-45, -118
44, -123
168, -56
386, 96
26, 55
-27, -137
-113, 295
-86, -28
56, 48
-56, -25
153, 156
145, -317
-240, -54
-184, -28
364, -240
370, 215
-54, -163
-93, -171
196, 347
130, -293
170, -169
-338, 128
147, -319
99, -13
185, -464
118, -48
-4, -77
-263, 461
224, -448
206, -374
-99, 152
-316, -97
44, -50
77, -42
-229, 85
339, -108
84, -56
-20, 176
268, 118
-156, -119
-47, -99
184, 276
86, 177
195, -341
234, 0
85, -224
-207, 224
17, 195
468, 177
42, -327
-112, 134
41, 81
-393, -17
261, -287
-229, 233
-69, 153
-179, -12
-19, -32
-234, 138
-211, 283
436, -78
374, -404
-99, 41
173, -71
-168, 18
-82, -175
142, -202
50, -224
-202, 221
304, 285
187, 151
-43, 50
268, -414
32, -34
-233, 351
-7, -268
367, -33
438, -362
-91, 23
237, 283
42, 261
435, 194
-217, -393
194, 161
-307, 135
697, 123
207, -75
54, 52
261, -151
163, -429
301, -322
-74, 98
-269, 435
306, -306
-611, -64
44, -102
0, -418
164, -284
-13, -130
-68, -281
-386, -67
-295, 41
261, 77
-69, 140
218, 281
-423, -129
155, -41
471, 552
-107, 54
-129, -99
-233, 184
-53, 85
-55, 178
9, -432
-94, 323
273, 22
-232, -137
-90, -67
-40, -300
224, 76
-44, -46
470, -8
-129, -101
-86, -250
99, 131
116, -160
79, -47
239, 45
-34, -138
-115, -70
133, 46
161, -138
166, 335
269, -60
102, -122
-188, -32
353, -338
23, -130
322, -14
74, -76
156, 54
-73, -156
-155, 164
184, 135
49, 363
-390, 261
428, -171
-60, 268
-168, 193
-87, -439
-106, 31
-53, 217
-126, 534
227, -170
54, -37
1, -162
-254, -224
158, -155
-255, -276
-10, 264
-30, -10
-149, -259
35, 41
-78, -192
35, 67
425, -148
393, 141
138, -82
-54, 188
175, 428
185, -479
-10, -163
81, -69
254, 549
21, -331
266, 182
160, 183
304, 28
-145, -23
-447, -46
443, 85
306, 25
-303, 40
-183, 104
-129, 213
113, 9
-188, -33
0, -177
-132, -153
-220, 72
217, -193
43, 243
229, 11
206, 293
-133, 225
-29, -348
-24, -217
-247, -94
85, -124
149, 26
-219, -63
-156, -53
-362, -23
268, 407
302, 183
243, 33
176, -155
45, 170
109, 443
-94, 86
433, 110
547, 75
11, -23
-454, 68
-565, -329
-155, 199
154, 64
-233, 244
-99, -308
102, -179
-41, -327
-3, 97
-117, -44
177, 67
94, 79
5, 84
230, 400
285, 84
39, 125
282, 2
-572, -230
-220, -33
21, -43
75, 67
195, 327
-126, 120
-50, 103
-51, -22
219, -256
3, 2
209, 154
278, 248
-295, 306
21, -277
416, 372
-4, 353
-207, -1
33, -123
-265, 332
-162, -102
91, 130
-188, 19
-177, -16
315, -266
-248, -64
-264, -4
-162, -54
90, -69
111, 15
-87, 282
248, -375
71, -40
-29, -240
381, 138
86, 55
-48, -66
155, -425
166, 84
-147, -350
-252, 106
113, 359
381, 25
52, -9
-14, -109
-329, -66
89, -87
-149, -340
-152, -14
55, 518
-17, 79
-52, -3
174, -333
197, 55
-167, 42
-29, -194
-10, -177
128, 52
-60, -4
115, -73
-399, 193
-233, -90
228, -144
207, -10
173, 241
-102, -286
-76, -409
264, 335
-115, 190
230, 458
-584, -155
-292, -152
-124, -203
-83, 54
-279, 117
171, 0
169, 200
91, 10
90, -94
-17, -121
399, -78
154, 91
-201, -157
-33, -47
-332, -68
-318, -75
-144, 45
19, -410
266, 133
501, -364
-72, -207
-146, 60
-284, -109
244, 43
243, 356
-322, -15
64, 57
61, -694
-129, -19
19, -6
-39, -12
177, 249
148, 312
116, 20
241, -126
106, 225
415, -8
596, -58
351, 86
408, 427
-59, -107
-8, -476
6, 125
-424, 123
-89, -233
634, -256
77, -291
-131, -311
-382, 472
147, -311
-138, 326
-59, 37
-360, 250
63, -104
327, -107
91, 5
33, -237
-110, 137
-63, 88
56, -129
35, -188
199, 73
-160, -40
-512, -147
-216, -11
-115, -190
185, 281
-88, 305
-39, -21
107, -17
-98, 148
106, 223
-126, 2
-33, -142
-314, -126
-364, 147
-89, -18
-97, 172
-51, 306
168, -149
-1, -125
-31, -49
66, -241
-253, -62
-438, 151
-9, 179
-150, -18
-135, 170
-347, -249
-66, -347
69, 206
-60, 157
46, -23
110, 82
288, -152
-69, -24
-64, -120
-405, -208
350, -250
19, 6
-155, 235
-193, -209
18, 96
-8, -30
-279, -58
90, -247
-407, 229
248, -156
165, -117
190, -147
167, -114
-183, -314
-377, 191
42, -251
-190, -237
-115, 141
-112, -187
-87, -22
55, -54
286, 137
-44, 292
509, 12
-116, 157
49, -214
292, 285
-185, -137
172, 462
20, -30
41, 7
253, -22
-201, 200
125, 242
-44, 263
-72, -131
-35, 278
-203, 204
196, 85
80, -34
-1, 359
-202, -32
205, -399
247, -199
18, -125
39, -37
-291, -357
-85, 55
342, 182
130, 9
185, -435
7, -200
-90, 260
235, -445
367, -259
-18, -289
-43, -258
-45, 112
211, -154
70, 200
23, -303
-82, 355
90, 80
179, 304
-43, 205
-186, -234
-34, -249
54, -348
169, 181
-263, 104
409, -193
259, -294
194, -29
268, -203
420, 523
53, -259
-105, -79
94, 217
174, -81
-111, 33
-15, -35
-369, -144
-49, -431
114, -293
-462, -41
58, 87
-19, 140
271, -378
280, 307
-137, -549
109, 173
379, -37
34, -144
-186, -458
37, 176
-119, -17
325, -466
274, -49
-134, 318
-335, 42
22, 192
-53, 189
-98, 4
2, 112
81, -132
37, -69
53, 265
-491, -59
-241, -220
-11, 4
272, 356
-199, 410
-257, -308
-230, 486
89, 238
125, -150
392, -94
-35, -105
-158, -115
29, 19
-11, -148
-150, -154
-98, -24
-179, 326
-226, 275
279, 29
195, -530
-101, 69
-69, -94
148, 23
-174, -336
123, 296
-241, 538
-33, -36
-345, 18
-454, -277
-27, -376
-538, 138
-89, -296
131, -291
-179, 345
-150, 143
-100, 198
-133, -53
78, 240
-142, -310
138, -277
15, -34
379, -190
-118, 51
82, -35
-262, -97
-400, -115
-97, 142
-243, 93
-581, -273
-174, -275
-163, -92
-128, -57
-62, 105
176, 72
-194, 180
158, -433
105, 78
64, 38
-242, 486
75, 220
175, 345
118, -39
209, 458
221, 183
202, 226
-134, 329
-273, 157
-300, -31
-345, -65
-167, 319
90, 269
95, 119
-227, -314
384, -81
206, -82
-113, -46
-88, 266
-168, 109
-346, 344
465, 187
463, -564
-137, 163
-191, -435
-41, 230
57, 192
158, 495
49, 217
-91, -67
357, 169
-62, -42
-141, 179
-297, 42
-211, -7
28, 443
56, -1
-13, -431
-22, -27
608, 184
-63, 66
-52, 59
-205, 345
234, -118
-272, -5
-63, -176
-514, -267
-36, -23
-787, 404
165, 357
287, 349
336, 80
92, 342
243, -208
259, -81
-67, 9
-328, -227
103, 51
-217, 94
182, -64
-97, 34
-291, 304
510, -25
-63, 237
-69, -371
-235, 51
-258, 298
-159, 92
-207, -18
-57, 160
-107, 488
204, -3
-130, 37
147, 139
51, 88
164, -206
-88, 335
-324, 111
254, -345
30, -42
285, -204
324, -48
-310, -182
168, 73
336, -52
235, 165
-67, -18
-49, 28
110, 0
-650, 227
142, 64
249, -167
297, -50
272, 318
-427, 44
-188, -333
-80, 380
259, -263
-316, 58
18, 138
118, 174
-113, 240
-167, 98
-200, -183
150, 113
-195, -8
8, 61
-218, 206
-24, -85
94, -28
216, -108
-515, 129
352, 104
-229, 39
96, -51
268, -66
-221, -185
-524, 237
0, -509
-294, -43
-184, 93
36, -192
-205, 147
-139, 121
-161, -11
6, -100
-307, -374
-212, -351
-146, -512
249, -152
-153, -397
253, 508
35, -61
274, 293
-246, -87
-428, 19
-57, -15
-63, -315
-287, 19
-467, 13
45, 216
38, -185
45, -265
-76, -119
150, 177
-22, -128
-168, -204
352, -204
294, 314
95, 156
-163, -271
-152, 55
0, 240
130, -129
-34, 306
104, -324
-383, -78
187, -299
137, 118
348, 43
-151, -19
-310, 355
-198, 449
67, -243
138, -108
-69, -156
-49, -11
310, -112
-40, -27
428, 67
-170, 58
81, -34
47, 64
7, 287
-96, -16
-163, 13
-391, -264
159, -61
-209, -113
180, 29
-169, 89
-65, 234
200, -285
-256, 205
-137, 130
5, 173
343, -282
-81, 2
-317, 446
-232, -94
131, 114
-264, 176
259, -30
58, 33
45, -150
35, -195
278, -245
116, 95
-237, 262
-60, -133
-158, 286
18, -170
15, 130
-120, 222
-189, 40
3, -122
473, -300
-126, -220
123, 392
-58, 273
-157, 211
-94, -379
123, -63
163, 465
108, 268
50, -328
235, 207
220, -236
-155, 164
155, 235
19, -304
-324, 405
-309, -53
-232, -129
344, -456
190, -207
270, 78
65, -150
-87, -25
254, 181
-240, 0
135, -232
174, 342
-281, -116
392, 442
-13, -369
62, -190
39, -127
-379, -137
-246, 457
399, -60
-109, 319
279, 171
57, 356
-47, -337
270, -94
47, 19
-109, 259
-212, 268
-210, -80
-443, -124
578, 232
-164, 6
-315, -444
67, -5
-343, 69
163, 206
-131, 193
-229, 33
-4, 150
84, -29
39, -47
80, 347
-22, 394
42, -46
344, -152
-581, -93
33, -321
-138, 272
-681, 101
283, -163
4, -171
-37, -296
418, -111
106, 165
-103, 258
96, -161
68, 108
-360, -87
172, 168
67, -25
-284, 261
56, -100
-143, 110
-250, -296
-132, -88
-17, 102
219, 105
-253, 241
198, -210
496, 352
-165, -318
-367, 260
-303, 63
-113, 299
-492, 31
-347, 72
35, 98
407, -62
-320, 92
78, 324
287, -185
-220, 134
-35, 34
-51, -116
-142, -275
626, 341
-26, 585
-311, -263
-114, 69
101, 125
69, 103
-161, 152
-38, 45
266, 261
-708, -100
279, -101
33, -148
188, 218
-227, 179
-44, -413
-123, -381
164, -87
7, -99
120, -32
65, 7
-242, 0
328, -152
-123, 106
-53, -33
43, 45
268, 160
-87, 124
-236, 159
-34, 8
-72, 76
16, 309
-158, -71
-83, 317
118, 195
-49, 420
304, 255
53, 210
-202, -46
-42, -63
-127, 654
220, -7
116, -102
-130, -115
213, 193
-205, 28
-198, -313
369, 396
1, 296
-132, 24
-270, 33
270, -248
-320, 174
-117, -322
214, 73
-312, 263
3, 3
-103, 168
241, -16
-148, 96
-119, -257
255, 137
-210, -275
-218, -419
-280, 367
-130, 262
-498, 49
-35, 263
-120, 10
-95, -50
225, 371
248, 222
142, 227
217, 329
124, -67
30, 20
-303, 73
71, -15
-301, -148
-120, 81
331, 127
219, -370
222, -220
275, 125
-263, -70
-513, 18
166, -147
32, 88
-7, 277
411, 149
-73, 283
39, -102
408, -135
-119, -43
-423, 154
-355, -188
96, -18
-129, -77
335, -287
294, -137
-128, 218
162, -167
386, -265
-370, 95
245, 78
134, -172
86, -424
-143, 2
110, -138
-218, 108
290, -275
120, -232
49, 63
188, -339
221, 8
296, -302
-235, -3
280, 241
-188, -49
139, -189
82, 165
-137, -322
195, 72
-171, -177
465, 56
3, -41
128, 139
122, 29
387, 309
183, -141
273, -200
301, 312
46, 252
-85, 540
-196, 56
-114, -139
130, 198
372, 161
70, 377
-378, 30
62, 86
458, 107
-142, -46
-337, -272
-77, -414
-156, -429
34, -87
203, 171
325, -204
102, 20
161, 103
332, -96
-53, 65
65, 203
-110, -206
163, -211
-108, 260
104, 93
285, 518
-253, 65
-60, 176
-146, -9
-92, -478
-194, 11
177, 89
-159, -172
-47, -289
-54, 18
75, -305
-42, 252
208, 199
-370, -26
-501, 66
82, -78
125, 214
-208, 239
14, 230
184, 401
-140, -260
-134, -104
-53, -121
-228, -109
379, -31
-10, -70
-240, -66
-107, 109
-34, -13
-562, 14
-188, 209
134, 31
415, 195
-196, -12
-456, 325
-107, 357
-141, -154
-42, 229
-35, 160
347, 0
180, 41
-185, -168
177, 57
-386, 147
-75, 74
100, -381
46, 218
-408, -722
1, -26
258, -236
161, -246
-125, -434
169, 75
-263, -325
18, -12
-1, -121
-140, 93
-367, 191
413, 71
-190, 326
-188, -153
210, -212
-66, -30
-329, -70
-91, -70
-184, 1
-129, 105
-300, -96
92, -356
-33, -52
-327, 3
534, -227
-344, 458
4, 134
122, 161
-81, 292
77, 71
173, -232
-275, -505
130, 288
-20, 258
435, -374
29, -203
138, 189
-98, 160
6, -134
-98, 111
26, 873
-183, -139
-95, -249
-73, 114
32, -33
-357, 39
50, -144
-129, -57
41, -669
-431, -48
100, -150
326, -96
180, 157
248, -100
-177, 345
-278, -27
-219, -344
94, 100
-99, -275
-376, -431
265, 291
358, 386
-114, 544
-281, -232
-234, -22
-56, -40
-142, -59
42, -119
-23, 294
-154, -17
-178, -87
-395, 159
-6, -132
-452, -189
-148, 60
-33, 24
-73, -257
167, 65
-84, -321
75, -107
-42, 40
-438, 31
-198, -95
114, -176
17, 374
-145, 179
117, 18
22, 93
91, 114
-350, 216
-94, -134
-200, 231
-167, 241
146, 290
176, -146
-434, -224
-399, -191
-173, -121
-188, 32
-328, -114
147, 142
103, -329
-585, 202
-434, 507
-95, -499
213, 81
271, 197
-370, 89
-62, 4
-8, -127
-252, 374
-284, -121
-418, -27
160, -6
288, 120
184, 114
-31, -236
-268, -255
84, 12
-189, -132
-117, 0
-377, 66
-368, -379
74, 392
160, -113
172, -106
-197, 386
392, 113
242, 13
177, 102
-147, -359
-181, -9
214, 86
-33, -73
-67, 25
12, 57
-64, 225
-157, 67
-199, 260
-204, 173
218, -257
-222, -203
42, -173
-26, -273
223, 259
67, 60
233, -147
356, -102
209, 29
230, 217
-296, -66
128, -239
23, -193
240, -186
102, -116
170, 26
124, -492
210, -10
203, -211
316, -667
-91, -39
-188, 678
86, 32
330, 222
-141, 228
193, 62
-25, -39
-88, 230
-186, -244
-92, 129
4, 296
292, -76
54, -121
-34, -77
-12, 111
59, 167
-146, 411
27, 297
318, -49
-200, -104
-481, 234
-195, 207
-126, 261
-61, -305
325, 171
299, -225
-328, -238
-290, 297
-483, 112
-61, 174
-18, 408
55, 26
-15, -51
59, -165
187, 118
78, -27
16, -223
137, 48
-165, -448
323, 83
-57, -137
-87, -410
-90, 259
190, -166
118, 251
58, 5
-58, -55
-460, 161
287, -29
-354, -14
260, -226
103, 262
292, 164
-36, -482
-17, 59
-128, 90
198, -4
132, -449
65, -140
-170, -426
-156, 277
469, 46
100, 71
-50, -78
341, -363
-176, -16
-49, 153
133, -161
130, 184
-84, 166
122, -241
-222, 4
-399, -157
99, 292
38, 0
-204, -269
-1, -228
-509, -25
119, -384
277, 52
26, 373
-228, -91
122, -39
145, -489
-114, -5
-372, 168
-168, 490
-156, -153
-120, -204
365, 15
-155, -388
268, 16
178, -109
111, -252
197, 127
93, -195
-72, -79
351, 625
573, 196
112, -80
-178, -163
-17, 70
-68, -18
186, 14
434, -330
56, 52
390, -68
6, 64
73, 26
-679, 93
615, -481
24, -224
336, -442
210, -54
-495, -26
521, 133
-41, 74
343, -134
-260, 220
-24, -40
165, 409
232, 366
187, -219
-76, 207
-164, -185
334, -109
-104, -207
221, 100
-35, 374
-200, -169
63, 186
121, -125
212, -177
299, -276
-54, 192
366, 35
-60, -160
-262, -53
-374, 151
112, 412
-179, 253
-250, -220
-228, 409
324, -104
-127, 350
166, -16
239, -221
189, -45
-123, -61
-112, 55
-57, 3
222, 62
-71, 131
84, 177
165, 127
-299, 154
270, 234
-35, -147
-107, 296
218, -51
8, -23
190, 28
125, -601
-255, 299
-350, 104
-33, 328
-27, 382
460, 65
-61, -341
406, 175
339, 332
473, -115
246, 286
105, 269
67, 52
-390, 129
229, -229
318, -248
-152, 307
121, -136
290, -141
98, 54
96, -338
-166, 229
64, 104
21, -136
19, -85
56, 597
-436, 200
-146, 349
-142, -42
-185, 467
167, 61
-89, 138
-378, -143
278, 378
254, 16
45, 278
33, 75
176, -463
-12, 152
97, 103
346, 230
-263, 573
305, -139
251, 81
-72, -39
-175, 263
-32, 168
286, 87
-250, -92
81, 21
-409, 245
203, 1
-137, -270
-530, -134
3, 105
-104, 124
182, -238
-102, 200
280, 391
256, -252
225, 113
-100, 40
-226, -576
175, 145
-348, 290
-263, 64
-319, 293
100, 98
200, 198
-58, 520
101, 523
-151, -43
-129, -260
-37, 199
305, 81
385, -308
-25, -155
388, 273
-269, 10
-432, 147
-281, -52
-80, -71
50, -456
-107, 14
-13, 150
521, -154
150, -278
400, 187
209, 140
-32, 134
-70, -23
-488, -135
-254, 28
410, -61
413, -68
174, 192
-50, -272
-198, -157
3, -157
-221, -181
-270, 166
-525, 11
-303, -86
523, 37
365, 101
-184, -281
148, -35
135, 166
4, 59
-97, -124
299, 88
-399, 19
21, -77
188, -275
74, 186
-389, -78
-41, 81
-6, -259
89, 165
-160, 61
-300, -78
225, -337
-257, -73
-158, 242
97, 1
202, 188
257, -625
163, -170
-399, -337
118, 43
253, 150
-81, 196
57, -203
165, 17
-56, 87
-93, 101
103, 657
-431, 319
-65, -204
-81, -461
262, 60
245, 226
39, 333
-225, -86
246, -101
-24, 185
6, 22
-80, 23
36, -15
-4, 384
52, 223
-119, 62
-306, 497
-246, -302
-47, 17
-115, -341
-269, -38
-370, 534
174, 152
293, 21
-26, -100
-33, 311
141, 78
-10, 52
-48, -93
482, -163
163, -96
194, -217
235, -162
-168, 148
116, 318
-122, -560
154, 11
-442, 5
55, 144
56, -96
264, -171
96, -124
221, 126
138, -506
143, -240
105, -12
-145, 41
287, 79
-133, -135
-179, 16
-142, 165
27, -155
110, -191
622, -181
-229, 126
50, -31
110, 205
-177, 243
317, -4
35, 235
127, -26
-298, 70
-321, -7
-172, 188
-56, -32
198, 120
-65, 92
173, 262
-321, -145
149, -4
-188, 390
-50, -191
461, -14
35, 379
-9, 306
-532, -230
-84, 92
156, -60
21, 72
-44, -74
72, -155
36, -94
120, 259
-276, 40
-330, -27
99, 258
156, -394
-177, -127
20, 200
-178, 201
104, -35
82, -467
-129, -124
328, -396
-336, -520
275, -121
-374, -272
-81, 218
-71, -407
79, -505
171, -109
206, 117
-241, -129
74, 93
233, 143
-153, 47
-379, 160
344, 36
-475, -74
251, 108
109, 34
367, 385
-213, 305
-224, -96
-389, -66
183, 208
16, 35
110, 15
301, 66
-30, -112
-34, 177
203, 178
-562, -270
-190, -127
-25, 56
132, -63
37, 259
-219, -328
248, 12
38, -157
244, -250
39, 22
106, -6
295, -45
-190, 141
386, -171
240, -170
39, 111
-5, -32
-152, -237
28, -393
181, 537
1, -73
160, 177
48, -29
-271, 194
-289, 207
133, 38
-14, 198
-1, 203
-113, -238
-96, -236
216, 264
21, 67
147, -109
-2, 27
37, 8
-132, -241
-23, -68
248, -290
-175, -313
-340, -142
233, -254
218, 164
-182, -255
26, -98
-59, 7
-47, 266
-23, 309
-362, -47
-27, 133
-186, -235
-279, 322
54, -66
48, 63
279, 102
-411, -56
-624, -375
-364, -89
-111, -106
177, 111
-43, 273
-132, -11
44, -15
-154, 106
-157, 87
-167, 123
168, 309
-91, -175
242, 55
-7, 46
-160, -124
-131, 232
553, 535
-99, -186
-263, 79
-201, -207
73, 179
252, -205
325, -223
276, 85
-349, 237
-563, -46
-378, 0
274, -28
-188, -199
-529, 140
-119, -70
15, 25
-114, -27
-262, -115
-115, 62
-237, 70
101, -178
387, -179
354, 196
238, -253
137, 4
-31, 170
244, -182
-20, 537
267, -52
228, 386
73, 56
218, 244
273, -120
-239, -253
274, 19
-30, 45
-276, -191
31, -517
41, -256
-393, 20
-243, -179
-107, -295
-406, -171
-397, -67
287, -146
-87, -20
66, -342
425, -14
105, -31
-22, -10
-155, -155
534, -387
-482, -312
80, 12
103, -33
177, 447
79, 6
100, 24
73, -133
-7, 338
-15, -300
-253, 53
87, -121
289, -94
-11, 187
-136, 68
209, -209
14, 138
-149, -256
-115, 107
-301, 8
85, -406
545, -256
16, -208
19, 6
106, -160
-168, -81
215, -131
-85, 50
403, 298
207, -54
-422, 416
107, -221
-383, -132
166, -166
-272, -516
-56, -138
210, -25
-360, 18
219, -200
185, 426
-326, 250
-143, 47
2, -151
13, 36
-178, 68
-152, 70
-113, 17
-108, -193
-8, 72
11, -153
317, -127
252, -15
54, -10
168, -41
7, 305
306, -568
-23, -25
547, 112
-267, -223
54, -9
498, 21
-194, -139
-67, -157
-557, -210
155, 129
-63, 223
-136, 108
-215, -419
-371, -3
297, 80
-781, 240
-44, 157
115, 71
169, -220
140, 145
41, -49
-134, -8
-501, -319
-213, 4
271, 367
438, 75
-109, 8
273, -193
128, -264
8, 106
-110, 463
-257, -227
-101, 36
142, 249
170, 83
142, -175
-171, 169
100, -179
-219, 53
179, 520
-68, 60
-114, 83
154, 45
168, 34
-66, -121
82, 98
-83, 191
84, -379
36, -33
228, 189
13, -316
-126, 197
-246, -61
-22, -221
37, 159
-8, -95
178, 539
-268, 261
462, -627
35, -39
-61, 489
87, -424
-454, 118
67, 179
418, -3
-151, 70
96, -48
374, 252
53, -18
-149, 41
66, -46
-283, 305
124, -181
-114, -227
-234, -20
124, 257
-180, 103
61, -79
-406, -128
233, 61
284, -112
109, 110
261, -203
-129, -178
-13, 334
-206, 162
24, 211
-261, 224
7, -245
6, -209
-127, -400
65, 42
124, -248
128, -12
-220, 106
90, 260
250, 174
477, -216
-295, 37
-130, 260
52, -171
57, 211
-174, -193
-597, 275
274, 444
-14, -38
-577, 108
-54, -357
-155, 230
-54, -405
-503, -95
213, 62
283, -159
460, -47
77, -74
-301, -168
169, 15
57, 60
146, -97
283, -8
-590, 275
-35, 162
137, 140
-372, 184
14, 298
-294, -200
308, 468
-18, -49
125, 36
-116, -13
89, -37
80, 38
-144, -375
274, 327
-292, -43
-107, 113
180, 247
510, 489
53, -138
-207, -158
-109, -92
-68, -190
229, -138
224, 147
-13, -69
247, 255
336, -209
195, -161
72, 78
-209, -293
-65, -309
-232, -16
326, 399
-327, 117
-13, -169
-83, 105
130, 0
106, -241
-138, 39
-109, 124
-6, -50
336, -104
61, -50
149, -228
-75, 197
136, 6
237, 84
-528, 273
72, -97
-455, 223
107, 307
-37, 265
-285, 427
234, 386
-46, 198
-207, 403
-77, 217
-72, 41
-274, -280
-14, 287
377, 75
341, 430
7, 67
263, -7
-140, 150
22, -287
149, 46
244, -181
-138, -506
47, -46
163, -357
-295, -67
192, -244
-65, 362
-132, 63
119, -377
-276, 164
207, -179
-234, -412
-200, 168
55, -106
56, 142
21, 16
171, 471
-174, -342
-30, 536
32, 282
269, -141
-95, -122
75, -54
111, -142
-23, 567
237, -20
381, -230
-243, -149
-169, 86
47, 164
-435, 366
-25, -66
320, -13
-132, -178
157, -103
-181, -149
254, 244
75, 160
231, 60
26, 433
-106, -357
159, -59
-36, -74
-183, 279
-243, 256
-427, 327
-183, -229
357, 109
-56, -47
23, -121
10, 194
-80, 349
42, 290
21, 587
-24, -173
-286, 73
-174, -156
-287, -403
66, 170
-111, -137
401, -21
79, 12
81, 42
538, -253
-42, 44
111, 295
-216, 6
-364, -110
-135, -83
-601, -61
198, -10
63, -69
-199, 222
196, 27
-455, 389
508, -226
-56, 327
-195, -58
89, 186
116, -37
24, 264
344, 242
168, 8
23, 176
67, -273
313, 64
-332, 230
87, -318
131, -263
-208, -297
-84, -215
-162, 94
202, 306
192, 196
194, -169
-272, -255
-78, 110
-451, -255
182, 253
-152, 330
-68, 183
-464, -28
368, -114
-43, 492
144, -107
-64, 51
147, -45
-39, 100
32, 42
-96, 68
-88, 40
71, -195
278, -7
-101, -176
-71, -99
551, 624
-215, 23
-24, 131
414, -64
29, 248
100, -233
19, -216
-114, -143
-8, 63
-325, -248
119, 82
-220, 291
72, -215
-97, -74
290, 130
278, 190
80, -317
196, 103
-19, -331
105, 93
22, 144
140, -214
186, 134
85, -121
-112, -80
-362, 159
130, 316
146, 183
-124, -177
22, -542
107, 501
-68, 21
-254, 224
245, 26
-113, 352
195, -58
-219, 135
36, 23
-190, -9
-387, 220
285, 165
59, -572
-328, 79
342, -39
133, -100
-318, 209
121, 98
23, -269
-217, -107
308, -389
303, 133
489, -47
136, 60
-31, -281
503, -46
-195, 324
-131, -116
164, 10
83, -230
-287, -49
-123, 152
209, -268
197, -180
-248, -264
274, -277
61, 2
35, 131
-227, -305
-91, 272
-159, -255
70, -130
-108, 232
-23, -198
-309, -159
127, 582
91, -491
-80, 12
-89, -237
332, 383
5, -259
-80, 125
196, 216
129, -19
194, -55
143, -157
-140, -41
103, 277
110, 102
-128, 52
-167, 178
203, -118
-298, 36
638, -29
-462, 202
150, -48
98, 147
223, 143
233, 68
-205, 87
347, 30
243, 61
67, 347
-203, -26
55, -294
165, 25
164, -196
36, 466
95, -86
-150, -160
52, -82
150, -59
106, -118
210, 263
-409, 248
-306, 148
67, 333
472, 118
3, 320
44, 165
-21, 24
63, -427
-52, 290
224, 148
-27, 74
-471, 38
-170, 268
520, -92
-3, -301
49, 126
250, -380
269, -100
74, -235
261, 234
4, 81
-80, 107
-118, 77
144, 320
533, -548
-13, -282
-232, 245
284, 44
19, 208
-192, 92
2, 330
-91, -230
-210, 47
65, 231
-92, -516
-65, -553
-572, -121
147, 142
-90, 253
-70, 410
33, 338
-44, 214
11, -6
293, 293
-204, 35
187, -69
-318, -130
-118, -315
-408, 44
-125, -408
261, 38
211, 139
-25, 40
199, -337
-466, 28
25, 173
-76, 2
59, 157
395, -47
73, 256
-157, 77
26, -425
353, -142
159, -348
-437, -50
322, 35
-112, 16
464, -232
-179, 84
-44, -245
122, 361
228, -115
-369, -122
109, -238
-278, -176
-320, -138
-57, -106
150, -185
240, 272
-558, 390
-389, 39
-69, 49
-107, 221
249, -249
-255, 334
166, -35
326, 17
525, 135
74, 135
294, -549
56, -359
204, -233
-30, 8
0, 318
28, -99
788, 167
-380, 206
-242, -226
-81, 27
184, 21
-83, -364
250, 477
105, -383
286, -37
-7, -74
-254, -1
-49, -190
452, 280
392, -187
25, 65
13, 136
-280, -59
-182, 73
-69, -301
-182, 405
195, -68
-162, 164
171, -41
58, -210
-509, 341
84, -39
439, -257
-1, 249
147, -45
65, 133
-11, -235
326, -73
-25, 86
-135, 297
143, 54
62, 146
113, -220
46, -90
-92, 107
-31, -337
-371, -317
166, 71
368, 265
169, 274
382, 207
-149, 27
313, -82
-12, 72
204, 419
-8, 633
-7, -375
-571, -5
-220, -127
203, 86
140, -128
-444, -98
417, 264
-8, 168
213, -187
-24, 174
-207, -119
99, 105
193, 194
-88, -246
415, -192
167, -127
-178, -131
-84, 33
23, -422
282, -56
214, 375
-518, 95
-30, -408
34, 172
174, -41
7, 43
232, -84
215, 393
248, 235
-166, -167
398, 163
54, -173
-12, 184
-132, -444
26, 307
297, 126
-13, -314
289, -143
-20, 93
193, -38
327, -66
-300, 370
-123, -78
418, 156
-74, 39
-167, -115
174, 235
79, -183
-2, 201
340, 223
-114, -106
-107, -268
-72, -37
-148, 61
-395, 188
113, 343
129, -131
-49, 228
57, 11
31, 268
78, 440
-18, -87
126, 88
26, 145
-164, 192
-50, -71
85, 30
55, 267
-229, 57
162, 18
-158, -617
30, 7
-123, 16
261, -403
262, 46
222, -177
-48, 149
-306, 191
-36, 360
-121, 135
-359, -197
-292, 231
423, -228
47, 217
-162, -223
-15, -375
174, 289
68, -65
-280, 434
-11, 288
-139, -219
285, -9
178, -82
-248, 540
145, 25
-65, -162
592, 218
187, 149
-28, -197
298, 153
50, 219
473, 60
-173, 177
74, -604
-541, -171
-177, -140
255, -176
57, -244
-480, 109
94, 52
-24, 95
-136, -192
-159, 219
-113, -308
422, -349
-134, -179
0, -30
36, -119
6, 40
-45, -90
-74, -180
-368, -425
-39, 48
95, -6
-128, 82
238, -295
83, 11
-172, 16
-69, 92
151, -363
-121, -77
358, 107
-315, -215
526, 141
100, -5
43, 139
-61, -14
-324, -315
466, -54
-460, -84
84, 27
-44, -291
16, 229
-77, 0
-121, 356
82, 22
-26, -283
-474, 246
353, 183
-527, 222
-118, 234
238, -114
-454, -148
162, -176
-291, 573
-123, 308
76, 33
56, -75
135, 79
-144, -180
-185, 3
98, -279
536, 223
184, 117
68, 314
240, 251
67, -134
27, -116
124, 37
251, 154
200, 204
-462, 149
160, 32
-488, -95
72, 48
-342, -123
-238, 270
1, -320
-159, 50
-22, 347
638, -34
-395, -17
10, -96
-146, -189
118, 253
-120, 303
-258, -74
360, 24
11, 7
117, 273
164, -344
-223, 334
-81, -92
18, 174
5, -50
83, -47
5, -11
-127, -144
-139, 37
-219, 25
-294, -532
-233, 91
269, -64
79, -141
-11, -71
14, 65
120, 89
-147, 182
-101, -29
100, -97
-170, 46
387, 105
34, -9
-188, 208
-99, -235
150, 507
321, -37
-162, 204
648, 204
-420, 31
-126, -211
184, -252
91, 74
188, -148
363, -240
-517, 95
410, 346
-110, -62
49, 175
143, -144
36, -6
-252, -186
71, 218
-95, -322
-398, -33
0, -396
36, -159
-147, -134
41, -255
-186, -44
-169, 214
551, 57
-3, -144
-122, 24
55, -50
293, -171
258, -410
-166, 10
119, -247
226, -253
-90, 4
40, -159
-659, 69
-208, 341
-89, -194
-46, -366
-403, -368
480, -179
-87, -64
322, -59
-144, 173
7, -358
-304, 615
8, 192
46, 86
-174, -359
-284, 487
-88, -119
694, 310
-98, -360
-575, 244
26, 350
-58, 286
-498, -211
388, -95
-265, -85
-76, -298
-207, -145
167, 235
187, -84
-145, -134
61, -47
-35, 102
189, 16
194, -146
-583, 18
87, 173
1, -287
96, -3
185, -303
410, 2
-6, -190
-42, -114
15, 100
-131, 235
-185, 75
-58, -31
-531, 272
-229, 168
444, -80
-410, 308
-38, 178
166, -71
225, 54
-46, 195
-341, -143
151, -442
46, 395
80, -329
11, 154
86, -67
203, -517
513, -141
109, -301
234, -477
103, 133
147, -24
180, -267
-177, 288
-19, 64
-290, -346
-187, -404
256, -205
250, -17
-139, -31
30, -129
-242, 74
-161, 453
192, 143
287, -19
-274, -269
-344, -351
-174, -275
330, 89
94, 257
12, -62
36, 57
-177, 287
-55, -107
-5, -469
291, 379
-225, 189
49, 240
110, -19
237, 48
-170, -162
-412, 180
-254, -18
-37, -212
-328, -158
-167, 208
14, 0
492, 79
-5, 468
-204, 5
204, 482
-54, 77
202, 49
29, -54
239, 99
54, -118
-606, 235
-242, 413
-40, 446
-45, -61
-32, -175
102, 173
182, 315
2, 12
379, 337
32, 67
-152, -115
10, 131
160, -227
60, -266
-245, 74
78, -25
-257, 119
218, -145
-400, -127
60, 75
278, -199
-46, 297
42, 114
288, -373
61, 172
-137, -71
-39, 30
-289, 165
-147, -194
-34, -219
-329, -85
49, -318
-49, 105
-111, -215
-53, 340
-47, -584
-51, 322
18, 19
337, 128
-26, -499
25, 121
-30, -566
70, -530
-204, 265
63, -145
142, 83
-342, -110
42, 318
-197, -205
330, -297
53, -288
-60, 354
-411, -83
-139, 364
7, 265
273, 57
-151, 145
-83, -175
90, 29
411, 296
-176, -160
84, 16
-120, 67
142, -86
-268, -22
73, 107
-256, 213
-295, 112
400, -156
52, 66
-60, 379
88, 263
425, 123
-142, 335
42, -210
249, 380
175, -179
192, -107
-60, 357
-416, 201
104, 299
-441, 170
-231, 81
211, -80
-36, 118
61, 11
-360, 162
-146, 366
-352, 181
-32, 177
21, 193
-190, -116
122, 193
-479, -107
-339, -399
65, -143
-250, 136
73, 120
60, 232
-290, 33
247, 36
-16, -241
375, 279
-110, -165
-94, 124
553, 265
55, 332
-33, 84
-364, 39
304, -134
126, 223
-267, 289
274, -146
226, 240
-215, 0
-131, -59
-217, 304
-29, 19
139, -134
147, -289
-2, 180
28, 184
66, 114
255, 376
307, 21
-82, -169
15, 7
218, 79
313, -153
-37, -694
162, 65
263, 195
-333, -148
-434, -75
-250, -9
405, -255
-174, 203
265, -130
57, 1
68, -228
98, 129
80, 114
-66, -96
295, 105
352, 527
261, 67
-253, -46
-89, 77
-84, -318
163, 187
-221, 93
18, 346
-600, -154
67, 170
-58, 442
323, -37
-2, -116
301, 58
-239, -47
98, -287
-220, -344
434, -164
-187, 237
4, 1
94, 284
-459, -82
-46, -219
300, 51
30, 644
-54, -381
-107, -205
-20, 307
113, -115
-207, 191
88, 158
213, -224
-246, -84
37, 351
-149, -253
28, 1
0, -92
-335, 13
-484, 17
105, 413
-160, 199
393, -127
182, 167
8, 221
314, -67
18, 308
264, 302
296, 187
115, 105
8, 27
-105, -69
20, -223
244, -236
-171, -35
-157, 129
-223, 336
137, 161
-182, -3
-231, 303
-153, -121
11, 140
-80, 172
24, 27
-62, -105
300, 10
-253, -80
-157, -170
51, 262
361, -463
127, 6
63, 14
17, 490
269, -273
-51, -12
389, -202
-309, 567
16, 18
-222, 15
-113, -380
479, 133
40, 180
-178, 396
36, 7
174, 197
11, 154
-137, 18
163, 119
-161, 468
-62, -169
192, 399
141, 311
2, -335
188, -9
-156, 298
-366, -24
-356, -122
238, 173
-159, 101
417, -12
-77, -116
11, -357
46, -20
3, -21
-236, -30
297, -53
240, -177
-116, 6
203, -190
-155, 116
13, -238
33, 52
-16, 265
75, 60
105, -244
26, -324
-79, 204
108, 111
-105, 130
-385, 134
116, 162
114, 200
-264, -321
9, -257
170, 364
28, 67
53, 159
24, 8
321, -523
-114, 176
-150, 141
-220, -65
149, 188
-120, -154
-180, -266
304, 125
86, 39
-143, -224
202, -110
-353, 265
391, -396
-43, 196
223, -30
-107, -97
-281, 129
98, -376
157, -108
205, -160
-18, 431
-81, 256
-269, 352
-45, -22
268, -58
-121, 421
-103, 82
58, -75
322, -60
30, -31
40, -544
383, -17
-301, 237
-40, 95
-16, 74
300, 2
-199, 357
228, 655
138, 118
-378, 63
-106, 107
574, 63
-213, -111
58, 223
-17, 92
134, 1
-46, 216
190, 214
23, -528
-74, -116
21, 267
83, 74
34, -310
0, 127
123, -580
-369, 168
-204, -271
243, 321
-55, -317
384, -43
-357, 44
-376, 263
-410, 189
-180, -115
-96, 89
-264, 124
124, -61
-119, 57
43, 561
135, -537
-21, 20
-170, 34
36, 109
-66, -137
-203, -3
137, -18
-186, 280
153, -161
-209, 124
15, -40
-73, -110
-151, -27
211, 182
39, -449
150, -28
27, -19
695, -70
-302, 172
-551, -121
-61, -304
19, -312
-199, 82
48, 131
-889, -148
217, -280
-36, -250
-78, -30
-289, 36
-466, -20
-627, -207
194, -111
47, -290
-225, 77
-260, 164
-8, -205
-357, -59
327, -120
13, 290
-45, 2
-255, 153
-256, 68
372, 348
21, -3
-61, 181
76, -200
491, -460
143, -21
-288, -178
-347, -463
-228, 14
-122, -478
140, 70
30, -198
-20, -171
-63, -88
14, -74
-177, 60
368, 263
334, 192
-111, 128
52, -305
-103, 60
-418, 15
-248, -19
-580, -175
-206, -458
7, -204
-15, -24
-146, -137
-29, 28
-103, 187
39, 78
-65, -293
56, -77
-408, 70
-95, 123
495, 53
-144, 152
64, 110
-85, -227
-308, 148
-91, 85
-224, 63
217, 46
132, -41
454, 49
-175, -153
371, -95
-204, 10
-91, 1
239, 15
100, -301
-490, 53
45, -44
-241, 183
11, 140
-158, 165
165, 33
429, 60
-379, 121
-261, 29
-121, -210
-102, -284
166, -33
-230, 217
381, -345
-5, -79
1, -44
258, 118
-31, -103
-308, -1
-86, -223
0, 300
-58, 77
151, -78
-43, 166
397, 57
185, 193
-280, 109
-346, 149
-408, -112
-232, 82
-165, 338
-23, -353
-206, 114
-170, 354
-145, 139
-156, 112
-274, -98
79, -154
77, 399
112, -214
36, 101
85, 300
-341, 63
-427, -127
-213, 66
-189, 311
-23, -8
-246, 57
163, 58
-372, -24
-106, -523
-215, 414
298, -271
-386, -290
-153, 166
-374, 92
266, 182
-43, 549
-118, -156
250, 433
-281, 178
-406, -221
45, -437
370, 63
-37, -47
-399, 217
35, 312
-254, 230
-85, -61
224, 65
-61, 346
-58, -460
50, 95
206, 77
-261, 202
94, 172
-106, 92
142, -107
-140, -63
-35, -23
299, 42
88, -207
-220, 163
-49, -55
-379, 249
-368, 111
69, -119
59, -185
171, -155
-184, 148
14, -274
-242, 256
-296, 27
-450, 63
-213, 73
-112, -175
-173, 37
331, -77
-324, -14
-308, 157
199, -353
-145, 124
14, 358
131, 89
-570, 195
-97, 127
95, -35
-126, 77
-83, -270
-180, 97
-390, -100
-138, -4
-287, 339
-41, 70
387, 90
-69, -151
272, -182
262, 102
-141, 147
163, 270
-71, -307
-253, -219
-144, 144
211, 333
123, 66
35, -215
52, 248
-29, 65
309, 33
-54, -10
-7, -160
361, 130
-291, 226
-73, -226
185, -54
-290, -36
226, -199
-81, 439
-15, 190
-42, 192
290, -95
82, -211
315, 282
122, 194
183, -157
182, -132
33, 39
58, -95
-341, 228
-28, 593
161, -191
-326, 253
-76, 264
258, 259
346, 377
63, -64
-397, 274
256, -56
86, -268
306, -20
-47, -233
134, -114
281, 113
115, 110
-141, -66
-360, -2
13, 52
-191, 38
-295, -367
138, 154
111, -209
18, 10
313, 25
-294, 422
-268, -466
112, 142
-283, 155
328, 29
47, 200
-16, 162
443, -106
-180, 28
254, -99
-204, 346
-108, -197
-305, 140
-188, -303
-256, -209
-286, -141
112, 63
255, -278
14, 205
-122, -203
-311, 243
185, 23
523, -349
11, 374
-316, -41
37, -267
-310, -259
-144, 257
-144, 19
176, -1
382, 1
185, -414
-547, -283
-1, 124
240, -211
-387, 116
-43, 162
-74, 363
-205, 91
-57, -241
272, -172
182, -7
523, 380
121, 202
-12, 76
168, 154
134, 122
-262, -167
16, 16
28, 6
400, -112
101, -3
-3, -117
-569, 58
19, -199
121, 102
331, 287
-32, 13
210, -34
340, 17
-83, 43
-152, 45
143, 452
-135, -352
235, 246
106, -25
110, -25
308, -312
-150, -156
575, 75
523, -220
271, 207
-343, -185
-298, 525
-14, 55
92, -227
135, -44
-106, -162
-175, 24
206, 147
263, -100
67, 458
-19, 34
-37, -4
105, 287
76, -15
-338, 407
231, 95
34, 219
342, -340
-551, 318
172, -372
-293, -274
98, 275
158, -98
-594, -65
-200, -317
-513, 71
-147, 7
164, 60
-123, -127
-257, 8
78, 45
228, -94
301, 24
-128, -64
370, 134
-60, -208
-62, 21
141, 43
94, 155
251, 55
-282, -16
-240, -149
-72, 200
-4, -200
-267, -443
-13, 394
-250, 212
-252, 13
162, 89
276, 133
-366, -108
-217, 389
149, -18
-82, 346
75, 167
134, -112
118, -207
-220, 71
-179, 303
-29, 91
262, -305
-193, -29
-80, 78
355, -59
-11, -263
-337, -130
-82, 151
151, 335
13, -163
-53, 105
353, -151
-216, -111
-278, -284
141, -122
-1, -183
92, 105
-346, 228
77, -12
362, -89
-145, 244
-269, -312
356, -150
120, 362
-135, 402
-208, 148
22, 12
85, -176
-394, -111
-66, 227
76, 46
210, 267
-81, 170
127, -173
58, -305
174, -26
151, 339
-4, -128
126, 0
338, -80
-46, 139
-228, 608
375, 86
-81, -35
-214, 53
-367, -188
18, 34
68, -31
44, -363
399, -29
176, -415
15, 61
-167, -342
-75, 67
-261, -43
-196, 370
-363, -264
-150, -144
-351, 184
-30, 243
-290, -153
27, 282
588, 369
568, 67
99, -277
400, 341
-118, -230
-37, -45
119, 152
171, -374
55, 45
70, -36
-42, -293
-210, 223
-10, 168
129, -191
102, -480
66, -71
-154, -82
-451, 83
-4, 58
-272, 34
190, -196
140, -441
-76, 298
-136, -155
-76, 188
239, -527
-140, -73
74, -329
44, 41
-12, 127
10, 321
-102, 206
-2, 7
-92, 50
24, 93
7, 205
122, 110
242, -75
-95, 157
175, -35
77, 206
-54, -92
-273, 24
-78, -279
21, -288
-109, -118
521, -422
356, 173
29, -234
118, -326
-200, -54
217, 9
-2, 28
222, 468
-173, 6
-126, 97
195, 124
-22, 80
-255, -177
31, 50
-44, 175
-393, 206
-229, -300
280, -333
459, 96
157, -24
168, 32
-169, -189
225, 31
-341, 351
-295, -430
41, -9
-79, -108
53, 231
522, 203
93, -10
-165, 406
396, 388
6, 315
196, 291
412, 144
79, 183
346, -81
-157, 19
156, -58
-381, 69
-100, -228
-221, 71
47, 25
234, 68
-219, -63
-350, -88
-292, -109
-67, -247
198, 28
47, -28
-361, -140
363, 160
-382, 250
-257, -120
-71, -375
-73, -330
-8, 89
8, 75
-203, 127
48, 264
-167, -652
-56, 24
-223, 408
-292, -147
205, -492
-128, 258
77, -68
-7, 37
-113, -25
-5, -185
18, -159
99, -130
133, -38
-139, 64
-32, -79
201, 364
-164, -63
-147, -469
23, -395
-24, -85
323, 211
82, 98
196, -236
376, -353
205, 195
-10, 207
-241, -65
188, -379
-230, 110
-137, 317
-9, 152
237, -41
335, -88
-151, -206
160, 298
457, 91
92, 181
255, -382
126, 84
131, -301
-272, -292
270, 144
-55, 44
341, 250
68, 4
152, -194
341, -161
-22, 117
16, 484
87, 44
52, 6
-84, -176
47, -162
69, 298
270, -144
128, -108
-36, 290
-67, -107
212, -8
217, -163
-49, 186
-87, 93
-2, 279
24, 83
-53, -122
-131, -163
80, 88
54, -271
213, -298
266, 240
40, -140
32, 112
124, 550
-131, -289
-57, -119
-64, 354
66, -135
291, 57
79, 187
0, -41
-73, -117
157, -195
-232, -344
-199, -58
-373, 138
111, 297
225, -366
-13, -27
-353, -208
307, -8
135, 125
-238, -626
171, 165
-205, 102
167, 326
-227, 211
47, 49
180, -127
491, -197
6, 208
-226, -246
81, 31
-610, -343
-478, -180
-538, -360
-177, 374
69, -533
-195, -720
28, 144
-286, -18
18, -26
-379, -162
36, -125
29, -33
77, 34
-57, 68
-335, -131
29, 279
322, -61
-62, 122
285, 29
-197, -449
-119, -182
233, -181
-260, -26
139, -30
-44, -39
-33, 249
45, -172
274, -243
-129, -21
-150, 402
-249, -81
237, -104
135, 703
-276, -137
-72, -9
408, -109
383, -476
-142, 434
-585, 264
275, 158
-109, -108
-25, -106
228, -69
-108, -340
197, 33
115, 247
334, -256
-376, -24
-73, 7
-84, -25
294, -167
-215, -120
-248, 543
-96, 43
534, 188
273, 205
-229, -97
-468, -93
174, -247
-89, 378
-226, 74
306, 26
307, 166
-289, -366
-81, 31
155, -22
28, -33
7, 221
252, 275
124, -81
58, 80
327, 16
252, 281
-258, 169
55, -406
-35, 41
27, 166
-215, 73
73, -167
-68, -171
-80, 278
152, 390
-181, 170
163, 73
-209, -201
4, -40
-97, 257
-145, -570
-338, -78
-240, -440
40, 95
212, 325
-243, -157
150, 258
283, 75
46, -73
-11, 503
250, -190
507, -223
-48, -267
-427, 12
130, 106
227, 227
222, -22
304, 16
-120, 66
160, -212
-306, 108
156, 14
257, 201
281, 224
-73, -612
-421, 137
-722, 0
-331, 461
-142, -12
155, 284
158, -146
-46, -277
-137, -493
221, -49
-221, -359
-279, -234
12, -283
-238, 68
-147, -196
238, 43
-387, -27
-130, 209
-148, -320
44, 194
16, -84
-46, -110
80, 10
194, -290
229, -4
-142, 18
-189, -6
-215, 110
-83, -159
-16, 125
-222, 68
-147, -188
-122, -60
123, -177
-351, -70
-56, -385
-275, -72
-162, 518
-44, 42
56, 138
75, 240
88, -22
240, -111
75, 404
95, -108
71, -27
-212, -214
314, 57
-166, -498
127, 224
164, 248
399, 169
-17, 105
251, -2
-281, -177
39, 194
281, 120
-200, -51
-125, -56
-159, -455
225, 34
-199, 359
-42, 206
-115, 113
-537, 190
-90, -193
149, -294
241, -278
57, 144
-141, -593
-83, -183
203, -58
-24, 141
7, 35
1, 19
344, 8
145, -244
5, 267
222, -88
305, 21
-12, 273
58, 98
178, 627
-116, 80
5, 73
-218, 46
377, -21
-190, -97
-534, 324
142, -51
326, 85
138, 23
-12, -286
-451, 403
-72, -305
37, -181
-252, -26
-86, -7
-468, -399
-334, -1
-59, 197
315, -53
-175, 261
-229, 511
-44, -26
-442, -185
-565, -244
-81, 441
-526, 418
-489, 101
449, 15
60, 200
-346, 378
-227, -133
18, 116
-108, -393
161, -226
-166, -125
-258, -258
161, -193
-263, 488
-251, -184
-29, 32
-34, 4
-60, 203
-52, -54
28, -115
-284, -51
92, 384
-268, 17
-73, -212
125, 234
131, -13
337, -157
49, 189
408, -191
235, -39
-340, -137
154, 419
-92, 0
-172, -381
-178, -331
-150, -299
-202, -278
-197, 359
109, -125
-261, 152
125, -327
231, -217
-258, 292
-38, -61
95, 156
39, -299
277, 75
-50, 217
213, 364
-94, -273
-256, -299
-47, 81
-421, 106
-219, -373
-198, 95
-307, 627
16, -298
114, -356
-138, -316
208, 155
-9, 72
-126, 96
-406, 150
212, -129
241, -424
-156, -383
-400, -279
60, -236
-150, -345
118, 14
239, 54
-41, -199
322, -146
211, -184
-10, -228
443, -177
50, -52
-230, -444
-254, -176
-44, -12
-97, -116
-70, -8
-288, 529
-149, -4
156, 157
-231, 276
124, 88
-437, 207
-41, -187
-93, -224
-95, 46
-226, -123
-142, -261
-156, -266
-140, 430
140, 277
-108, -165
-59, 123
-30, 381
-129, -215
123, -165
347, 119
-50, -132
6, 86
-88, -80
-73, 115
-137, -244
124, 32
-12, 247
-307, 272
-5, -192
-456, -78
-189, -46
-153, -223
185, 143
-363, -320
369, -201
-109, 2
324, -53
107, 168
-147, -54
-387, 6
177, -191
-245, 335
125, 28
176, 137
-75, -137
464, -353
-86, 40
-269, -178
-21, -133
-40, 525
-47, 146
-177, -178
185, -19
-328, 68
-275, 137
-327, -9
-82, -54
240, 97
364, -264
164, -45
431, -541
124, 70
182, -24
-48, -187
517, -130
-159, 321
-22, 366
83, 232
-151, -137
188, -168
94, -37
13, 361
-219, 200
23, 117
-435, -84
-111, 77
-19, 28
-352, 102
129, -190
-320, -14
310, 89
-230, -59
-194, 216
118, 393
254, -87
239, 123
144, -47
372, 267
-86, -22
409, -103
100, 88
128, 444
-104, -274
96, 83
29, -37
239, 275
369, 134
-486, -178
102, -99
-128, 64
-388, -58
91, -106
186, 57
135, -5
43, 198
-534, -65
-21, 161
-259, -208
169, 33
69, -12
-549, 446
-638, -398
351, 434
-182, 372
-234, -56
-257, 368
178, 355
-336, 279
-168, -45
72, 84
199, 6
-21, -159
-114, 115
8, 127
34, -184
60, -26
26, -237
49, 467
338, -185
116, 62
285, 106
153, 380
238, -222
-243, 27
-154, -395
132, 344
77, -2
19, -219
-272, -183
230, 138
18, 300
165, -329
421, -188
60, 213
110, 207
-24, 229
52, -439
120, 109
35, 81
-274, 94
-152, -208
-373, 379
-33, 282
-63, 244
304, -234
-76, 189
-164, -50
5, 10
167, -91
-69, 17
-15, -289
165, 106
90, 246
82, -259
106, -566
318, 391
64, 307
-167, -46
239, 178
-300, -232
0, 175
212, 159
-88, 51
-6, -321
-270, -50
269, 21
23, 219
-94, -102
94, -141
-201, -272
-135, -161
-387, 367
181, -76
-343, 237
67, 319
263, 207
-48, 3
-19, 290
199, -29
51, 87
-204, 67
-198, -76
121, -189
-183, -33
-425, -40
396, -126
-65, -66
168, 368
47, -72
104, 171
-286, -216
-44, 6
-261, 70
222, -113
-217, 292
-90, 136
-382, 248
-119, 100
220, 265
-385, 39
-110, 14
-163, -163
-365, 40
-133, -415
59, -34
27, 151
-217, -201
116, 33
18, -91
-83, -151
-219, 64
-267, 49
65, -396
37, -203
22, 377
143, 482
-70, 60
321, 728
329, 221
64, 78
-153, -131
-328, -167
-250, 140
-461, -103
209, -158
214, 293
138, -223
51, 146
-165, -74
-251, -120
-9, 54
-335, -68
288, 348
-32, 110
13, 81
67, 213
-5, 308
-325, 437
-78, -226
-27, -185
-310, -164
-336, 239
286, 124
265, 187
-123, 141
282, -181
-101, -324
128, 0
-166, 145
59, 54
-265, 261
381, -86
-23, -236
256, 96
78, -205
-146, 156
-176, -225
175, -90
-178, 137
-64, 112
-85, -527
-185, -52
150, -320
-3, 22
-363, -305
464, -128
-119, 224
88, -235
265, -117
319, -495
85, 37
-275, 207
324, 4
163, -213
-19, 18
-426, -123
27, 113
149, -388
-272, 178
-131, -87
-166, -234
82, -353
101, 95
-70, -209
76, -77
74, -281
23, 61
134, 359
206, 162
459, -2
-310, -32
-172, 5
432, -275
54, -44
264, -140
274, 40
139, -162
-38, 396
-61, 198
100, 8
5, -348
-1, 114
-344, 61
-196, -405
-142, 31
74, 90
163, -383
-442, -8
176, 270
-35, -285
225, -11
259, 225
110, -38
5, -159
82, 203
-294, -82
-87, 42
-426, -49
-151, -63
-77, -51
-14, 235
-183, -58
90, 108
132, 182
449, 12
-51, -321
416, 132
161, 496
-611, -267
-127, -192
-263, 129
-154, 235
329, 296
283, -417
169, 674
434, -214
85, -94
-73, 60
-205, 69
-39, 230
199, -219
-18, 198
-54, -412
172, -110
-118, -369
64, 308
-3, -143
11, 199
-281, -295
-231, -43
280, 268
-286, -18
179, 416
-140, 186
11, 139
121, 421
-215, 196
-93, 142
-608, -14
-28, -73
-157, 10
-70, 272
36, -464
154, 201
-180, -357
252, 215
-361, -95
187, -29
-419, -167
321, 93
63, -220
-80, -135
-363, 196
75, 285
-300, 127
-389, -68
-528, 117
133, -175
301, 0
30, 305
87, -75
53, 299
-135, 6
91, 302
375, -145
129, 449
-31, 87
-129, -62
-46, 7
459, 249
412, 188
-353, 31
-313, -230
-171, 49
-349, 34
57, -37
148, -231
708, 23
235, -99
217, -139
46, -118
183, 15
-315, -64
-468, -355
51, -132
499, -350
-139, -219
228, -142
-182, -112
167, -82
-572, 5
155, 98
-249, -130
61, 275
-205, -401
116, -239
119, 216
-177, -81
-257, -207
220, 203
219, -336
650, 30
-22, 282
76, 9
-539, -234
-129, 128
337, -184
-206, -306
-135, -258
-343, -61
79, 67
67, -50
-27, -128
-23, -102
159, 98
-124, -153
-467, 615
-26, 233
113, -88
-22, -150
-40, -72
661, 110
224, -191
293, -116
32, 227
234, -49
-444, -59
118, 33
-137, -19
-111, 97
-152, -165
-11, -333
52, 67
95, 127
-397, -168
-77, 140
-544, -25
-92, 181
-332, 361
332, -129
76, 16
-6, 111
-86, 81
197, -265
85, -70
-343, 743
283, 149
32, 99
2, 172
-188, -75
162, -19
344, -64
65, 121
3, 88
-348, 184
48, 297
210, 280
407, -99
-105, -143
106, -54
-59, -202
-45, -58
-462, 151
-78, 261
329, -378
-39, 148
-69, -232
-348, 110
-26, 180
125, -163
-2, -55
-26, -66
-85, -345
-242, 110
-24, -207
-245, -12
18, -129
9, -208
-20, 225
-476, 25
0, 83
-502, -123
159, -56
-193, 26
-104, 144
12, 149
18, -14
-41, -305
188, 447
-63, 279
-140, 94
17, 9
-73, 63
161, 134
-176, 93
262, 23
-131, 163
-248, 190
116, -184
41, -524
137, -134
-3, -53
352, -200
539, -166
-304, 304
-385, -239
257, -217
307, -347
-152, -320
45, 39
-186, -382
-30, -9
-161, -39
-501, 294
-254, 97
11, -63
-75, -107
378, 114
183, -501
82, -260
-259, 108
10, 303
-389, -76
144, 356
324, 544
56, -375
216, -73
-31, 269
-246, 318
168, -373
78, 145
-178, -490
-199, -49
-69, 286
239, 133
63, 73
-305, -13
-7, 758
-12, -230
-191, 78
-138, -236
-5, 177
-131, 220
-402, 206
-126, -78
-32, 64
-126, -38
-236, 170
268, -175
-144, -121
199, -114
-6, 539
-126, 133
41, -400
-196, 155
151, -485
-3, -153
-29, -65
-109, -148
-207, -28
278, -192
112, 191
-228, -28
-35, -194
351, -107
-24, -254
-218, -265
-281, -6
-11, -86
58, 132
140, -6
20, 15
237, 285
-256, 129
-108, 44
-40, 78
-399, -210
-221, -20
-37, 122
192, -22
-238, 134
-65, -189
-170, -121
69, -1
118, 25
239, -275
-79, 28
188, -172
293, 130
275, 269
-194, -71
159, -41
184, 478
-139, -325
155, -520
-5, 229
166, -537
-45, 428
-104, 89
393, -227
-238, -63
-3, 65
229, 114
-73, -95
261, 18
-229, 284
144, -434
25, -70
-55, -314
140, -64
-221, -234
91, 37
-159, 393
-236, -405
280, -202
185, -150
136, 554
177, -57
260, 229
45, 262
-218, -471
-130, -309
-300, -83
-88, 2
145, -201
-69, -123
276, -412
-37, -24
-204, -346
82, 317
115, -38
-163, -293
-160, 167
127, 456
-168, 6
88, 224
-137, -167
-366, 477
310, 259
-169, -228
-96, 204
50, 530
88, -311
113, 208
191, 170
-289, 76
138, -163
407, -12
-249, 129
102, -225
-55, 281
243, 102
-187, -378
-528, -105
168, -29
448, -69
352, 357
-237, -215
121, 258
235, 449
-71, 48
0, -236
-293, 147
-22, -112
562, -98
236, 161
-424, -18
-63, -54
-193, -92
106, 95
-216, -510
-182, -113
-234, -45
-42, -292
-124, -213
340, -524
253, -91
211, 57
-168, -261
-29, -96
117, 111
-208, -290
-124, 30
213, -79
138, 545
-423, -176
-77, -236
-206, -370
68, -239
452, 62
-12, 90
-89, -171
-113, -526
-256, -13
-396, 243
-280, -94
254, -92
-125, -364
-48, -545
0, 284
109, 150
-16, -81
84, -219
337, 176
660, -233
131, 206
-538, 208
112, 45
-247, 34
173, 130
192, 137
164, 12
-134, 198
97, 411
-148, 120
-39, 122
90, 33
106, 68
-134, -528
41, 150
-7, -197
212, -457
-81, 23
96, 212
155, -123
-114, -62
-366, 365
58, 224
-245, 82
64, -161
-18, -171
72, 54
-301, -314
-139, 259
374, 83
-272, 201
-109, -173
323, -140
-249, -72
38, 61
-50, 203
-188, 110
284, 43
291, -147
-59, 184
-293, 548
-335, -115
-18, -217
-49, -338
-534, 273
-84, -172
174, -287
-57, 71
-145, 185
-392, -21
154, -322
400, -105
-85, 286
-57, 143
71, 204
335, -475
131, -72
85, -142
97, -252
305, -227
372, -285
-155, 20
-81, -164
60, 175
0, -118
-257, 79
497, -135
-79, 264
14, -180
-281, 35
-323, -51
-46, 32
124, -133
105, 161
66, -221
55, -360
-51, 112
-164, -134
-195, 780
-134, 125
-387, 272
-284, 38
217, -101
-377, 448
15, 139
-273, 32
73, -35
-447, 79
403, 174
-154, 238
94, -128
-743, -61
-175, -153
174, 37
66, -339
-152, 104
-66, 51
221, 102
-127, 138
154, 205
-182, -285
-259, -358
31, -251
-118, 118
-49, 21
-71, 330
-136, -352
211, 272
228, -232
140, -246
162, 186
125, -355
-398, 274
-123, -176
136, -189
-56, -213
22, -287
113, -234
147, 150
289, 85
262, 135
-57, 176
-147, -165
-113, -301
-201, 239
-121, -63
-380, 422
69, 139
-426, -179
-78, -255
43, 374
-154, 105
-120, -426
30, -305
240, -130
-276, -128
-75, -263
-172, -256
-38, -247
82, 166
22, 232
61, 320
21, -166
96, 17
-198, 29
30, 18
-224, 313
-326, 180
-41, -388
-72, 260
-213, -92
63, 85
-7, -27
284, -359
48, -146
-72, 67
-470, 299
135, -240
-497, -313
-37, -46
310, 169
137, -127
104, -14
545, -618
106, 167
-161, -36
-37, 78
-153, -574
-55, -274
-51, 81
82, 102
-17, -369
-175, -327
5, 154
-28, -71
-94, 622
-18, -144
202, 218
-358, -189
275, 148
364, 360
-9, -180
120, 143
-269, -279
-230, 61
-107, 29
-296, -390
-67, 146
57, 196
88, 163
42, 259
153, 88
-195, -38
89, 223
297, -38
152, 52
-268, -215
-407, -96
-334, 550
-275, 279
197, -209
154, 114
-252, -171
20, -55
-80, -182
-188, 165
60, -73
-189, 117
-67, -172
192, 56
-106, -61
296, 45
-217, -6
207, -18
107, -40
-40, 339
-585, 498
-78, -35
120, 83
-93, -345
170, 103
-237, 270
-60, -575
-91, -125
156, -400
223, 177
-2, -206
-123, 108
236, -234
263, -65
20, -4
-524, -146
140, 268
-264, -51
-168, 4
275, -182
-216, 35
95, -123
-7, -134
-288, 22
37, 72
-98, -109
156, -103
35, 282
203, 5
13, -284
-116, 274
-49, -285
79, -62
-316, 150
242, -231
42, -349
57, -226
332, 191
-61, -257
-2, 609
-12, -3
-237, 314
271, -346
68, -177
125, 47
-78, -194
25, 151
-3, -256
47, -109
84, 545
109, -66
349, -38
-633, -124
-104, 8
-96, -176
204, 541
54, 368
-216, -128
130, -311
-95, -108
-199, -71
-283, -521
154, 493
83, 328
196, 73
-103, 198
-121, 170
187, 82
-549, -195
57, -25
2, -560
164, 335
174, -93
-185, -192
88, 104
-346, -306
578, 22
-70, -10
156, 235
-90, 250
-267, -570
122, -557
-167, 97
91, 80
-136, -326
-381, 161
-331, -30
-337, 257
-22, -179
157, -733
173, 429
-124, -152
153, 200
-36, -70
260, 55
123, -14
253, -102
-103, -139
88, -289
230, 51
394, -408
-461, 237
-8, -353
191, -73
-23, -100
82, 270
-162, 113
-194, 324
314, 149
-325, -265
-11, -45
-101, 392
177, -27
161, 266
217, 239
259, -43
30, -100
-400, -131
-181, 161
-116, 73
-25, 67
-107, -179
-173, 504
204, -253
-568, -370
83, 4
281, -248
-102, -22
-539, 8
34, -347
-152, -170
-152, 124
-236, 159
-115, 11
172, 12
175, 158
-246, 30
-171, 89
-299, 100
42, -372
2, 120
-164, -91
-106, -16
61, 42
-142, 290
-131, 515
-222, -235
-207, -123
-17, 173
59, -61
295, 579
118, 117
184, -154
199, -58
-485, 175
179, 387
-105, 9
133, 349
262, -27
-44, 139
-308, 326
140, 185
-329, -233
211, 547
119, -259
-62, 29
201, -167
-114, -53
-5, -165
-47, -105
73, 182
47, -257
445, -254
366, 51
50, -81
-104, 125
-344, 80
-54, -362
172, -358
377, -26
-65, -22
478, 272
248, -96
-199, 200
64, 210
-306, 353
-250, 9
-102, 46
-68, 61
-52, 98
11, 178
-300, 178
31, -206
-288, -334
252, 192
228, -74
492, 19
-147, 175
-151, -209
251, -153
-473, -202
-36, -301
111, -238
-115, 63
-30, -312
38, 290
-246, -106
9, -191
232, -39
41, -95
-99, 111
-83, 19
-151, -312
77, -61
-50, -171
1, 186
-349, 123
125, -145
194, 185
-112, 96
-124, -50
277, -1
214, -96
-152, 72
-123, -262
176, -44
-60, 201
215, -388
358, -330
-145, 46
-89, 35
-475, 252
452, -140
254, 54
368, -167
-202, 262
-136, -278
172, 132
329, -78
-192, 37
252, 150
-308, 272
-279, 160
218, 11
64, -147
179, 215
188, -520
45, -60
368, 206
-185, -89
-245, -90
-210, -38
-62, -515
-72, 92
-303, 48
357, -164
-10, 43
360, -252
6, -13
-31, 380
-198, 298
-229, -292
-192, 221
-301, 237
-340, -90
-223, -184
157, -148
97, -130
-442, 194
223, 230
-192, -123
113, 188
142, 267
-71, 0
299, -119
195, 7
204, -308
516, -50
-140, -335
-208, -100
3, -142
-31, -155
-55, 433
48, -59
53, 300
-295, -279
68, -392
-24, 174
339, -41
-49, 140
-97, -64
139, -106
59, 113
119, -228
-86, 14
-4, 196
-79, 3
576, 44
154, 306
209, 10
102, -200
299, 495
286, 1
52, -453
23, -115
20, -334
151, 38
-36, -349
449, -298
53, -380
-409, -391
78, -89
-210, -50
-86, -4
-124, 109
2, -145
269, 155
-159, 52
-247, -25
101, -35
-48, -313
-32, 45
-18, -5
132, 216
-125, -91
-20, -25
224, -233
58, 132
-241, -86
53, -138
-29, 25
-45, -178
105, -91
-18, 186
89, 45
-154, -482
190, 413
445, 198
-609, -348
8, -423
25, 267
352, -211
-178, 361
90, -187
420, 171
-254, -448
11, -70
-232, -182
-290, 184
-84, 118
-122, 669
-176, 231
-358, 209
-243, -140
159, 276
106, 306
84, 8
-114, -279
-247, 561
-10, -361
67, -308
233, 377
267, 301
26, 70
-109, 273
-262, -271
178, -141
287, -26
-376, 99
83, 151
1, -244
494, -63
-446, 73
-67, 89
491, -339
218, 49
-102, -356
-285, -166
-172, 31
-210, 280
-302, -79
181, 180
-137, -296
-207, -84
345, 69
-540, -74
138, 110
-317, -135
178, 279
331, 185
71, -383
-33, 62
53, -299
278, 331
-422, -541
-376, -86
314, -310
66, 18
166, -436
3, 516
-103, 84
-79, 310
-24, 265
-421, -222
-313, -210
84, -21
-50, 412
-55, 166
-15, -212
682, -161
-194, 157
13, 61
161, 136
110, 219
239, 218
192, 54
20, 56
494, 196
2, 42
125, 246
-49, 393
331, 110
29, 60
-247, 11
394, -194
-206, 176
-211, -252
-26, 169
-246, -385
-1, -59
-170, 194
-2, 375
-187, -224
-49, -165
279, 166
-293, 109
-118, 169
20, -15
23, -233
140, 166
96, 251
-36, -156
154, 333
167, -202
210, 108
-197, -96
78, 375
-118, -13
-305, 5
-135, 9
283, -59
293, -184
-85, 94
12, 84
533, 102
-3, -97
-26, -210
-37, -100
312, -117
126, -73
-23, 190
-95, 81
458, -29
207, 196
359, -287
-84, -238
111, -26
66, 152
5, 85
-99, -99
500, 101
-121, -62
-17, 124
91, -299
-14, -108
-176, -121
6, -15
-32, 110
-96, 122
89, -47
-194, 679
-525, -226
-20, 68
-76, 29
232, 14
-198, -564
168, -256
101, -268
-65, 32
-164, -96
-156, 372
88, -44
-188, 412
-25, 362
306, 359
-129, -239
-155, 213
-171, 0
65, 55
172, 11
410, -203
-183, -222
-192, 122
224, -80
-169, -139
437, 419
51, 211
-153, 91
-72, -134
-287, -152
-57, -204
-287, 167
29, -65
379, 4
-179, 175
-169, 195
61, -78
52, 39
263, -27
70, -510
123, 238
32, -328
64, -273
183, -104
496, 185
-369, 266
194, 93
-15, -239
185, -291
-225, -432
149, 177
210, 20
76, 140
-340, 10
270, 17
-520, -65
63, -175
249, -233
-160, -140
17, 101
123, -67
202, -277
247, -149
-7, 25
201, -320
-7, -194
141, 109
-490, 304
198, -179
-98, -32
8, 198
-191, -460
31, -126
100, -18
-341, -45
241, -129
-74, -426
219, 264
-336, -237
266, 173
154, -189
287, 201
280, -236
85, 388
127, 43
-31, -283
155, -142
383, -228
239, -59
-88, 412
230, 231
-132, -71
-199, -345
12, -53
75, 83
-74, 142
-138, 45
-213, -431
-233, 26
-76, -6
24, 249
-105, 319
-406, -483
-295, -66
102, -235
-345, -12
-304, 499
216, 270
241, 284
-135, 553
393, 183
100, -74
281, 75
-48, -511
-198, 157
-97, 119
106, -62
212, 116
233, 357
12, 234
-152, 103
-331, -70
-81, 112
-449, 315
8, 185
-8, -232
11, 423
230, -271
285, -447
123, 174
-57, -289
163, -222
-258, 355
-191, 263
-65, -340
181, 105
-206, 372
201, -53
-120, 374
-93, 262
366, -155
254, -39
59, 289
25, 31
-564, -121
-708, 121
-1, 114
27, -573
110, 185
268, 300
327, -185
-251, -20
-502, -22
-49, -301
-76, -94
72, -273
313, -54
-101, -144
89, 53
-320, -58
54, 144
327, -367
248, 44
45, 90
-372, -369
418, 220
219, 29
76, -80
-51, 191
123, -234
-256, 553
-130, -11
4, -90
482, -124
-437, -299
-123, -17
77, 304
-110, -211
75, 96
-331, -188
-183, -64
312, -113
344, 85
98, -276
324, 380
131, -342
106, 80
-91, 64
349, -186
-342, -160
88, 139
-162, 353
170, 130
-73, 238
-180, 268
179, 333
-113, 170
-94, 74
409, -237
93, 124
-137, -325
-141, 133
14, 280
75, 148
-139, -220
100, 51
155, 276
70, -138
-125, -196
221, 116
185, -30
-318, 102
280, 137
-423, -38
63, -229
208, 326
75, 22
-128, 92
25, -15
-84, -572
437, -36
-196, 29
-111, 378
129, -301
-337, 293
480, -108
-199, -200
381, -72
-227, 269
-45, 202
275, 92
153, -54
-183, 127
135, 114
-162, 318
-217, 144
-165, -296
-106, -449
389, 415
123, 51
99, -54
99, -161
-76, 113
178, -76
-186, -77
-714, -114
-320, 74
-378, 259
-134, 80
-11, 279
174, 13
45, -83
223, -34
-128, 3
-395, 55
-288, 71
231, -347
-197, 13
-371, -109
-218, 397
-47, 84
374, 234
250, -26
22, -121
-10, -35
131, 95
-460, -120
238, 395
-96, -68
260, 411
-224, -213
275, 131
239, 657
67, -85
-30, -12
-216, -260
-522, 296
-69, -27
-9, 151
-544, 228
171, -50
-29, -106
-307, 261
-79, -122
-146, -460
-196, -238
80, -92
-64, 508
126, 215
22, -67
-98, -388
-99, -15
-170, 377
-483, 350
-89, -128
345, -38
36, -287
-259, -91
163, -308
130, 507
-79, -275
-31, 209
-206, -116
74, -175
85, 151
244, 43
-173, -269
-256, 161
21, -241
318, 151
-379, -286
23, -280
72, -204
-59, -137
-256, -55
299, -215
1, -110
435, 193
104, -120
50, 286
352, -167
-50, 101
-50, -134
-72, -154
-504, -296
-210, 536
-491, -37
204, 98
36, 256
9, 100
-187, 209
-289, -255
137, -92
29, 64
-229, -243
-124, 169
-322, 24
122, 47
-47, 57
-350, 325
-467, 395
91, -319
53, -1
15, 240
375, -209
89, 15
348, 155
63, -79
130, 81
-9, 181
47, -318
47, -234
82, 461
47, 8
76, 7
431, 417
119, 221
-214, -116
29, -118
-31, -309
227, -180
-268, 223
-75, -197
74, 217
399, 185
-129, -100
-508, -16
-102, -270
-107, 497
241, -145
275, -126
-216, 243
-143, -111
-201, 244
-24, 303
-241, -18
-289, 404
200, -97
335, -232
106, 333
-46, 255
227, 276
-53, 89
-110, 85
-31, -301
27, -173
458, 323
314, 342
169, 375
-79, -303
-42, -262
190, 120
-28, -328
23, -13
269, 16
187, 422
25, -27
224, 28
-347, -122
-337, -420
23, -170
339, -297
-223, -430
-475, 18
-353, -114
-261, -144
-386, 272
-383, 316
132, 129
285, -239
15, -360
-323, -88
-202, -150
-292, 129
-299, 19
59, -167
-309, 4
-284, -424
-253, 359
-105, 251
-87, 42
72, -185
-92, 44
123, 58
-171, -88
-12, 143
92, 415
376, 198
209, 261
-248, 95
104, -165
63, -82
-117, -231
-311, -228
-182, -298
103, -351
586, -276
-151, -199
-27, 142
-336, -5
337, 253
-188, -206
48, -660
54, -80
288, -213
-27, 45
225, 180
297, 257
1, 579
195, 234
486, 232
10, 174
-16, -203
15, 104
15, -153
-48, -529
80, -101
-182, 27
149, -236
190, 100
210, -421
-325, 54
94, 369
-168, -97
92, -188
-31, 144
18, -168
-99, 77
92, -75
-57, -283
39, -381
234, -350
-246, -246
112, 141
-551, -121
138, -355
34, 328
93, 156
249, 61
231, -114
146, -28
156, 89
219, 70
213, 343
-170, -110
-103, -98
93, 41
211, 2
-361, 29
-122, 128
337, -181
173, -59
103, 176
-164, 101
-90, 406
-26, -62
115, 304
-107, -23
3, 74
56, -217
-52, 114
-1, -231
-291, -423
-137, 80
-28, -48
-323, 149
-340, -5
-112, 538
112, 42
-502, -61
-230, 339
-246, 192
102, 263
255, 171
-386, -60
106, -140
197, -431
-84, 115
488, 47
237, -305
-296, 19
-143, 104
2, 244
-411, -392
238, -67
-20, -109
-196, -147
-355, -365
78, 33
285, 59
-18, -355
243, -289
185, 491
340, -43
41, -150
442, 149
15, -156
-214, 54
-295, 186
-4, -127
174, 105
301, 477
-61, -33
-22, -342
167, 279
36, -211
45, -11
229, 152
-110, 102
163, -460
252, -215
-48, 172
-74, 13
119, -47
-132, 250
74, 259
-691, 94
178, -68
-146, 207
129, -71
134, -14
174, 143
-144, -17
-518, 67
-16, 307
260, 103
316, 477
-189, -264
-70, 16
-49, 80
-361, 80
238, -18
194, 255
-110, -312
-329, 259
344, -341
-360, 295
-117, 6
0, 51
-12, -191
-37, -9
-249, 419
-80, -21
-373, -186
74, 170
-83, -143
285, 195
221, -85
82, 191
-28, 85
-20, 344
324, 122
-55, -158
-247, -234
-195, -256
585, 142
-74, -127
257, 139
105, -614
-370, -192
268, 89
185, 292
-383, -296
226, -2
-29, 129
-336, -294
372, 103
-94, -40
-99, 561
-203, -437
28, 54
255, 315
-91, 145
369, 480
256, 325
-218, -62
-71, 58
2, -282
98, -22
-309, 296
143, 118
655, -177
21, 378
-4, 342
-34, -256
49, 153
-195, -78
236, 314
149, 254
147, 190
-279, -298
-203, -13
-113, -6
51, -34
145, -417
79, -13
-10, -5
255, -35
62, -38
-141, 119
-64, -11
196, -118
352, 194
-106, 89
54, -54
-110, -201
-184, -224
-430, 114
284, -369
530, 97
486, -470
328, 130
-90, 85
-113, -68
-144, 159
381, 298
29, -96
-489, -30
39, -121
177, -150
-91, -461
-235, 147
-127, -67
148, 100
302, -285
-101, 124
-433, 296
63, -74
19, -359
105, 118
209, -32
-126, 521
-12, -14
210, -480
-275, -1
-111, -336
126, 399
405, -200
-18, -329
-76, -88
185, 104
186, 50
407, -116
-199, 138
224, 117
-96, 12
-204, 218
333, 223
-20, -2
65, -123
-326, -134
-204, -183
-170, -88
-93, -371
-105, -37
-192, -615
148, -122
-300, -87
226, 239
353, 217
253, 21
250, 379
-208, 260
135, 416
349, -114
-333, 130
420, 13
173, -656
-395, -385
-388, -147
32, 348
24, -235
-283, 231
-73, 160
217, 140
233, 13
563, 39
256, 486
-27, -21
-169, 54
81, 61
373, 202
440, 33
-29, -63
16, 144
-55, 252
15, -14
-220, 52
244, -164
-76, -228
-414, 261
-253, 437
41, -32
-40, -187
-161, -139
-261, -127
115, 157
-21, -68
-14, 223
225, 34
306, -124
328, 191
136, 61
-49, -81
-238, 246
159, 427
-69, -145
-308, 60
-316, -184
217, -236
45, -252
-172, 106
-3, 391
133, -145
-217, 53
101, 351
-34, -524
89, 167
-147, -56
-105, -244
-101, 196
-22, 114
-62, 160
-256, 214
40, 279
164, 250
315, -114
-82, -440
294, 161
-1, 164
-147, 251
-228, 209
3, 93
-132, -258
-183, -71
254, -419
-243, -265
60, -183
134, -312
308, 70
-469, 556
-63, -113
-235, 57
-153, -100
-17, -309
77, -279
-28, -200
-224, 193
-8, -108
-388, -17
316, -310
91, -50
238, 210
-689, -158
-182, 61
-108, -63
60, 186
78, -83
-486, 68
74, -189
0, 352
219, 345
-287, -26
-221, -260
99, 261
-169, -429
-186, -128
-32, -342
-305, 323
-19, -311
344, 211
25, -345
15, -123
31, 398
69, 162
207, -33
-114, -125
2, -104
-65, 231
-92, -210
-255, -38
260, 15
-27, 208
237, 64
-53, -16
389, -114
-42, 475
219, -118
186, 463
170, -40
-129, 329
175, 229
-309, 75
89, 341
260, 358
-102, 102
520, -180
-177, 155
-171, -51
-22, -134
113, -110
-72, -55
22, -158
122, -463
-266, -38
-210, -75
98, -261
-173, -249
-48, 44
285, 18
5, 215
365, -167
-162, 51
185, 584
279, 86
-71, 100
96, -194
-127, 223
205, -201
124, 8
-3, -85
-193, 42
0, 12
605, -331
444, 282
-126, 127
178, 434
30, -113
7, -129
180, 17
-237, 28
-70, -337
121, 151
401, -142
201, -242
-176, -132
-280, 204
-102, 146
-120, -115
-18, -470
136, 418
266, 215
-144, 140
13, -77
36, -9
433, -200
-45, -144
44, 230
91, -195
176, 123
27, 215
-14, -247
-391, 183
127, 166
139, 119
264, -40
199, -74
416, 202
-153, 280
-336, 150
391, -109
-332, 86
42, 52
57, -247
-103, 19
-433, -219
11, -136
5, 127
14, 78
552, 94
350, -34
-68, 130
-57, 359
-83, -396
-266, 20
67, 671
231, -12
-661, -134
-176, -56
199, -4
-95, 141
88, 296
-145, -186
-156, 10
128, 115
581, 266
340, -11
-238, -413
-164, 171
143, 171
241, -341
547, -411
389, -258
-83, 90
-343, -69
132, -416
-114, -267
-52, 85
-193, 35
-391, 0
108, -49
-241, -387
-44, -90
-47, 67
97, -92
-20, -52
115, 183
-255, 173
6, -170
245, -134
174, -138
-251, -87
142, 25
224, 196
-69, -47
-210, -480
269, -22
-122, -141
-232, 68
99, -112
331, -228
-156, -324
40, -71
29, -266
125, -603
232, -111
-118, -202
15, -71
-484, -38
-191, -56
-226, 208
291, 128
48, 392
-220, 7
90, 35
225, -130
20, -118
-215, -33
89, 278
-36, -33
-290, 561
0, 191
-37, 187
-71, 274
-53, -233
-31, 15
195, -30
-47, -227
-165, 336
76, -13
-247, -286
35, 165
-102, -85
-156, 211
-31, 198
-69, 56
-275, -199
172, -49
-151, -323
369, -30
785, 236
-220, -384
130, 63
-200, 106
-240, -57
219, 372
-309, -253
-140, -366
-201, 55
200, 142
-102, -22
-379, 101
-161, -154
515, 470
468, 44
85, -10
-149, 84
-144, -335
-135, -67
-581, 318
-252, 181
409, 146
-98, -222
-142, -99
109, -128
25, 322
-102, -55
293, -55
1, 69
-83, 194
238, -84
-382, -65
52, 264
63, 194
144, 64
45, -57
49, 60
52, -244
450, 1
-321, 189
217, -87
13, 377
-73, 90
39, 73
322, -233
-204, -225
193, 73
-274, 339
-250, 138
180, 228
72, 181
-241, 454
256, 166
-22, 177
43, -181
16, 97
52, -178
411, -133
0, -246
-566, -384
-92, -91
-16, -96
-29, -164
113, -24
-121, -43
51, -257
-260, -75
154, 79
-276, 0
-47, -176
233, -31
-211, 9
-24, 166
411, 54
-57, -43
429, -244
-91, 78
-129, 131
-214, -150
-181, 117
-288, 132
137, -12
-108, 40
533, 117
261, 151
-482, 347
150, 158
-179, 75
196, 349
-187, -61
14, 66
-348, -58
-27, -509
114, 179
159, -363
304, 210
24, -5
128, 154
37, -180
-180, -132
-242, 237
-42, -79
-224, -43
42, 178
-103, -3
569, 184
-223, 331
-358, 11
-162, -97
106, 346
42, 48
240, 192
-43, 90
-283, 115
-52, -118
132, -125
273, -15
175, -120
-313, 67
112, 155
288, -43
382, 401
78, -223
139, 326
160, 43
241, -167
-58, 362
-139, 236
102, 232
-61, -175
-210, 124
-186, 198
305, 278
-210, 116
335, 229
175, -248
133, 420
-42, -135
-146, 174
551, -80
-504, -237
61, 231
184, -306
51, -23
8, 215
298, -61
-59, -108
10, 71
322, -241
-169, -35
-250, 326
-4, 93
-383, 325
241, -444
147, -157
5, 133
29, -154
-167, -106
-193, 138
-21, 515
106, -30
-19, 462
62, -162
-275, -47
113, 130
37, 309
-76, 108
101, 251
644, 39
363, 5
-285, 79
-53, 461
-109, -263
139, 164
-72, 187
-200, 238
-137, -359
114, -48
56, -195
109, -180
354, 314
167, 204
27, -535
-353, -203
226, 123
180, 324
282, 315
-263, 150
88, -599
-258, -47
-108, -247
414, -65
-47, -156
237, 194
-149, -69
-176, -33
-36, -125
14, -9
-153, -45
57, 81
289, -391
-367, 285
32, -112
497, 287
362, 433
91, 365
-468, 30
-175, -231
-119, -90
169, -26
100, -26
-356, -156
-118, -238
-276, -121
-119, -47
34, 43
467, 7
-66, 76
-118, -34
117, -109
-39, -58
-22, -14
-32, 84
-92, -224
102, -100
-107, -453
-243, 374
-134, 625
211, -354
373, 249
251, -395
-354, -108
89, -93
259, 145
-15, -133
364, -59
215, 118
25, -110
-309, -94
23, 92
137, -446
-218, 58
-8, -38
400, 30
-41, 190
53, 13
-498, 155
104, 107
-117, 44
0, 380
-104, 323
139, 53
-80, 123
-200, -53
54, 259
-437, -11
648, 242
-111, -282
92, 74
186, -567
-230, 152
-176, -155
24, 222
-266, 90
-214, 174
-78, 38
25, 118
288, 66
-87, 76
43, 243
9, -427
378, -32
-103, 162
219, 190
-82, 38
-143, 314
80, -185
-329, -75
254, 76
-14, 170
-652, 242
31, -35
-271, -532
-2, 196
-529, -105
-252, -349
-55, 137
96, -104
37, -260
-34, -84
46, 30
348, 149
200, 129
-405, 520
-167, 118
-101, -345
206, -74
185, -42
-473, -282
-230, 13
-140, -154
-183, -127
-358, -251
260, -497
-49, -49
-57, 48
202, 63
-309, -217
32, 93
183, -529
-276, -217
-219, 51
-128, -335
-81, -62
22, 302
-386, -9
-78, 99
297, 183
-279, -214
-260, 74
270, -101
-404, 441
269, -330
-199, -190
94, -90
-96, 281
56, 275
-114, 47
163, -197
56, 212
-341, -36
234, -503
109, -155
-354, 23
114, 84
157, -45
373, -36
117, 175
-259, 60
208, 38
-5, -228
-55, -32
-341, -189
-71, -33
128, 20
30, 175
-13, 48
-127, -203
-333, -15
35, 38
-332, -230
90, 204
-105, 303
26, 382
119, 206
7, -302
-59, -203
-104, -39
196, -309
-65, 120
146, -131
96, -841
-54, -528
-242, 520
207, -262
100, -332
450, 315
244, -80
86, -152
-17, -19
114, -276
-320, 117
87, -123
29, 136
-149, -142
-57, 75
231, 0
81, -236
-345, 21
14, 125
494, 0
-95, -162
219, -73
-363, -55
-92, -115
-86, 244
128, 78
99, 78
261, 18
426, -167
-20, -18
-60, 8
137, 124
161, -17
72, 172
-169, 347
-197, 167
-349, -153
35, 68
-12, 193
-192, 296
386, -40
171, 136
20, 175
12, -61
347, -229
-292, -201
35, 428
55, -180
402, 392
-251, 34
462, 276
-175, -346
82, 558
141, 52
123, 24
344, -190
212, 101
-405, -160
-132, -89
56, -93
30, -315
247, 9
345, 47
88, 82
150, 64
-123, -172
207, 168
-2, 117
-25, 534
-75, 164
48, 28
98, -122
361, -62
-86, -9
-84, -357
-203, 618
-20, -96
-160, -9
-28, -61
13, -198
-304, -139
-116, -378
141, -445
169, -35
-66, 104
-148, -522
309, 175
-349, 176
168, 349
45, -87
14, 133
221, 11
-62, -77
-407, -59
-23, -58
-26, -93
322, 211
-75, 129
-111, -184
220, 36
-466, 89
-57, -67
98, -83
-128, 288
-87, -198
-208, -104
227, 4
1, -361
411, 145
-204, -32
-77, 240
328, -85
-24, -166
425, 104
-57, 113
-365, 177
-63, -204
26, -13
164, -166
-139, 50
-3, 189
216, -315
7, 261
209, -102
377, 98
-86, 24
-141, -361
-158, 33
578, -245
409, 111
-103, 107
453, -239
104, -170
-4, 161
625, 65
154, -88
-50, -35
14, 21
-63, -230
293, 113
-59, -448
180, 332
-21, 93
5, -133
-79, 144
11, 14
-33, -127
105, 170
-362, 81
309, 261
-111, 334
28, 288
-179, -59
-155, 237
-231, 166
-306, 211
312, 36
12, -97
-364, 49
211, -20
-321, -302
323, 318
-255, -183
47, -371
-27, 26
250, 256
235, 223
-374, 305
-169, -66
-248, -285
153, -33
-216, 63
331, 393
22, -225
150, -17
-19, 165
75, -177
-168, -304
17, 158
154, 0
-253, -43
394, -110
-28, 123
-3, -61
51, -213
-124, -212
-133, 11
501, -334
-53, 71
250, 8
-148, -50
83, -376
6, -57
229, -291
-96, 43
37, 468
141, -92
130, 105
164, 26
228, 66
129, -39
-90, -259
467, 382
-67, 184
179, 478
6, 320
-189, -116
194, 466
194, -162
624, -317
-77, 85
444, 198
-320, -366
-413, 121
204, -216
67, -294
22, 312
-24, -158
-610, 280
288, -34
47, -160
-41, 348
620, -169
174, -188
-365, -246
71, 18
200, -216
129, -9
-245, 107
-47, -227
-79, -19
-246, -322
-33, -371
46, 162
33, -435
316, -404
19, 221
-136, 103
