1.0, 1.0
1.0, 1.0
1.0, 1.0
1.0, 1.0
1.0, 1.0
1.0, .0
1.0, .0
1.0, .0
1.0, .0
1.0, .0
1.0, .0
1.0, .0
1.0, .0
.0, .0
.0, -1.0
.0, -1.0
1.0, -1.0
1.0, .0
1.0, .0
1.0, .0
1.0, .0
1.0, -1.0
1.0, -1.0
1.0, -1.0
1.0, -1.0
1.0, -1.0
1.0, -1.0
1.0, -1.0
1.0, -2.0
1.0, -2.0
1.0, -2.0
1.0, -2.0
1.0, -2.0
1.0, -2.0
1.0, -1.0
1.0, -2.0
.0, -3.0
.0, -3.0
.0, -3.0
.0, -3.0
.0, -3.0
-1.0, -3.0
-1.0, -3.0
-1.0, -3.0
-1.0, -3.0
-2.0, -3.0
-3.0, -3.0
-4.0, -3.0
-4.0, -3.0
-4.0, -3.0
-4.0, -3.0
-4.0, -3.0
-4.0, -3.0
-4.0, -3.0
-4.0, -3.0
-4.0, -3.0
-4.0, -3.0
-4.0, -3.0
-4.0, -3.0
-4.0, -3.0
-3.0, -4.0
-3.0, -4.0
-3.0, -4.0
-3.0, -4.0
-3.0, -4.0
-3.0, -4.0
-3.0, -4.0
-3.0, -4.0
-2.0, -4.0
-2.0, -4.0
-2.0, -5.0
-1.0, -5.0
-1.0, -5.0
-1.0, -6.0
-1.0, -6.0
-1.0, -6.0
-1.0, -6.0
-2.0, -6.0
-2.0, -6.0
-2.0, -6.0
-2.0, -6.0
-2.0, -6.0
-1.0, -7.0
-2.0, -7.0
-2.0, -7.0
-2.0, -7.0
-2.0, -7.0
-2.0, -6.0
-2.0, -6.0
-2.0, -6.0
-2.0, -6.0
-2.0, -6.0
-2.0, -6.0
-2.0, -6.0
-2.0, -6.0
-2.0, -6.0
-2.0, -6.0
-2.0, -6.0
-1.0, -6.0
-1.0, -6.0
.0, -6.0
.0, -6.0
.0, -7.0
.0, -7.0
1.0, -7.0
1.0, -7.0
1.0, -7.0
1.0, -7.0
1.0, -7.0
1.0, -7.0
1.0, -7.0
1.0, -7.0
1.0, -7.0
1.0, -7.0
2.0, -7.0
2.0, -6.0
2.0, -6.0
2.0, -6.0
3.0, -6.0
3.0, -6.0
3.0, -6.0
3.0, -6.0
3.0, -6.0
3.0, -7.0
3.0, -6.0
3.0, -6.0
3.0, -7.0
3.0, -7.0
3.0, -8.0
3.0, -9.0
3.0, -9.0
3.0, -9.0
3.0, -9.0
3.0, -9.0
3.0, -9.0
3.0, -8.0
3.0, -6.0
3.0, -6.0
3.0, -7.0
3.0, -7.0
3.0, -7.0
3.0, -7.0
2.0, -7.0
2.0, -7.0
2.0, -7.0
2.0, -7.0
2.0, -7.0
2.0, -7.0
2.0, -7.0
3.0, -7.0
3.0, -7.0
3.0, -7.0
3.0, -7.0
3.0, -7.0
3.0, -7.0
2.0, -8.0
2.0, -8.0
2.0, -8.0
2.0, -9.0
2.0, -9.0
2.0, -10.0
2.0, -10.0
2.0, -10.0
2.0, -10.0
2.0, -10.0
1.0, -10.0
.0, -10.0
-1.0, -10.0
.0, -11.0
.0, -11.0
.0, -11.0
.0, -11.0
-1.0, -11.0
-1.0, -11.0
-1.0, -11.0
-1.0, -12.0
-1.0, -12.0
-2.0, -12.0
-2.0, -12.0
-2.0, -12.0
-3.0, -12.0
-3.0, -12.0
-3.0, -12.0
-3.0, -12.0
-4.0, -12.0
-4.0, -11.0
-4.0, -11.0
-4.0, -11.0
-4.0, -11.0
-4.0, -11.0
-3.0, -11.0
-3.0, -11.0
-3.0, -11.0
-3.0, -11.0
-3.0, -11.0
-3.0, -11.0
-3.0, -11.0
-3.0, -11.0
-3.0, -11.0
-3.0, -12.0
-2.0, -12.0
-3.0, -12.0
-3.0, -12.0
-3.0, -12.0
-3.0, -12.0
-3.0, -12.0
-2.0, -12.0
-2.0, -12.0
-1.0, -12.0
-1.0, -12.0
-1.0, -12.0
-1.0, -11.0
-1.0, -11.0
-1.0, -11.0
-1.0, -11.0
-1.0, -12.0
-1.0, -12.0
-2.0, -12.0
-3.0, -12.0
-3.0, -13.0
-3.0, -13.0
-3.0, -13.0
-3.0, -13.0
-3.0, -13.0
-4.0, -14.0
-4.0, -14.0
-4.0, -14.0
-4.0, -14.0
-4.0, -14.0
-4.0, -15.0
-4.0, -15.0
-4.0, -15.0
-4.0, -16.0
-4.0, -16.0
-4.0, -16.0
-4.0, -16.0
-4.0, -16.0
-3.0, -16.0
-3.0, -16.0
-3.0, -16.0
-3.0, -16.0
-3.0, -16.0
-3.0, -16.0
-3.0, -16.0
-3.0, -17.0
-2.0, -17.0
-2.0, -18.0
-3.0, -17.0
-3.0, -17.0
-3.0, -18.0
-3.0, -18.0
-3.0, -18.0
-3.0, -18.0
-3.0, -18.0
-3.0, -18.0
-3.0, -18.0
-3.0, -18.0
-3.0, -18.0
-3.0, -18.0
-3.0, -18.0
-3.0, -18.0
-3.0, -19.0
-3.0, -19.0
-3.0, -19.0
-2.0, -19.0
-2.0, -19.0
-1.0, -19.0
-1.0, -19.0
-1.0, -19.0
-1.0, -19.0
-1.0, -19.0
-1.0, -19.0
-1.0, -19.0
.0, -20.0
1.0, -19.0
1.0, -19.0
1.0, -19.0
1.0, -19.0
1.0, -19.0
1.0, -19.0
1.0, -19.0
1.0, -19.0
1.0, -18.0
1.0, -18.0
.0, -18.0
.0, -18.0
-1.0, -18.0
-1.0, -17.0
-1.0, -17.0
-1.0, -17.0
-2.0, -17.0
-2.0, -17.0
-2.0, -17.0
-2.0, -17.0
-2.0, -17.0
-2.0, -17.0
-2.0, -17.0
-2.0, -17.0
-2.0, -16.0
-2.0, -16.0
-2.0, -16.0
-2.0, -16.0
-2.0, -16.0
-3.0, -17.0
-4.0, -17.0
-4.0, -17.0
-4.0, -17.0
-4.0, -17.0
-4.0, -17.0
-4.0, -17.0
-3.0, -17.0
-3.0, -17.0
-3.0, -18.0
-3.0, -18.0
-3.0, -18.0
-3.0, -18.0
-2.0, -18.0
-2.0, -18.0
-2.0, -18.0
-2.0, -19.0
-2.0, -19.0
-2.0, -19.0
-2.0, -19.0
-2.0, -19.0
-2.0, -19.0
-3.0, -20.0
-3.0, -20.0
-3.0, -20.0
-3.0, -20.0
-3.0, -19.0
-3.0, -19.0
-3.0, -19.0
-4.0, -19.0
-4.0, -19.0
-4.0, -19.0
-4.0, -19.0
-4.0, -19.0
-4.0, -19.0
-4.0, -18.0
-3.0, -18.0
-3.0, -18.0
-3.0, -18.0
-3.0, -18.0
-4.0, -18.0
-4.0, -18.0
-4.0, -18.0
-4.0, -18.0
-4.0, -18.0
-4.0, -18.0
-4.0, -18.0
-4.0, -18.0
-4.0, -18.0
-4.0, -18.0
-4.0, -18.0
-4.0, -18.0
-4.0, -18.0
-4.0, -18.0
-4.0, -18.0
-4.0, -18.0
-3.0, -18.0
-3.0, -19.0
-3.0, -20.0
-3.0, -20.0
-3.0, -20.0
-3.0, -21.0
-3.0, -21.0
-3.0, -21.0
-3.0, -21.0
-3.0, -21.0
-4.0, -21.0
-4.0, -21.0
-4.0, -21.0
-4.0, -21.0
-5.0, -20.0
-5.0, -20.0
-4.0, -20.0
-4.0, -20.0
-4.0, -20.0
-4.0, -20.0
-4.0, -20.0
-4.0, -20.0
-4.0, -20.0
-4.0, -20.0
-4.0, -20.0
-3.0, -20.0
-3.0, -20.0
-3.0, -20.0
-3.0, -21.0
-3.0, -22.0
-3.0, -22.0
-3.0, -22.0
-3.0, -23.0
-3.0, -23.0
-3.0, -23.0
-3.0, -23.0
-3.0, -23.0
-3.0, -23.0
-3.0, -23.0
-3.0, -23.0
-3.0, -23.0
-3.0, -23.0
-3.0, -23.0
-3.0, -24.0
-4.0, -24.0
-4.0, -24.0
-4.0, -24.0
-4.0, -25.0
-5.0, -24.0
-5.0, -24.0
-6.0, -24.0
-7.0, -24.0
-7.0, -24.0
-7.0, -24.0
-7.0, -24.0
-7.0, -24.0
-8.0, -24.0
-8.0, -24.0
-9.0, -24.0
-9.0, -25.0
-9.0, -25.0
-9.0, -25.0
-9.0, -25.0
-9.0, -25.0
-10.0, -25.0
-10.0, -25.0
-10.0, -25.0
-10.0, -25.0
-10.0, -26.0
-10.0, -26.0
-11.0, -26.0
-10.0, -26.0
-10.0, -26.0
-10.0, -26.0
-10.0, -26.0
-9.0, -26.0
-9.0, -26.0
-9.0, -26.0
-9.0, -25.0
-10.0, -25.0
-10.0, -25.0
-10.0, -25.0
-10.0, -25.0
-10.0, -25.0
-10.0, -25.0
-10.0, -25.0
-10.0, -25.0
-10.0, -25.0
-10.0, -25.0
-10.0, -25.0
-10.0, -25.0
-10.0, -25.0
-10.0, -25.0
-10.0, -25.0
-10.0, -25.0
-10.0, -25.0
-10.0, -25.0
-10.0, -25.0
-10.0, -25.0
-10.0, -25.0
-10.0, -25.0
-10.0, -26.0
-10.0, -26.0
-10.0, -25.0
-10.0, -24.0
-10.0, -25.0
-10.0, -25.0
-10.0, -25.0
-10.0, -25.0
-10.0, -25.0
-10.0, -25.0
-10.0, -25.0
-10.0, -25.0
-10.0, -25.0
-11.0, -25.0
-11.0, -25.0
-11.0, -25.0
-11.0, -25.0
-11.0, -25.0
-11.0, -25.0
-11.0, -25.0
-11.0, -25.0
-11.0, -25.0
-11.0, -25.0
-11.0, -25.0
-11.0, -25.0
-11.0, -25.0
-11.0, -25.0
-11.0, -25.0
-10.0, -25.0
-10.0, -25.0
-10.0, -26.0
-10.0, -26.0
-10.0, -27.0
-10.0, -27.0
-10.0, -28.0
-10.0, -28.0
-10.0, -28.0
-10.0, -28.0
-10.0, -28.0
-10.0, -27.0
-10.0, -27.0
-10.0, -27.0
-10.0, -27.0
-10.0, -27.0
-10.0, -27.0
-10.0, -26.0
-10.0, -26.0
-10.0, -26.0
-10.0, -26.0
-10.0, -26.0
-10.0, -26.0
-10.0, -26.0
-10.0, -26.0
-10.0, -26.0
-10.0, -26.0
-10.0, -26.0
-10.0, -26.0
-10.0, -26.0
-11.0, -26.0
-11.0, -26.0
-11.0, -26.0
-11.0, -26.0
-11.0, -26.0
-10.0, -27.0
-10.0, -27.0
-10.0, -27.0
-10.0, -27.0
-10.0, -27.0
-10.0, -27.0
-10.0, -27.0
-10.0, -27.0
-10.0, -27.0
-10.0, -28.0
-9.0, -28.0
-9.0, -28.0
-9.0, -28.0
-8.0, -28.0
-8.0, -28.0
-8.0, -28.0
-8.0, -28.0
-8.0, -28.0
-8.0, -30.0
-8.0, -30.0
-8.0, -30.0
-8.0, -29.0
-9.0, -30.0
-9.0, -30.0
-9.0, -30.0
-9.0, -30.0
-8.0, -30.0
-8.0, -30.0
-8.0, -30.0
-8.0, -30.0
-8.0, -29.0
-8.0, -29.0
-8.0, -30.0
-8.0, -30.0
-8.0, -30.0
-8.0, -31.0
-8.0, -31.0
-8.0, -32.0
-8.0, -32.0
-8.0, -32.0
-8.0, -32.0
-8.0, -32.0
-9.0, -32.0
-9.0, -32.0
-8.0, -32.0
-8.0, -32.0
-8.0, -32.0
-8.0, -32.0
-8.0, -32.0
-8.0, -32.0
-9.0, -32.0
-9.0, -32.0
-9.0, -32.0
-9.0, -33.0
-9.0, -34.0
-9.0, -34.0
-9.0, -34.0
-9.0, -34.0
-9.0, -34.0
-8.0, -34.0
-8.0, -34.0
-8.0, -34.0
-8.0, -34.0
-8.0, -34.0
-7.0, -33.0
-7.0, -33.0
-7.0, -33.0
-7.0, -33.0
-7.0, -33.0
-7.0, -33.0
-6.0, -33.0
-6.0, -33.0
-6.0, -33.0
-6.0, -33.0
-6.0, -33.0
-7.0, -32.0
-7.0, -32.0
-7.0, -32.0
-7.0, -33.0
-7.0, -33.0
-7.0, -33.0
-7.0, -33.0
-7.0, -34.0
-7.0, -35.0
-7.0, -35.0
-7.0, -35.0
-7.0, -35.0
-7.0, -35.0
-7.0, -35.0
-7.0, -35.0
-7.0, -35.0
-7.0, -35.0
-7.0, -35.0
-7.0, -35.0
-7.0, -35.0
-7.0, -34.0
-7.0, -34.0
-7.0, -32.0
-6.0, -31.0
-7.0, -31.0
-7.0, -31.0
-7.0, -31.0
-7.0, -31.0
-7.0, -31.0
-7.0, -31.0
-7.0, -32.0
-7.0, -33.0
-7.0, -32.0
-7.0, -32.0
-7.0, -32.0
-7.0, -32.0
-7.0, -32.0
-6.0, -32.0
-7.0, -32.0
-7.0, -32.0
-7.0, -32.0
-7.0, -32.0
-8.0, -32.0
-8.0, -32.0
-8.0, -32.0
-8.0, -32.0
-8.0, -32.0
-9.0, -32.0
-9.0, -32.0
-9.0, -32.0
-9.0, -32.0
-9.0, -32.0
-8.0, -32.0
-8.0, -32.0
-8.0, -32.0
-8.0, -31.0
-9.0, -31.0
-9.0, -31.0
-9.0, -31.0
-8.0, -31.0
-8.0, -33.0
-8.0, -33.0
-8.0, -33.0
-7.0, -33.0
-8.0, -33.0
-8.0, -33.0
-8.0, -33.0
-8.0, -33.0
-8.0, -33.0
-8.0, -33.0
-8.0, -33.0
-8.0, -33.0
-8.0, -33.0
-8.0, -33.0
-8.0, -33.0
-8.0, -33.0
-8.0, -33.0
-8.0, -33.0
-8.0, -33.0
-9.0, -33.0
-9.0, -33.0
-9.0, -33.0
-9.0, -33.0
-9.0, -32.0
-9.0, -32.0
-9.0, -33.0
-9.0, -33.0
-9.0, -33.0
-9.0, -34.0
-9.0, -34.0
-9.0, -34.0
-9.0, -35.0
-9.0, -35.0
-9.0, -34.0
-9.0, -34.0
-9.0, -34.0
-10.0, -34.0
-10.0, -34.0
-10.0, -34.0
-10.0, -34.0
-10.0, -34.0
-10.0, -34.0
-10.0, -34.0
-10.0, -34.0
-10.0, -34.0
-10.0, -34.0
-9.0, -33.0
-9.0, -33.0
-9.0, -33.0
-8.0, -33.0
-8.0, -33.0
-9.0, -33.0
-9.0, -33.0
-10.0, -33.0
-10.0, -33.0
-11.0, -33.0
-11.0, -33.0
-11.0, -32.0
-11.0, -32.0
-11.0, -33.0
-12.0, -33.0
-12.0, -33.0
-12.0, -33.0
-12.0, -33.0
-12.0, -33.0
-12.0, -33.0
-12.0, -33.0
-12.0, -32.0
-12.0, -32.0
-12.0, -32.0
-12.0, -32.0
-12.0, -32.0
-12.0, -32.0
-12.0, -32.0
-13.0, -32.0
-13.0, -32.0
-13.0, -32.0
-12.0, -32.0
-12.0, -32.0
-12.0, -31.0
-12.0, -32.0
-12.0, -32.0
-12.0, -32.0
-12.0, -32.0
-12.0, -32.0
-12.0, -32.0
-12.0, -32.0
-12.0, -32.0
-12.0, -32.0
-12.0, -32.0
-12.0, -32.0
-12.0, -32.0
-12.0, -32.0
-12.0, -32.0
-12.0, -32.0
-12.0, -32.0
-12.0, -32.0
-12.0, -32.0
-12.0, -32.0
-12.0, -32.0
-12.0, -32.0
-12.0, -32.0
-12.0, -32.0
-12.0, -32.0
-12.0, -32.0
-12.0, -32.0
-12.0, -32.0
-12.0, -32.0
-12.0, -32.0
-12.0, -32.0
-12.0, -31.0
-12.0, -30.0
-12.0, -30.0
-11.0, -30.0
-11.0, -30.0
-11.0, -30.0
-11.0, -31.0
-11.0, -31.0
-11.0, -31.0
-11.0, -30.0
-12.0, -30.0
-12.0, -30.0
-12.0, -30.0
-13.0, -30.0
-13.0, -30.0
-13.0, -30.0
-13.0, -30.0
-13.0, -30.0
-12.0, -30.0
-12.0, -30.0
-13.0, -30.0
-13.0, -30.0
-13.0, -30.0
-13.0, -30.0
-13.0, -30.0
-13.0, -30.0
-13.0, -30.0
-13.0, -31.0
-13.0, -29.0
-12.0, -29.0
-12.0, -29.0
-12.0, -29.0
-11.0, -29.0
-11.0, -29.0
-11.0, -29.0
-11.0, -30.0
-11.0, -30.0
-11.0, -30.0
-11.0, -30.0
-11.0, -30.0
-11.0, -30.0
-11.0, -30.0
-11.0, -30.0
-11.0, -30.0
-12.0, -29.0
-12.0, -29.0
-12.0, -29.0
-13.0, -29.0
-13.0, -29.0
-13.0, -29.0
-14.0, -29.0
-14.0, -29.0
-14.0, -29.0
-14.0, -29.0
-14.0, -29.0
-14.0, -29.0
-14.0, -29.0
-14.0, -29.0
-13.0, -30.0
-12.0, -30.0
-12.0, -30.0
-12.0, -31.0
-12.0, -31.0
-12.0, -31.0
-12.0, -31.0
-12.0, -31.0
-12.0, -31.0
-12.0, -29.0
-11.0, -29.0
-11.0, -29.0
-11.0, -29.0
-11.0, -29.0
-11.0, -29.0
-11.0, -28.0
-11.0, -28.0
-11.0, -28.0
-11.0, -28.0
-11.0, -28.0
-11.0, -28.0
-11.0, -28.0
-11.0, -28.0
-11.0, -27.0
-11.0, -26.0
-11.0, -26.0
-11.0, -26.0
-10.0, -26.0
-10.0, -27.0
-10.0, -26.0
-9.0, -26.0
-9.0, -27.0
-9.0, -27.0
-9.0, -27.0
-9.0, -27.0
-9.0, -27.0
-9.0, -27.0
-9.0, -27.0
-9.0, -27.0
-9.0, -27.0
-9.0, -28.0
-9.0, -27.0
-9.0, -27.0
-9.0, -27.0
-9.0, -27.0
-9.0, -27.0
-9.0, -27.0
-9.0, -26.0
-9.0, -26.0
-9.0, -26.0
-7.0, -26.0
-6.0, -26.0
-6.0, -25.0
-7.0, -25.0
-7.0, -25.0
-8.0, -25.0
-8.0, -25.0
-8.0, -25.0
-8.0, -25.0
-8.0, -25.0
-7.0, -25.0
-7.0, -24.0
-7.0, -24.0
-6.0, -23.0
-7.0, -23.0
-7.0, -23.0
-7.0, -23.0
-7.0, -23.0
-9.0, -23.0
-9.0, -23.0
-9.0, -24.0
-9.0, -24.0
-9.0, -24.0
-9.0, -24.0
-10.0, -24.0
-10.0, -24.0
-10.0, -24.0
-10.0, -25.0
-10.0, -25.0
-11.0, -25.0
-11.0, -25.0
-11.0, -25.0
-11.0, -25.0
-11.0, -25.0
-12.0, -25.0
-12.0, -25.0
-12.0, -25.0
-12.0, -25.0
-12.0, -25.0
-12.0, -25.0
-12.0, -25.0
-12.0, -26.0
-12.0, -26.0
-11.0, -26.0
-11.0, -26.0
-11.0, -26.0
-11.0, -27.0
-11.0, -27.0
-11.0, -27.0
-10.0, -27.0
-10.0, -27.0
-10.0, -27.0
-10.0, -27.0
-10.0, -27.0
-10.0, -27.0
-10.0, -27.0
-10.0, -27.0
-10.0, -27.0
-10.0, -27.0
-10.0, -27.0
-10.0, -27.0
-10.0, -27.0
-10.0, -26.0
-10.0, -26.0
-10.0, -26.0
-9.0, -26.0
-9.0, -26.0
-9.0, -26.0
-9.0, -26.0
-9.0, -26.0
-9.0, -26.0
-9.0, -27.0
-9.0, -27.0
-9.0, -27.0
-9.0, -27.0
-9.0, -27.0
-9.0, -27.0
-9.0, -27.0
-9.0, -27.0
-9.0, -27.0
-9.0, -27.0
-9.0, -26.0
-9.0, -25.0
-9.0, -24.0
-9.0, -24.0
-10.0, -24.0
-10.0, -24.0
-10.0, -23.0
-10.0, -23.0
-10.0, -23.0
-10.0, -23.0
-10.0, -24.0
-10.0, -25.0
-10.0, -24.0
-10.0, -24.0
-10.0, -24.0
-10.0, -25.0
-10.0, -25.0
-10.0, -25.0
-10.0, -25.0
-10.0, -25.0
-9.0, -25.0
-9.0, -25.0
-9.0, -25.0
-9.0, -25.0
-9.0, -25.0
-9.0, -25.0
-9.0, -25.0
-9.0, -25.0
-9.0, -26.0
-9.0, -26.0
-9.0, -26.0
-9.0, -26.0
-9.0, -26.0
-9.0, -26.0
-8.0, -26.0
-8.0, -26.0
-8.0, -26.0
-8.0, -26.0
-9.0, -26.0
-9.0, -26.0
-9.0, -27.0
-9.0, -27.0
-10.0, -27.0
