.210252 -.006267
.209887 -.012134
.209359 -.017603
.208679 -.022674
.207859 -.027350
.206910 -.031633
.205844 -.035526
.204673 -.039032
.203408 -.042154
.202061 -.044897
.200643 -.047264
.199166 -.049261
.197639 -.050892
.196074 -.052163
.194482 -.053080
.192872 -.053648
.191256 -.053875
.189643 -.053768
.188043 -.053332
.186466 -.052577
.184920 -.051508
.183416 -.050135
.181962 -.048466
.180567 -.046509
.179239 -.044272
.177986 -.041765
.176816 -.038997
.175737 -.035976
.174755 -.032714
.173879 -.029219
.173114 -.025501
.172467 -.021571
.171944 -.017438
.171550 -.013112
.171292 -.008605
.171174 -.003926
.171202 .000913
.171379 .005903
.171710 .011032
.172198 .016290
.172848 .021665
.173663 .027148
.174645 .032726
.175796 .038390
.177120 .044129
.178618 .049931
.180292 .055786
.182142 .061683
.184170 .067612
.186377 .073561
.188763 .079521
.191327 .085480
.194070 .091429
.196991 .097357
.200089 .103255
.203362 .109111
.206809 .114917
.210429 .120663
.214219 .126339
.218178 .131935
.222301 .137443
.226586 .142854
.231031 .148158
.235632 .153348
.240384 .158414
.245284 .163349
.250329 .168144
.255513 .172793
.260831 .177287
.266280 .181619
.271853 .185782
.277546 .189769
.283354 .193575
.289269 .197192
.295288 .200615
.301403 .203837
.307608 .206855
.313898 .209661
.320266 .212252
.326705 .214623
.333208 .216770
.339768 .218688
.346380 .220374
.353034 .221824
.359725 .223035
.366445 .224003
.373187 .224728
.379943 .225205
.386706 .225433
.393469 .225411
.400223 .225135
.406961 .224606
.413676 .223822
.420359 .222783
.427004 .221487
.433602 .219935
.440146 .218126
.446627 .216061
.453040 .213741
.459375 .211165
.465625 .208336
.471782 .205253
.477840 .201919
.483790 .198335
.489625 .194503
.495338 .190425
.500921 .186102
.506367 .181539
.511669 .176736
.516820 .171698
.521813 .166426
.526640 .160925
.531296 .155197
.535774 .149246
.540066 .143075
.544167 .136689
.548069 .130091
.551768 .123285
.555256 .116276
.558528 .109068
.561578 .101666
.564400 .094074
.566989 .086297
.569340 .078340
.571446 .070209
.573303 .061907
.574906 .053441
.576251 .044816
.577332 .036038
.578145 .027111
.578686 .018043
.578952 .008839
.578937 -.000496
.578638 -.009955
.578052 -.019531
.577176 -.029219
.576005 -.039013
.574538 -.048905
.572771 -.058888
.570703 -.068958
.568330 -.079105
.565650 -.089324
.562662 -.099608
.559363 -.109948
.555753 -.120339
.551830 -.130773
.547593 -.141242
.543040 -.151739
.538173 -.162256
.532989 -.172786
.527490 -.183321
.521674 -.193852
.515543 -.204373
.509096 -.214875
.502336 -.225351
.495262 -.235791
.487877 -.246188
.480181 -.256534
.472176 -.266820
.463865 -.277038
.455249 -.287181
.446332 -.297239
.437116 -.307203
.427604 -.317067
.417799 -.326821
.407706 -.336458
.397327 -.345968
.386666 -.355344
.375729 -.364577
.364519 -.373659
.353042 -.382582
.341302 -.391339
.329304 -.399920
.317055 -.408318
.304559 -.416526
.291823 -.424537
.278852 -.432341
.265654 -.439933
.252235 -.447305
.238602 -.454450
.224761 -.461361
.210720 -.468032
.196486 -.474457
.182067 -.480629
.167471 -.486543
.152705 -.492193
.137778 -.497574
.122698 -.502681
.107472 -.507508
.092111 -.512053
.076622 -.516309
.061013 -.520274
.045295 -.523944
.029476 -.527316
.013564 -.530387
-.002431 -.533155
-.018499 -.535617
-.034632 -.537771
-.050821 -.539617
-.067055 -.541152
-.083327 -.542377
-.099625 -.543290
-.115942 -.543892
-.132268 -.544183
-.148593 -.544163
-.164908 -.543833
-.181203 -.543195
-.197471 -.542250
-.213701 -.540999
-.229884 -.539446
-.246012 -.537592
-.262075 -.535440
-.278065 -.532993
-.293973 -.530255
-.309790 -.527227
-.325507 -.523916
-.341117 -.520323
-.356610 -.516454
-.371980 -.512313
-.387217 -.507903
-.402314 -.503230
-.417263 -.498299
-.432056 -.493113
-.446686 -.487679
-.461147 -.482002
-.475429 -.476085
-.489527 -.469936
-.503434 -.463558
-.517143 -.456958
-.530647 -.450140
-.543940 -.443111
-.557016 -.435875
-.569869 -.428438
-.582494 -.420805
-.594883 -.412982
-.607032 -.404973
-.618936 -.396785
-.630589 -.388423
-.641985 -.379891
-.653121 -.371195
-.663991 -.362339
-.674591 -.353329
-.684916 -.344170
-.694962 -.334866
-.704725 -.325422
-.714200 -.315843
-.723384 -.306133
-.732273 -.296296
-.740863 -.286337
-.749151 -.276261
-.757133 -.266070
-.764806 -.255770
-.772167 -.245364
-.779213 -.234855
-.785940 -.224249
-.792347 -.213547
-.798429 -.202755
-.804186 -.191875
-.809613 -.180912
-.814709 -.169867
-.819471 -.158745
-.823898 -.147549
-.827986 -.136282
-.831735 -.124947
-.835141 -.113548
-.838204 -.102087
-.840921 -.090567
-.843290 -.078993
-.845311 -.067366
-.846982 -.055689
-.848301 -.043967
-.849267 -.032201
-.849879 -.020396
-.850136 -.008554
-.850036 .003322
-.849579 .015228
-.848764 .027162
-.847591 .039118
-.846058 .051096
-.844165 .063090
-.841912 .075097
-.839299 .087114
-.836325 .099136
-.832990 .111160
-.829295 .123182
-.825239 .135198
-.820823 .147203
-.816047 .159193
-.810912 .171164
-.805419 .183110
-.799568 .195028
-.793360 .206913
-.786798 .218758
-.779881 .230559
-.772611 .242312
-.764991 .254009
-.757022 .265646
-.748705 .277217
-.740044 .288715
-.731040 .300136
-.721696 .311472
-.712014 .322717
-.701998 .333865
-.691651 .344910
-.680975 .355843
-.669976 .366660
-.658655 .377352
-.647018 .387913
-.635068 .398335
-.622809 .408612
-.610247 .418736
-.597386 .428700
-.584231 .438497
-.570788 .448118
-.557061 .457558
-.543057 .466807
-.528781 .475860
-.514240 .484708
-.499439 .493345
-.484387 .501763
-.469088 .509954
-.453551 .517913
-.437782 .525632
-.421788 .533104
-.405579 .540322
-.389160 .547281
-.372541 .553973
-.355729 .560393
-.338733 .566534
-.321562 .572392
-.304223 .577961
-.286726 .583235
-.269079 .588211
-.251293 .592882
-.233376 .597246
-.215337 .601298
-.197186 .605035
-.178932 .608453
-.160585 .611550
-.142156 .614323
-.123653 .616770
-.105086 .618889
-.086466 .620680
-.067801 .622141
-.049103 .623272
-.030381 .624072
-.011645 .624541
.007096 .624682
.025830 .624493
.044550 .623978
.063244 .623137
.081903 .621973
.100518 .620488
.119078 .618685
.137575 .616568
.155999 .614140
.174342 .611404
.192592 .608366
.210743 .605029
.228785 .601398
.246710 .597478
.264508 .593275
.282172 .588793
.299693 .584039
.317063 .579017
.334275 .573735
.351321 .568199
.368194 .562413
.384885 .556386
.401389 .550123
.417698 .543631
.433805 .536916
.449705 .529985
.465390 .522846
.480855 .515503
.496094 .507964
.511101 .500236
.525871 .492325
.540398 .484238
.554678 .475980
.568705 .467559
.582474 .458981
.595982 .450251
.609223 .441377
.622194 .432363
.634890 .423215
.647308 .413940
.659445 .404542
.671295 .395027
.682857 .385401
.694127 .375668
.705102 .365833
.715779 .355900
.726156 .345875
.736229 .335762
.745996 .325565
.755454 .315288
.764602 .304934
.773437 .294509
.781958 .284014
.790162 .273454
.798046 .262832
.805611 .252151
.812853 .241414
.819772 .230624
.826366 .219783
.832632 .208894
.838571 .197960
.844181 .186983
.849460 .175966
.854407 .164909
.859022 .153817
.863302 .142690
.867248 .131530
.870858 .120340
.874132 .109121
.877068 .097875
.879666 .086604
.881926 .075309
.883845 .063993
.885425 .052656
.886664 .041302
.887562 .029930
.888118 .018544
.888333 .007145
.888205 -.004266
.887734 -.015686
.886921 -.027113
.885764 -.038546
.884265 -.049982
.882422 -.061420
.880237 -.072857
.877708 -.084291
.874836 -.095719
.871622 -.107139
.868066 -.118549
.864167 -.129945
.859928 -.141325
.855347 -.152686
.850426 -.164024
.845166 -.175337
.839567 -.186621
.833631 -.197872
.827359 -.209087
.820751 -.220261
.813809 -.231392
.806535 -.242474
.798930 -.253503
.790996 -.264476
.782734 -.275386
.774147 -.286230
.765237 -.297003
.756006 -.307699
.746457 -.318313
.736591 -.328840
.726413 -.339274
.715925 -.349609
.705130 -.359840
.694031 -.369961
.682632 -.379966
.670937 -.389848
.658948 -.399602
.646672 -.409220
.634111 -.418698
.621270 -.428027
.608154 -.437202
.594768 -.446215
.581116 -.455062
.567204 -.463733
.553037 -.472224
.538621 -.480527
.523962 -.488636
.509066 -.496545
.493938 -.504246
.478586 -.511733
.463016 -.519000
.447235 -.526040
.431250 -.532848
.415067 -.539418
.398695 -.545743
.382140 -.551819
.365411 -.557638
.348515 -.563197
.331461 -.568490
.314255 -.573512
.296907 -.578259
.279426 -.582727
.261818 -.586910
.244094 -.590807
.226262 -.594412
.208330 -.597723
.190308 -.600737
.172204 -.603452
.154028 -.605865
.135789 -.607974
.117496 -.609779
.099158 -.611277
.080784 -.612469
.062383 -.613353
.043965 -.613930
.025539 -.614200
.007114 -.614164
-.011301 -.613822
-.029696 -.613176
-.048063 -.612227
-.066392 -.610979
-.084675 -.609432
-.102903 -.607590
-.121066 -.605456
-.139157 -.603033
-.157167 -.600324
-.175087 -.597334
-.192909 -.594066
-.210625 -.590525
-.228226 -.586716
-.245706 -.582643
-.263055 -.578312
-.280267 -.573726
-.297334 -.568893
-.314248 -.563817
-.331003 -.558504
-.347592 -.552960
-.364008 -.547191
-.380244 -.541202
-.396294 -.535000
-.412151 -.528590
-.427811 -.521979
-.443266 -.515173
-.458511 -.508178
-.473541 -.501000
-.488351 -.493646
-.502934 -.486120
-.517287 -.478430
-.531405 -.470581
-.545282 -.462580
-.558915 -.454431
-.572299 -.446140
-.585431 -.437714
-.598305 -.429157
-.610920 -.420475
-.623270 -.411674
-.635353 -.402757
-.647164 -.393731
-.658702 -.384599
-.669963 -.375368
-.680945 -.366040
-.691643 -.356621
-.702057 -.347114
-.712182 -.337524
-.722018 -.327855
-.731561 -.318110
-.740810 -.308293
-.749762 -.298407
-.758416 -.288456
-.766769 -.278442
-.774820 -.268370
-.782568 -.258241
-.790009 -.248058
-.797144 -.237824
-.803970 -.227541
-.810487 -.217212
-.816692 -.206839
-.822585 -.196424
-.828164 -.185969
-.833428 -.175476
-.838376 -.164947
-.843008 -.154384
-.847322 -.143788
-.851316 -.133160
-.854991 -.122504
-.858346 -.111819
-.861379 -.101108
-.864090 -.090372
-.866479 -.079613
-.868544 -.068831
-.870285 -.058029
-.871701 -.047207
-.872792 -.036368
-.873557 -.025512
-.873996 -.014641
-.874109 -.003757
-.873895 .007139
-.873354 .018046
-.872485 .028960
-.871288 .039882
-.869764 .050809
-.867912 .061739
-.865732 .072670
-.863224 .083600
-.860388 .094528
-.857224 .105450
-.853734 .116364
-.849915 .127269
-.845771 .138160
-.841300 .149036
-.836503 .159894
-.831381 .170730
-.825935 .181542
-.820165 .192326
-.814072 .203079
-.807659 .213797
-.800924 .224476
-.793871 .235113
-.786500 .245703
-.778812 .256243
-.770811 .266728
-.762496 .277153
-.753871 .287514
-.744936 .297806
-.735696 .308024
-.726151 .318163
-.716304 .328219
-.706159 .338184
-.695717 .348055
-.684982 .357825
-.673958 .367489
-.662646 .377041
-.651052 .386475
-.639179 .395785
-.627030 .404965
-.614609 .414008
-.601922 .422910
-.588972 .431662
-.575765 .440260
-.562304 .448697
-.548595 .456965
-.534643 .465060
-.520454 .472975
-.506032 .480703
-.491385 .488238
-.476518 .495574
-.461437 .502705
-.446148 .509625
-.430658 .516328
-.414974 .522808
-.399102 .529059
-.383050 .535077
-.366824 .540854
-.350433 .546388
-.333883 .551671
-.317182 .556700
-.300338 .561470
-.283358 .565977
-.266252 .570216
-.249026 .574184
-.231690 .577877
-.214251 .581292
-.196718 .584426
-.179100 .587276
-.161405 .589841
-.143641 .592117
-.125818 .594103
-.107944 .595798
-.090028 .597200
-.072079 .598309
-.054105 .599125
-.036116 .599647
-.018120 .599876
-.000125 .599812
.017858 .599456
.035823 .598810
.053759 .597874
.071658 .596652
.089513 .595144
.107313 .593354
.125052 .591284
.142720 .588937
.160310 .586317
.177812 .583427
.195220 .580271
.212526 .576853
.229721 .573178
.246799 .569249
.263751 .565071
.280571 .560650
.297250 .555990
.313783 .551096
.330162 .545974
.346381 .540628
.362433 .535065
.378312 .529290
.394011 .523309
.409525 .517126
.424847 .510749
.439973 .504182
.454896 .497431
.469611 .490502
.484113 .483401
.498397 .476133
.512458 .468703
.526291 .461119
.539893 .453384
.553258 .445504
.566383 .437485
.579263 .429332
.591894 .421050
.604273 .412644
.616397 .404119
.628261 .395479
.639863 .386730
.651200 .377876
.662267 .368921
.673063 .359869
.683585 .350725
.693830 .341492
.703795 .332175
.713478 .322776
.722877 .313301
.731990 .303751
.740814 .294130
.749347 .284442
.757588 .274689
.765534 .264874
.773184 .255001
.780536 .245070
.787589 .235086
.794340 .225050
.800789 .214965
.806934 .204832
.812774 .194655
.818307 .184434
.823532 .174172
.828448 .163870
.833054 .153531
.837349 .143155
.841331 .132745
.845000 .122302
.848355 .111828
.851394 .101323
.854118 .090791
.856525 .080231
.858614 .069646
.860386 .059036
.861838 .048404
.862970 .037750
.863782 .027077
.864274 .016385
.864444 .005677
.864293 -.005047
.863819 -.015784
.863023 -.026534
.861905 -.037293
.860463 -.048061
.858698 -.058836
.856609 -.069614
.854197 -.080396
.851462 -.091177
.848403 -.101957
.845021 -.112732
.841316 -.123501
.837289 -.134259
.832938 -.145006
.828266 -.155737
.823273 -.166451
.817959 -.177143
.812324 -.187810
.806371 -.198450
.800099 -.209057
.793510 -.219630
.786605 -.230164
.779386 -.240654
.771853 -.251097
.764008 -.261488
.755853 -.271824
.747390 -.282098
.738621 -.292308
.729548 -.302447
.720172 -.312510
.710498 -.322493
.700526 -.332390
.690260 -.342196
.679703 -.351905
.668857 -.361512
.657727 -.371011
.646315 -.380395
.634625 -.389660
.622662 -.398798
.610427 -.407805
.597927 -.416673
.585165 -.425396
.572146 -.433969
.558875 -.442385
.545356 -.450638
.531594 -.458721
.517595 -.466628
.503365 -.474353
.488908 -.481889
.474231 -.489231
.459340 -.496372
.444241 -.503307
.428940 -.510029
.413444 -.516533
.397759 -.522813
.381893 -.528863
.365853 -.534678
.349645 -.540253
.333278 -.545583
.316758 -.550663
.300093 -.555489
.283292 -.560055
.266361 -.564358
.249309 -.568394
.232144 -.572160
.214875 -.575652
.197509 -.578866
.180055 -.581801
.162521 -.584454
.144916 -.586822
.127249 -.588904
.109528 -.590698
.091762 -.592203
.073960 -.593419
.056129 -.594344
.038280 -.594978
.020420 -.595321
.002559 -.595375
-.015295 -.595139
-.033133 -.594615
-.050948 -.593804
-.068729 -.592708
-.086469 -.591329
-.104159 -.589669
-.121791 -.587730
-.139356 -.585517
-.156847 -.583031
-.174255 -.580276
-.191573 -.577256
-.208792 -.573974
-.225905 -.570436
-.242905 -.566644
-.259783 -.562604
-.276532 -.558320
-.293146 -.553797
-.309617 -.549040
-.325939 -.544054
-.342104 -.538845
-.358107 -.533417
-.373940 -.527776
-.389598 -.521927
-.405074 -.515876
-.420363 -.509629
-.435459 -.503191
-.450356 -.496567
-.465049 -.489764
-.479532 -.482787
-.493802 -.475641
-.507852 -.468332
-.521678 -.460865
-.535275 -.453247
-.548639 -.445481
-.561767 -.437574
-.574653 -.429531
-.587293 -.421356
-.599685 -.413055
-.611824 -.404632
-.623707 -.396093
-.635330 -.387441
-.646690 -.378682
-.657785 -.369820
-.668611 -.360859
-.679165 -.351802
-.689444 -.342655
-.699447 -.333421
-.709170 -.324103
-.718611 -.314705
-.727768 -.305231
-.736639 -.295684
-.745221 -.286066
-.753512 -.276382
-.761511 -.266633
-.769216 -.256823
-.776624 -.246954
-.783735 -.237029
-.790547 -.227050
-.797057 -.217020
-.803266 -.206940
-.809170 -.196812
-.814769 -.186640
-.820062 -.176424
-.825047 -.166166
-.829723 -.155869
-.834089 -.145534
-.838144 -.135162
-.841887 -.124756
-.845316 -.114316
-.848431 -.103845
-.851232 -.093343
-.853716 -.082812
-.855884 -.072255
-.857734 -.061671
-.859266 -.051063
-.860479 -.040433
-.861372 -.029780
-.861945 -.019108
-.862198 -.008418
-.862129 .002289
-.861739 .013012
-.861026 .023747
-.859992 .034494
-.858634 .045251
-.856954 .056016
-.854950 .066787
-.852623 .077562
-.849973 .088338
-.847000 .099114
-.843703 .109886
-.840083 .120653
-.836141 .131412
-.831876 .142160
-.827289 .152893
-.822381 .163611
-.817152 .174308
-.811602 .184981
-.805734 .195629
-.799546 .206245
-.793041 .216828
-.786220 .227373
-.779084 .237877
-.771634 .248334
-.763872 .258741
-.755799 .269093
-.747417 .279385
-.738729 .289614
-.729736 .299774
-.720440 .309859
-.710844 .319866
-.700950 .329787
-.690762 .339619
-.680281 .349356
-.669511 .358991
-.658456 .368520
-.647118 .377936
-.635501 .387233
-.623608 .396406
-.611445 .405447
-.599014 .414352
-.586321 .423114
-.573369 .431726
-.560164 .440183
-.546709 .448477
-.533011 .456603
-.519075 .464555
-.504905 .472326
-.490508 .479909
-.475889 .487299
-.461054 .494490
-.446010 .501475
-.430762 .508249
-.415318 .514805
-.399684 .521139
-.383867 .527244
-.367873 .533115
-.351711 .538746
-.335387 .544134
-.318909 .549272
-.302284 .554156
-.285520 .558782
-.268626 .563146
-.251609 .567243
-.234477 .571070
-.217238 .574624
-.199901 .577901
-.182474 .580899
-.164965 .583614
-.147384 .586046
-.129738 .588191
-.112037 .590049
-.094288 .591617
-.076501 .592896
-.058685 .593884
-.040848 .594581
-.022998 .594988
-.005145 .595104
.012703 .594930
.030537 .594468
.048349 .593718
.066129 .592682
.083870 .591363
.101563 .589762
.119199 .587882
.136771 .585725
.154270 .583296
.171688 .580597
.189017 .577631
.206249 .574403
.223376 .570917
.240392 .567177
.257287 .563187
.274056 .558952
.290690 .554477
.307183 .549767
.323528 .544826
.339718 .539660
.355746 .534275
.371606 .528675
.387292 .522866
.402798 .516854
.418117 .510644
.433244 .504241
.448174 .497652
.462900 .490882
.477419 .483936
.491723 .476820
.505809 .469540
.519672 .462101
.533308 .454509
.546711 .446768
.559877 .438885
.572803 .430863
.585484 .422709
.597917 .414428
.610098 .406024
.622023 .397502
.633689 .388866
.645093 .380122
.656231 .371274
.667101 .362325
.677699 .353281
.688023 .344144
.698071 .334919
.707839 .325610
.717326 .316220
.726528 .306753
.735445 .297211
.744073 .287599
.752410 .277919
.760456 .268174
.768207 .258366
.775661 .248499
.782819 .238575
.789677 .228597
.796234 .218566
.802488 .208486
.808439 .198357
.814084 .188183
.819423 .177964
.824454 .167704
.829177 .157403
.833588 .147064
.837689 .136688
.841477 .126276
.844952 .115831
.848113 .105354
.850958 .094846
.853488 .084309
.855700 .073745
.857595 .063154
.859171 .052539
.860428 .041900
.861365 .031239
.861982 .020559
.862277 .009859
.862252 -.000857
.861904 -.011589
.861234 -.022335
.860241 -.033092
.858925 -.043860
.857286 -.054636
.855324 -.065417
.853038 -.076204
.850428 -.086992
.847495 -.097779
.844238 -.108564
.840657 -.119344
.836754 -.130115
.832528 -.140876
.827979 -.151624
.823108 -.162355
.817916 -.173067
.812404 -.183755
.806571 -.194417
.800420 -.205050
.793950 -.215648
.787164 -.226210
.780062 -.236729
.772646 -.247204
.764917 -.257628
.756877 -.267998
.748528 -.278309
.739871 -.288556
.730909 -.298735
.721644 -.308840
.712078 -.318866
.702214 -.328808
.692054 -.338661
.681601 -.348419
.670859 -.358076
.659830 -.367627
.648518 -.377066
.636927 -.386386
.625059 -.395583
.612920 -.404649
.600512 -.413578
.587841 -.422365
.574911 -.431002
.561727 -.439485
.548293 -.447806
.534614 -.455959
.520696 -.463937
.506544 -.471736
.492163 -.479347
.477560 -.486766
.462741 -.493985
.447711 -.500999
.432477 -.507802
.417045 -.514388
.401422 -.520752
.385616 -.526887
.369632 -.532788
.353479 -.538451
.337163 -.543869
.320691 -.549038
.304073 -.553953
.287315 -.558611
.270424 -.563006
.253410 -.567134
.236281 -.570993
.219043 -.574578
.201707 -.577886
.184279 -.580915
.166769 -.583662
.149186 -.586124
.131537 -.588300
.113831 -.590188
.096077 -.591787
.078284 -.593096
.060461 -.594114
.042616 -.594841
.024757 -.595276
.006895 -.595421
-.010963 -.595275
-.028809 -.594840
-.046632 -.594118
-.064425 -.593109
-.082180 -.591815
-.099887 -.590240
-.117539 -.588385
-.135126 -.586253
-.152642 -.583847
-.170077 -.581171
-.187424 -.578229
-.204674 -.575023
-.221821 -.571558
-.238856 -.567838
-.255772 -.563868
-.272562 -.559652
-.289218 -.555195
-.305733 -.550502
-.322100 -.545579
-.338313 -.540429
-.354365 -.535059
-.370249 -.529474
-.385959 -.523679
-.401490 -.517680
-.416834 -.511483
-.431987 -.505092
-.446942 -.498515
-.461695 -.491755
-.476240 -.484819
-.490571 -.477713
-.504684 -.470441
-.518575 -.463010
-.532237 -.455425
-.545668 -.447691
-.558862 -.439814
-.571816 -.431799
-.584526 -.423650
-.596987 -.415373
-.609196 -.406973
-.621150 -.398455
-.632845 -.389822
-.644277 -.381081
-.655444 -.372235
-.666343 -.363288
-.676970 -.354245
-.687323 -.345109
-.697400 -.335885
-.707197 -.326577
-.716713 -.317187
-.725944 -.307719
-.734890 -.298177
-.743547 -.288564
-.751913 -.278883
-.759987 -.269137
-.767767 -.259328
-.775251 -.249459
-.782437 -.239534
-.789323 -.229553
-.795909 -.219520
-.802192 -.209437
-.808171 -.199306
-.813845 -.189129
-.819213 -.178908
-.824272 -.168645
-.829022 -.158341
-.833462 -.147999
-.837591 -.137620
-.841407 -.127205
-.844910 -.116757
-.848098 -.106277
-.850971 -.095766
-.853528 -.085225
-.855767 -.074657
-.857689 -.064063
-.859292 -.053443
-.860576 -.042801
-.861541 -.032137
-.862184 -.021452
-.862507 -.010749
-.862507 -.000028
-.862186 .010707
-.861543 .021457
-.860576 .032219
-.859286 .042991
-.857673 .053771
-.855736 .064557
-.853476 .075348
-.850892 .086140
-.847984 .096933
-.844752 .107723
-.841197 .118507
-.837318 .129284
-.833117 .140051
-.828593 .150804
-.823746 .161541
-.818579 .172258
-.813090 .182953
-.807281 .193622
-.801154 .204261
-.794708 .214866
-.787945 .225434
-.780866 .235962
-.773472 .246443
-.765766 .256876
-.757749 .267254
-.749421 .277573
-.740787 .287829
-.731846 .298017
-.722602 .308131
-.713057 .318167
-.703213 .328120
-.693074 .337983
-.682641 .347752
-.671919 .357420
-.660909 .366983
-.649616 .376434
-.638043 .385766
-.626194 .394975
-.614072 .404054
-.601683 .412997
-.589029 .421798
-.576115 .430450
-.562947 .438947
-.549528 .447283
-.535865 .455452
-.521961 .463447
-.507823 .471261
-.493457 .478890
-.478867 .486325
-.464060 .493562
-.449042 .500594
-.433820 .507416
-.418399 .514021
-.402787 .520403
-.386990 .526557
-.371016 .532478
-.354871 .538160
-.338563 .543599
-.322100 .548788
-.305488 .553725
-.288736 .558403
-.271851 .562819
-.254842 .566969
-.237717 .570849
-.220483 .574455
-.203149 .577785
-.185724 .580836
-.168216 .583605
-.150634 .586089
-.132985 .588287
-.115279 .590197
-.097524 .591818
-.079730 .593148
-.061904 .594188
-.044056 .594936
-.026194 .595393
-.008328 .595560
.009535 .595435
.027386 .595022
.045216 .594320
.063016 .593332
.080777 .592059
.098492 .590503
.116152 .588668
.133749 .586556
.151274 .584169
.168720 .581512
.186077 .578588
.203339 .575400
.220498 .571953
.237545 .568251
.254474 .564297
.271277 .560098
.287947 .555657
.304476 .550980
.320858 .546072
.337087 .540937
.353154 .535581
.369054 .530010
.384781 .524229
.400329 .518243
.415690 .512058
.430861 .505680
.445834 .499113
.460605 .492365
.475168 .485440
.489519 .478344
.503651 .471082
.517561 .463661
.531243 .456085
.544694 .448360
.557909 .440491
.570883 .432483
.583614 .424342
.596096 .416072
.608326 .407679
.620301 .399167
.632017 .390541
.643472 .381806
.654661 .372965
.665581 .364023
.676231 .354985
.686606 .345854
.696706 .336635
.706525 .327330
.716064 .317945
.725318 .308481
.734286 .298942
.742966 .289333
.751356 .279654
.759453 .269911
.767257 .260105
.774764 .250239
.781973 .240316
.788883 .230338
.795493 .220307
.801799 .210226
.807802 .200097
.813500 .189922
.818891 .179703
.823974 .169441
.828748 .159139
.833212 .148798
.837365 .138421
.841205 .128007
.844732 .117560
.847944 .107081
.850842 .096571
.853422 .086032
.855686 .075464
.857633 .064871
.859260 .054253
.860568 .043611
.861557 .032947
.862225 .022263
.862572 .011560
.862597 .000840
.862300 -.009895
.861681 -.020645
.860738 -.031406
.859473 -.042178
.857884 -.052958
.855972 -.063745
.853736 -.074536
.851176 -.085329
.848292 -.096123
.845085 -.106913
.841554 -.117699
.837700 -.128477
.833522 -.139245
.829022 -.150000
.824200 -.160739
.819056 -.171458
.813592 -.182155
.807807 -.192826
.801703 -.203468
.795281 -.214076
.788541 -.224648
.781486 -.235179
.774116 -.245664
.766433 -.256101
.758438 -.266483
.750134 -.276808
.741522 -.287069
.732604 -.297262
.723383 -.307383
.713860 -.317425
.704038 -.327385
.693921 -.337255
.683510 -.347031
.672809 -.356708
.661820 -.366279
.650548 -.375738
.638996 -.385080
.627167 -.394299
.615065 -.403389
.602695 -.412342
.590060 -.421154
.577166 -.429818
.564016 -.438327
.550616 -.446676
.536970 -.454857
.523084 -.462866
.508963 -.470694
.494613 -.478337
.480039 -.485788
.465248 -.493040
.450245 -.500088
.435038 -.506926
.419631 -.513547
.404033 -.519947
.388249 -.526119
.372288 -.532058
.356155 -.537758
.339858 -.543215
.323406 -.548424
.306804 -.553380
.290062 -.558078
.273186 -.562514
.256186 -.566684
.239068 -.570585
.221842 -.574212
.204515 -.577563
.187096 -.580635
.169593 -.583425
.152015 -.585931
.134371 -.588151
.116668 -.590083
.098917 -.591726
.081124 -.593079
.063300 -.594140
.045453 -.594911
.027591 -.595390
.009724 -.595578
-.008141 -.595476
-.025993 -.595084
-.043825 -.594404
-.061628 -.593437
-.079394 -.592186
-.097114 -.590652
-.114779 -.588838
-.132381 -.586746
-.149913 -.584381
-.167365 -.581744
-.184730 -.578839
-.202000 -.575671
-.219167 -.572244
-.236224 -.568560
-.253163 -.564626
-.269976 -.560445
-.286657 -.556023
-.303198 -.551363
-.319592 -.546472
-.335833 -.541354
-.351913 -.536015
-.367827 -.530460
-.383568 -.524694
-.399130 -.518723
-.414506 -.512553
-.429692 -.506189
-.444681 -.499637
-.459468 -.492902
-.474048 -.485990
-.488415 -.478907
-.502565 -.471658
-.516492 -.464248
-.530193 -.456683
-.543662 -.448969
-.556895 -.441111
-.569888 -.433114
-.582638 -.424982
-.595139 -.416722
-.607390 -.408338
-.619385 -.399835
-.631121 -.391217
-.642596 -.382490
-.653806 -.373657
-.664747 -.364723
-.675418 -.355692
-.685815 -.346568
-.695936 -.337355
-.705777 -.328057
-.715338 -.318677
-.724614 -.309219
-.733605 -.299686
-.742307 -.290082
-.750720 -.280409
-.758840 -.270670
-.766666 -.260869
-.774196 -.251008
-.781429 -.241089
-.788362 -.231115
-.794995 -.221088
-.801325 -.211011
-.807352 -.200886
-.813073 -.190714
-.818488 -.180498
-.823595 -.170240
-.828394 -.159941
-.832882 -.149604
-.837059 -.139229
-.840923 -.128818
-.844474 -.118374
-.847711 -.107897
-.850633 -.097390
-.853239 -.086853
-.855527 -.076288
-.857498 -.065696
-.859150 -.055080
-.860484 -.044440
-.861497 -.033778
-.862190 -.023096
-.862562 -.012395
-.862612 -.001676
-.862340 .009058
-.861746 .019806
-.860829 .030567
-.859589 .041338
-.858025 .052117
-.856138 .062903
-.853928 .073694
-.851393 .084487
-.848535 .095280
-.845352 .106070
-.841847 .116856
-.838018 .127635
-.833866 .138404
-.829391 .149159
-.824594 .159899
-.819475 .170620
-.814036 .181318
-.808276 .191991
-.802197 .202635
-.795800 .213246
-.789085 .223821
-.782054 .234355
-.774709 .244844
-.767050 .255284
-.759080 .265671
-.750800 .276000
-.742212 .286266
-.733318 .296464
-.724121 .306591
-.714622 .316639
-.704823 .326605
-.694729 .336482
-.684341 .346266
-.673662 .355950
-.662697 .365529
-.651447 .374998
-.639916 .384349
-.628109 .393578
-.616028 .402677
-.603679 .411641
-.591065 .420464
-.578191 .429140
-.565061 .437661
-.551681 .446023
-.538054 .454217
-.524187 .462239
-.510084 .470082
-.495752 .477740
-.481196 .485205
-.466422 .492473
-.451436 .499537
-.436244 .506392
-.420853 .513030
-.405270 .519447
-.389501 .525637
-.373553 .531595
-.357433 .537314
-.341150 .542790
-.324709 .548019
-.308119 .552994
-.291388 .557713
-.274523 .562169
-.257532 .566361
-.240423 .570282
-.223206 .573931
-.205886 .577304
-.188474 .580398
-.170978 .583211
-.153406 .585739
-.135766 .587982
-.118068 .589936
-.100320 .591602
-.082531 .592977
-.064709 .594062
-.046864 .594855
-.029003 .595357
-.011136 .595568
.006729 .595489
.024583 .595120
.042416 .594463
.060222 .593518
.077991 .592289
.095714 .590778
.113384 .588986
.130991 .586916
.148528 .584572
.165987 .581956
.183359 .579073
.200637 .575926
.217812 .572518
.234878 .568855
.251826 .564940
.268650 .560779
.285341 .556375
.301893 .551734
.318299 .546861
.334552 .541761
.350645 .536440
.366572 .530901
.382326 .525152
.397902 .519198
.413294 .513043
.428494 .506694
.443499 .500157
.458302 .493436
.472898 .486538
.487282 .479468
.501449 .472232
.515394 .464835
.529113 .457283
.542600 .449581
.555852 .441734
.568865 .433747
.581634 .425626
.594155 .417376
.606425 .409002
.618440 .400508
.630197 .391900
.641693 .383181
.652923 .374356
.663886 .365430
.674578 .356407
.684997 .347291
.695140 .338085
.705003 .328793
.714586 .319420
.723885 .309968
.732898 .300441
.741624 .290843
.750059 .281175
.758202 .271442
.766052 .261646
.773605 .251789
.780861 .241875
.787819 .231905
.794475 .221883
.800829 .211810
.806880 .201689
.812626 .191521
.818065 .181308
.823197 .171054
.828019 .160758
.832532 .150423
.836734 .140052
.840623 .129644
.844199 .119203
.847461 .108729
.850407 .098223
.853038 .087689
.855352 .077126
.857348 .066537
.859026 .055923
.860384 .045285
.861423 .034625
.862141 .023945
.862539 .013245
.862615 .002528
.862368 -.008205
.861800 -.018952
.860908 -.029712
.859694 -.040482
.858156 -.051260
.856295 -.062046
.854110 -.072836
.851601 -.083629
.848768 -.094422
.845612 -.105212
.842132 -.115999
.838329 -.126778
.834202 -.137547
.829753 -.148304
.824982 -.159045
.819889 -.169767
.814475 -.180468
.808740 -.191143
.802687 -.201789
.796315 -.212403
.789625 -.222980
.782620 -.233517
.775299 -.244010
.767666 -.254454
.759720 -.264845
.751465 -.275178
.742902 -.285450
.734032 -.295654
.724858 -.305786
.715383 -.315841
.705609 -.325813
.695538 -.335698
.685173 -.345489
.674518 -.355181
.663575 -.364769
.652347 -.374246
.640839 -.383607
.629054 -.392845
.616995 -.401955
.604667 -.410930
.592074 -.419765
.579221 -.428452
.566111 -.436986
.552750 -.445360
.539143 -.453568
.525295 -.461604
.511211 -.469461
.496897 -.477134
.482359 -.484615
.467602 -.491899
.452632 -.498979
.437457 -.505850
.422082 -.512506
.406514 -.518941
.390759 -.525149
.374825 -.531125
.358719 -.536864
.342449 -.542360
.326020 -.547608
.309442 -.552604
.292722 -.557343
.275867 -.561820
.258886 -.566033
.241787 -.569976
.224578 -.573647
.207266 -.577042
.189862 -.580158
.172372 -.582993
.154806 -.585544
.137171 -.587810
.119478 -.589787
.101733 -.591476
.083947 -.592874
.066128 -.593982
.048284 -.594799
.030424 -.595324
.012557 -.595558
-.005308 -.595502
-.023163 -.595156
-.040998 -.594522
-.058806 -.593600
-.076578 -.592394
-.094305 -.590905
-.111979 -.589135
-.129592 -.587087
-.147135 -.584765
-.164600 -.582171
-.181979 -.579309
-.199265 -.576182
-.216448 -.572796
-.233523 -.569153
-.250481 -.565258
-.267314 -.561116
-.284016 -.556732
-.300579 -.552109
-.316997 -.547255
-.333262 -.542173
-.349368 -.536868
-.365309 -.531347
-.381077 -.525615
-.396668 -.519676
-.412074 -.513538
-.427290 -.507204
-.442310 -.500682
-.457129 -.493976
-.471742 -.487092
-.486143 -.480035
-.500328 -.472812
-.514291 -.465428
-.528027 -.457888
-.541533 -.450197
-.554804 -.442362
-.567835 -.434386
-.580624 -.426276
-.593165 -.418036
-.605455 -.409672
-.617491 -.401187
-.629268 -.392588
-.640785 -.383878
-.652036 -.375062
-.663021 -.366144
-.673735 -.357128
-.684175 -.348019
-.694340 -.338820
-.704226 -.329535
-.713831 -.320168
-.723153 -.310723
-.732189 -.301202
-.740937 -.291609
-.749395 -.281947
-.757562 -.272219
-.765435 -.262428
-.773012 -.252576
-.780292 -.242666
-.787273 -.232701
-.793953 -.222683
-.800332 -.212614
-.806407 -.202496
-.812177 -.192332
-.817640 -.182123
-.822797 -.171872
-.827644 -.161579
-.832181 -.151248
-.836408 -.140879
-.840322 -.130474
-.843923 -.120036
-.847210 -.109564
-.850182 -.099061
-.852838 -.088529
-.855177 -.077969
-.857198 -.067382
-.858901 -.056770
-.860285 -.046134
-.861350 -.035475
-.862093 -.024796
-.862516 -.014098
-.862618 -.003383
-.862397 .007349
-.861855 .018095
-.860989 .028854
-.859800 .039623
-.858288 .050401
-.856453 .061186
-.854293 .071976
-.851810 .082768
-.849004 .093561
-.845873 .104352
-.842419 .115139
-.838641 .125919
-.834541 .136689
-.830117 .147447
-.825371 .158189
-.820304 .168913
-.814916 .179615
-.809207 .190292
-.803179 .200941
-.796832 .211557
-.790168 .222138
-.783187 .232678
-.775892 .243175
-.768284 .253623
-.760363 .264018
-.752132 .274356
-.743593 .284633
-.734748 .294842
-.725599 .304980
-.716147 .315041
-.706397 .325021
-.696349 .334912
-.686008 .344711
-.675376 .354412
-.664455 .364008
-.653251 .373494
-.641765 .382864
-.630001 .392113
-.617964 .401233
-.605658 .410219
-.593086 .419065
-.580253 .427764
-.567164 .436311
-.553823 .444698
-.540235 .452919
-.526406 .460969
-.512341 .468841
-.498045 .476528
-.483524 .484025
-.468784 .491325
-.453832 .498422
-.438672 .505310
-.423313 .511983
-.407760 .518436
-.392020 .524662
-.376100 .530657
-.360008 .536414
-.343750 .541930
-.327334 .547198
-.310768 .552214
-.294058 .556973
-.277214 .561472
-.260243 .565706
-.243153 .569671
-.225952 .573364
-.208649 .576781
-.191251 .579919
-.173768 .582777
-.156207 .585350
-.138578 .587639
-.120889 .589639
-.103148 .591351
-.085365 .592773
-.067548 .593904
-.049706 .594744
-.031847 .595292
-.013981 .595549
.003885 .595516
.021741 .595193
.039578 .594582
.057389 .593683
.075164 .592500
.092895 .591033
.110573 .589285
.128191 .587260
.145740 .584959
.163211 .582387
.180598 .579546
.197891 .576440
.215083 .573074
.232167 .569452
.249134 .565577
.265978 .561454
.282690 .557089
.299265 .552486
.315694 .547649
.331972 .542585
.348091 .537298
.364045 .531794
.379827 .526079
.395432 .520157
.410853 .514034
.426084 .507716
.441121 .501208
.455956 .494516
.470585 .487646
.485003 .480603
.499205 .473393
.513186 .466022
.526941 .458494
.540465 .450815
.553755 .442991
.566806 .435026
.579614 .426927
.592174 .418697
.604485 .410343
.616541 .401868
.628339 .393277
.639876 .384576
.651149 .375768
.662155 .366858
.672891 .357850
.683353 .348748
.693540 .339556
.703448 .330278
.713076 .320918
.722420 .311478
.731479 .301963
.740250 .292376
.748732 .282719
.756922 .272996
.764818 .263210
.772419 .253363
.779722 .243458
.786727 .233497
.793432 .223483
.799834 .213418
.805933 .203304
.811728 .193143
.817216 .182938
.822397 .172690
.827269 .162401
.831831 .152073
.836082 .141707
.840021 .131305
.843647 .120869
.846959 .110400
.849956 .099899
.852637 .089370
.855002 .078811
.857048 .068226
.858777 .057616
.860186 .046982
.861276 .036325
.862046 .025648
.862494 .014951
.862621 .004237
.862426 -.006493
.861909 -.017238
.861069 -.027996
.859906 -.038764
.858420 -.049542
.856610 -.060326
.854477 -.071116
.852020 -.081908
.849239 -.092701
.846134 -.103493
.842706 -.114280
.838954 -.125060
.834879 -.135831
.830481 -.146590
.825761 -.157334
.820719 -.168059
.815356 -.178763
.809673 -.189443
.803670 -.200094
.797349 -.210713
.790710 -.221296
.783755 -.231840
.776485 -.242340
.768901 -.252792
.761005 -.263192
.752799 -.273535
.744285 -.283816
.735464 -.294032
.726338 -.304175
.716911 -.314243
.707184 -.324229
.697160 -.334128
.686842 -.343934
.676233 -.353643
.665336 -.363247
.654153 -.372742
.642690 -.382122
.630948 -.391380
.618933 -.400511
.606648 -.409508
.594097 -.418366
.581284 -.427077
.568215 -.435636
.554894 -.444036
.541326 -.452271
.527516 -.460334
.513469 -.468221
.499192 -.475923
.484689 -.483435
.469966 -.490751
.455030 -.497864
.439887 -.504769
.424543 -.511459
.409006 -.517930
.393280 -.524174
.377375 -.530188
.361296 -.535964
.345051 -.541499
.328647 -.546787
.312092 -.551824
.295394 -.556604
.278561 -.561123
.261599 -.565378
.244518 -.569365
.227326 -.573080
.210030 -.576519
.192640 -.579680
.175163 -.582560
.157609 -.585156
.139985 -.587467
.122300 -.589490
.104563 -.591225
.086783 -.592670
.068968 -.593824
.051128 -.594687
.033270 -.595259
.015404 -.595540
-.002462 -.595530
-.020319 -.595230
-.038158 -.594641
-.055971 -.593765
-.073749 -.592604
-.091484 -.591160
-.109167 -.589435
-.126790 -.587431
-.144345 -.585152
-.161823 -.582601
-.179216 -.579782
-.196517 -.576697
-.213718 -.573352
-.230810 -.569749
-.247787 -.565895
-.264641 -.561792
-.281364 -.557446
-.297950 -.552861
-.314391 -.548043
-.330681 -.542997
-.346813 -.537728
-.362780 -.532241
-.378577 -.526542
-.394196 -.520636
-.409631 -.514529
-.424878 -.508226
-.439930 -.501733
-.454782 -.495056
-.469428 -.488200
-.483863 -.481171
-.498082 -.473974
-.512081 -.466615
-.525854 -.459099
-.539397 -.451432
-.552705 -.443619
-.565775 -.435666
-.578602 -.427577
-.591183 -.419357
-.603514 -.411013
-.615590 -.402547
-.627409 -.393965
-.638967 -.385273
-.650261 -.376473
-.661288 -.367571
-.672046 -.358571
-.682530 -.349476
-.692739 -.340291
-.702669 -.331020
-.712319 -.321666
-.721686 -.312233
-.730768 -.302724
-.739562 -.293142
-.748067 -.283491
-.756280 -.273773
-.764200 -.263992
-.771824 -.254149
-.779152 -.244249
-.786181 -.234292
-.792909 -.224282
-.799336 -.214221
-.805459 -.204111
-.811278 -.193954
-.816790 -.183753
-.821995 -.173508
-.826892 -.163222
-.831479 -.152897
-.835755 -.142534
-.839719 -.132135
-.843370 -.121701
-.846707 -.111235
-.849729 -.100737
-.852435 -.090209
-.854825 -.079653
-.856897 -.069070
-.858651 -.058462
-.860086 -.047830
-.861201 -.037175
-.861996 -.026499
-.862470 -.015804
-.862623 -.005091
-.862454 .005638
-.861962 .016382
-.861148 .027139
-.860011 .037906
-.858551 .048683
-.856767 .059467
-.854659 .070256
-.852227 .081049
-.849472 .091842
-.846393 .102633
-.842991 .113421
-.839264 .124202
-.835215 .134974
-.830843 .145734
-.826149 .156479
-.821133 .167206
-.815795 .177912
-.810138 .188593
-.804160 .199247
-.797864 .209868
-.791250 .220455
-.784320 .231002
-.777075 .241506
-.769516 .251962
-.761645 .262366
-.753464 .272714
-.744974 .283000
-.736177 .293221
-.727076 .303370
-.717673 .313444
-.707970 .323437
-.697970 .333343
-.687675 .343157
-.677089 .352873
-.666214 .362486
-.655054 .371991
-.643613 .381380
-.631893 .390648
-.619900 .399789
-.607636 .408797
-.595106 .417666
-.582314 .426389
-.569265 .434960
-.555964 .443373
-.542416 .451621
-.528625 .459699
-.514597 .467599
-.500337 .475316
-.485852 .482844
-.471147 .490175
-.456228 .497305
-.441101 .504227
-.425773 .510935
-.410250 .517423
-.394539 .523686
-.378648 .529718
-.362583 .535513
-.346350 .541068
-.329959 .546375
-.313416 .551432
-.296729 .556233
-.279906 .560773
-.262955 .565049
-.245883 .569058
-.228699 .572794
-.211411 .576255
-.194028 .579438
-.176558 .582341
-.159009 .584960
-.141390 .587293
-.123710 .589340
-.105977 .591098
-.088200 .592566
-.070388 .593743
-.052549 .594629
-.034692 .595224
-.016827 .595528
.001040 .595541
.018898 .595264
.036739 .594699
.054554 .593846
.072335 .592707
.090074 .591285
.107761 .589582
.125389 .587601
.142950 .585344
.160434 .582815
.177834 .580016
.195143 .576953
.212352 .573628
.229453 .570046
.246440 .566211
.263303 .562128
.280037 .557801
.296634 .553235
.313087 .548435
.329390 .543407
.345534 .538155
.361515 .532686
.377325 .527003
.392958 .521114
.408409 .515022
.423671 .508735
.438739 .502257
.453607 .495594
.468269 .488752
.482721 .481737
.496958 .474553
.510974 .467207
.524765 .459703
.538327 .452048
.551654 .444247
.564743 .436304
.577590 .428226
.590191 .420017
.602541 .411682
.614638 .403225
.626477 .394653
.638056 .385969
.649372 .377178
.660420 .368284
.671199 .359291
.681705 .350204
.691936 .341026
.701889 .331762
.711561 .322414
.720951 .312987
.730055 .303484
.738872 .293908
.747400 .284262
.755637 .274549
.763580 .264773
.771228 .254935
.778579 .245039
.785632 .235087
.792384 .225081
.798835 .215024
.804983 .204918
.810826 .194765
.816363 .184567
.821592 .174325
.826514 .164043
.831125 .153720
.835426 .143360
.839415 .132964
.843091 .122533
.846453 .112069
.849500 .101574
.852232 .091049
.854646 .080495
.856744 .069914
.858523 .059308
.859983 .048677
.861124 .038024
.861945 .027350
.862444 .016656
.862623 .005945
.862479 -.004783
.862013 -.015526
.861225 -.026282
.860113 -.037049
.858679 -.047825
.856921 -.058608
.854839 -.069397
.852433 -.080189
.849703 -.090982
.846650 -.101774
.843273 -.112562
.839573 -.123344
.835550 -.134117
.831203 -.144878
.826535 -.155624
.821544 -.166353
.816232 -.177060
.810600 -.187744
.804648 -.198399
.798377 -.209024
.791789 -.219613
.784884 -.230164
.777664 -.240671
.770130 -.251131
.762284 -.261539
.754127 -.271892
.745661 -.282183
.736889 -.292409
.727812 -.302565
.718433 -.312645
.708753 -.322644
.698777 -.332557
.688505 -.342379
.677942 -.352103
.667091 -.361725
.655953 -.371238
.644534 -.380636
.632837 -.389914
.620865 -.399066
.608622 -.408085
.596113 -.416965
.583342 -.425700
.570314 -.434283
.557033 -.442709
.543504 -.450971
.529732 -.459062
.515722 -.466977
.501481 -.474709
.487014 -.482251
.472326 -.489599
.457423 -.496745
.442313 -.503683
.427001 -.510408
.411493 -.516914
.395797 -.523195
.379920 -.529246
.363868 -.535061
.347649 -.540634
.331270 -.545962
.314739 -.551039
.298063 -.555860
.281251 -.560421
.264309 -.564719
.247247 -.568748
.230071 -.572506
.212792 -.575990
.195416 -.579195
.177952 -.582120
.160409 -.584762
.142796 -.587118
.125120 -.589188
.107391 -.590968
.089617 -.592460
.071808 -.593660
.053970 -.594570
.036115 -.595188
.018249 -.595515
.000383 -.595551
-.017476 -.595297
-.035319 -.594754
-.053136 -.593924
-.070921 -.592808
-.088663 -.591409
-.106355 -.589728
-.123988 -.587769
-.141554 -.585534
-.159045 -.583026
-.176452 -.580249
-.193768 -.577206
-.210985 -.573902
-.228096 -.570340
-.245091 -.566525
-.261965 -.562462
-.278710 -.558154
-.295318 -.553607
-.311783 -.548826
-.328097 -.543816
-.344255 -.538582
-.360249 -.533129
-.376072 -.527463
-.391720 -.521590
-.407186 -.515515
-.422463 -.509243
-.437546 -.502780
-.452430 -.496132
-.467109 -.489304
-.481578 -.482302
-.495832 -.475131
-.509866 -.467798
-.523675 -.460306
-.537255 -.452663
-.550602 -.444873
-.563710 -.436942
-.576576 -.428874
-.589196 -.420675
-.601567 -.412350
-.613684 -.403903
-.625544 -.395340
-.637144 -.386664
-.648480 -.377882
-.659550 -.368996
-.670351 -.360011
-.680879 -.350931
-.691131 -.341760
-.701106 -.332502
-.710801 -.323161
-.720213 -.313741
-.729341 -.304243
-.738181 -.294673
-.746732 -.285032
-.754992 -.275325
-.762958 -.265554
-.770630 -.255721
-.778005 -.245829
-.785081 -.235882
-.791858 -.225880
-.798332 -.215827
-.804504 -.205725
-.810371 -.195575
-.815933 -.185380
-.821187 -.175142
-.826133 -.164863
-.830769 -.154544
-.835095 -.144187
-.839109 -.133793
-.842810 -.123365
-.846197 -.112904
-.849269 -.102411
-.852026 -.091888
-.854466 -.081336
-.856589 -.070758
-.858393 -.060153
-.859879 -.049525
-.861045 -.038873
-.861891 -.028201
-.862416 -.017509
-.862620 -.006798
-.862502 .003928
-.862062 .014670
-.861300 .025425
-.860214 .036191
-.858805 .046966
-.857072 .057749
-.855016 .068538
-.852636 .079330
-.849933 .090123
-.846905 .100915
-.843554 .111703
-.839880 .122485
-.835882 .133259
-.831561 .144021
-.826918 .154769
-.821953 .165499
-.816667 .176208
-.811060 .186894
-.805134 .197552
-.798888 .208179
-.792325 .218771
-.785445 .229325
-.778250 .239836
-.770741 .250300
-.762920 .260713
-.754788 .271069
-.746347 .281366
-.737599 .291597
-.728546 .301759
-.719191 .311845
-.709535 .321851
-.699582 .331771
-.689334 .341600
-.678794 .351332
-.667965 .360963
-.656851 .370484
-.645454 .379892
-.633778 .389180
-.621828 .398342
-.609607 .407372
-.597119 .416263
-.584369 .425009
-.571361 .433605
-.558099 .442044
-.544590 .450319
-.530837 .458424
-.516847 .466353
-.502624 .474100
-.488174 .481658
-.473503 .489021
-.458618 .496183
-.443524 .503139
-.428227 .509881
-.412735 .516404
-.397054 .522704
-.381191 .528773
-.365153 .534606
-.348947 .540199
-.332580 .545547
-.316061 .550644
-.299396 .555485
-.282594 .560068
-.265663 .564386
-.248610 .568437
-.231443 .572217
-.214171 .575722
-.196803 .578950
-.179346 .581897
-.161809 .584562
-.144201 .586941
-.126530 .589033
-.108805 .590837
-.091034 .592352
-.073227 .593575
-.055392 .594508
-.037537 .595149
-.019672 .595499
-.001805 .595558
.016054 .595328
.033899 .594808
.051719 .594001
.069506 .592908
.087252 .591531
.104948 .589872
.122586 .587935
.140158 .585722
.157655 .583236
.175069 .580480
.192393 .577458
.209618 .574175
.226737 .570633
.243742 .566838
.260626 .562794
.277381 .558506
.294001 .553978
.310477 .549215
.326804 .544223
.342974 .539007
.358981 .533571
.374819 .527922
.390481 .522065
.405961 .516006
.421253 .509749
.436352 .503301
.451252 .496668
.465948 .489854
.480434 .482865
.494705 .475708
.508757 .468387
.522584 .460909
.536182 .453277
.549547 .445499
.562675 .437579
.575560 .429521
.588200 .421333
.600591 .413017
.612728 .404580
.624609 .396026
.636230 .387359
.647587 .378585
.658679 .369707
.669500 .360730
.680050 .351657
.690325 .342494
.700322 .333243
.710040 .323908
.719474 .314494
.728624 .305002
.737488 .295438
.746062 .285803
.754345 .276101
.762335 .266334
.770030 .256506
.777428 .246619
.784529 .236676
.791329 .226678
.797828 .216629
.804024 .206531
.809915 .196385
.815501 .186194
.820780 .175959
.825750 .165683
.830411 .155367
.834762 .145013
.838801 .134622
.842526 .124197
.845939 .113738
.849036 .103248
.851818 .092727
.854283 .082178
.856431 .071601
.858261 .060999
.859772 .050372
.860964 .039722
.861835 .029051
.862386 .018361
.862616 .007652
.862524 -.003074
.862109 -.013814
.861372 -.024568
.860312 -.035333
.858929 -.046108
.857222 -.056890
.855192 -.067679
.852838 -.078470
.850160 -.089263
.847158 -.100055
.843833 -.110844
.840184 -.121627
.836212 -.132402
.831917 -.143165
.827300 -.153913
.822360 -.164645
.817100 -.175356
.811518 -.186044
.805617 -.196704
.799397 -.207334
.792859 -.217929
.786005 -.228486
.778835 -.239001
.771351 -.249468
.763554 -.259885
.755447 -.270247
.747030 -.280548
.738307 -.290785
.729278 -.300952
.719947 -.311045
.710315 -.321057
.700385 -.330984
.690161 -.340821
.679644 -.350561
.668838 -.360200
.657746 -.369730
.646372 -.379147
.634718 -.388445
.622790 -.397617
.610590 -.406657
.598123 -.415560
.585394 -.424318
.572406 -.432926
.559165 -.441378
.545675 -.449666
.531941 -.457785
.517969 -.465728
.503765 -.473490
.489333 -.481063
.474679 -.488442
.459811 -.495620
.444733 -.502592
.429452 -.509352
.413976 -.515893
.398309 -.522210
.382460 -.528298
.366436 -.534151
.350243 -.539763
.333889 -.545130
.317382 -.550247
.300728 -.555109
.283937 -.559712
.267016 -.564052
.249972 -.568125
.232814 -.571926
.215550 -.575453
.198189 -.578703
.180739 -.581673
.163208 -.584360
.145605 -.586762
.127939 -.588877
.110218 -.590704
.092451 -.592242
.074646 -.593488
.056813 -.594444
.038960 -.595109
.021095 -.595482
.003228 -.595564
-.014633 -.595357
-.032478 -.594860
-.050301 -.594076
-.068091 -.593005
-.085840 -.591651
-.103541 -.590015
-.121184 -.588100
-.138761 -.585908
-.156264 -.583443
-.173686 -.580709
-.191017 -.577709
-.208250 -.574446
-.225378 -.570925
-.242392 -.567150
-.259286 -.563125
-.276052 -.558856
-.292682 -.554347
-.309170 -.549603
-.325509 -.544629
-.341692 -.539430
-.357712 -.534012
-.373564 -.528380
-.389240 -.522539
-.404735 -.516495
-.420043 -.510254
-.435157 -.503822
-.450073 -.497203
-.464785 -.490403
-.479288 -.483428
-.493577 -.476284
-.507646 -.468976
-.521491 -.461510
-.535108 -.453891
-.548492 -.446124
-.561638 -.438214
-.574543 -.430168
-.587203 -.421989
-.599613 -.413684
-.611771 -.405256
-.623672 -.396711
-.635314 -.388053
-.646693 -.379287
-.657805 -.370418
-.668649 -.361448
-.679220 -.352383
-.689517 -.343227
-.699536 -.333983
-.709276 -.324655
-.718733 -.315246
-.727906 -.305761
-.736792 -.296202
-.745389 -.286572
-.753696 -.276876
-.761709 -.267114
-.769428 -.257291
-.776850 -.247409
-.783974 -.237470
-.790799 -.227476
-.797321 -.217431
-.803542 -.207337
-.809457 -.197195
-.815068 -.187007
-.820371 -.176776
-.825366 -.166503
-.830052 -.156190
-.834427 -.145839
-.838490 -.135451
-.842241 -.125028
-.845678 -.114572
-.848801 -.104084
-.851608 -.093566
-.854098 -.083019
-.856272 -.072444
-.858127 -.061844
-.859664 -.051219
-.860881 -.040571
-.861778 -.029902
-.862354 -.019213
-.862609 -.008505
-.862543 .002219
-.862154 .012958
-.861443 .023711
-.860408 .034475
-.859051 .045250
-.857370 .056031
-.855365 .066819
-.853037 .077611
-.850385 .088404
-.847409 .099196
-.844110 .109985
-.840486 .120769
-.836540 .131544
-.832271 .142308
-.827679 .153058
-.822765 .163791
-.817530 .174504
-.811974 .185194
-.806099 .195857
-.799904 .206489
-.793392 .217087
-.786562 .227647
-.779417 .238165
-.771958 .248637
-.764186 .259058
-.756104 .269424
-.747712 .279730
-.739013 .289973
-.730008 .300145
-.720701 .310244
-.711093 .320263
-.701187 .330197
-.690986 .340041
-.680492 .349789
-.669709 .359436
-.658640 .368975
-.647288 .378402
-.635656 .387709
-.623750 .396891
-.611571 .405943
-.599126 .414856
-.586417 .423626
-.573450 .432247
-.560228 .440711
-.546758 .449012
-.533044 .457145
-.519090 .465102
-.504904 .472879
-.490490 .480467
-.475854 .487862
-.461003 .495056
-.445941 .502045
-.430677 .508822
-.415215 .515380
-.399564 .521716
-.383729 .527822
-.367718 .533693
-.351539 .539325
-.335197 .544712
-.318702 .549849
-.302060 .554732
-.285279 .559355
-.268368 .563716
-.251333 .567810
-.234184 .571633
-.216929 .575183
-.199575 .578455
-.182132 .581447
-.164607 .584156
-.147010 .586581
-.129348 .588719
-.111631 .590569
-.093867 .592130
-.076065 .593400
-.058234 .594379
-.040382 .595066
-.022518 .595463
-.004651 .595568
.013211 .595384
.031058 .594910
.048882 .594149
.066676 .593101
.084429 .591769
.102133 .590155
.119781 .588262
.137364 .586093
.154873 .583650
.172301 .580937
.189640 .577957
.206882 .574715
.224018 .571214
.241042 .567460
.257945 .563455
.274722 .559205
.291363 .554715
.307863 .549989
.324214 .545033
.340409 .539852
.356443 .534451
.372308 .528836
.387998 .523012
.403508 .516984
.418831 .510759
.433961 .504341
.448893 .497736
.463621 .490951
.478141 .483990
.492447 .476859
.506534 .469564
.520397 .462110
.534032 .454503
.547435 .446747
.560600 .438849
.573524 .430814
.586204 .422645
.598634 .414350
.610812 .405932
.622734 .397396
.634397 .388747
.645796 .379989
.656930 .371128
.667795 .362166
.678388 .353108
.688707 .343959
.698749 .334722
.708511 .325400
.717991 .315998
.727186 .306519
.736095 .296966
.744715 .287342
.753045 .277650
.761082 .267894
.768824 .258075
.776270 .248198
.783418 .238263
.790266 .228274
.796813 .218233
.803057 .208142
.808998 .198004
.814632 .187820
.819960 .177592
.824980 .167322
.829690 .157012
.834090 .146664
.838178 .136279
.841954 .125859
.845416 .115406
.848564 .104920
.851396 .094404
.853912 .083860
.856110 .073287
.857991 .062689
.859553 .052066
.860796 .041420
.861718 .030752
.862320 .020065
.862601 .009359
.862560 -.001364
.862197 -.012103
.861511 -.022854
.860503 -.033618
.859171 -.044391
.857516 -.055173
.855537 -.065960
.853234 -.076751
.850608 -.087544
.847658 -.098337
.844384 -.109126
.840787 -.119910
.836866 -.130686
.832623 -.141451
.828057 -.152203
.823169 -.162937
.817959 -.173652
.812429 -.184344
.806578 -.195009
.800409 -.205643
.793922 -.216244
.787118 -.226807
.779998 -.237329
.772564 -.247805
.764817 -.258230
.756759 -.268601
.748391 -.278912
.739716 -.289159
.730736 -.299338
.721453 -.309443
.711869 -.319468
.701987 -.329409
.691809 -.339261
.681338 -.349017
.670578 -.358672
.659532 -.368220
.648202 -.377655
.636593 -.386973
.624708 -.396165
.612551 -.405227
.600127 -.414152
.587439 -.422933
.574492 -.431566
.561290 -.440042
.547840 -.448357
.534144 -.456503
.520210 -.464475
.506042 -.472266
.491646 -.479870
.477028 -.487280
.462193 -.494491
.447148 -.501496
.431899 -.508290
.416453 -.514866
.400817 -.521219
.384997 -.527344
.369000 -.533234
.352833 -.538885
.336504 -.544292
.320021 -.549449
.303390 -.554352
.286620 -.558997
.269719 -.563379
.252694 -.567494
.235554 -.571339
.218307 -.574910
.200960 -.578204
.183524 -.581219
.166005 -.583951
.148413 -.586399
.130757 -.588560
.113044 -.590433
.095283 -.592016
.077484 -.593309
.059655 -.594311
.041804 -.595022
.023941 -.595442
.006074 -.595571
-.011789 -.595409
-.029638 -.594958
-.047464 -.594220
-.065260 -.593195
-.083017 -.591885
-.100725 -.590294
-.118378 -.588423
-.135966 -.586275
-.153482 -.583854
-.170917 -.581162
-.188263 -.578204
-.205512 -.574983
-.222657 -.571503
-.239690 -.567768
-.256604 -.563783
-.273391 -.559552
-.290043 -.555081
-.306554 -.550374
-.322917 -.545436
-.339125 -.540273
-.355172 -.534889
-.371051 -.529291
-.386755 -.523483
-.402280 -.517471
-.417617 -.511261
-.432763 -.504859
-.447711 -.498269
-.462456 -.491498
-.476993 -.484551
-.491316 -.477433
-.505420 -.470151
-.519301 -.462709
-.532955 -.455114
-.546376 -.447370
-.559560 -.439483
-.572504 -.431458
-.585203 -.423301
-.597654 -.415015
-.609852 -.406607
-.621794 -.398080
-.633477 -.389440
-.644898 -.380691
-.656053 -.371837
-.666940 -.362883
-.677555 -.353833
-.687896 -.344691
-.697959 -.335461
-.707744 -.326146
-.717246 -.316750
-.726464 -.307277
-.735396 -.297729
-.744040 -.288111
-.752392 -.278424
-.760453 -.268673
-.768218 -.258859
-.775688 -.248986
-.782860 -.239056
-.789732 -.229072
-.796303 -.219035
-.802571 -.208948
-.808536 -.198813
-.814195 -.188632
-.819547 -.178408
-.824591 -.168142
-.829326 -.157835
-.833751 -.147490
-.837864 -.137108
-.841665 -.126690
-.845152 -.116239
-.848325 -.105756
-.851182 -.095243
-.853723 -.084700
-.855947 -.074130
-.857853 -.063534
-.859440 -.052913
-.860708 -.042268
-.861656 -.031602
-.862284 -.020916
-.862590 -.010212
-.862575 .000510
-.862238 .011247
-.861578 .021998
-.860595 .032760
-.859289 .043533
-.857659 .054314
-.855706 .065101
-.853430 .075892
-.850829 .086685
-.847905 .097477
-.844657 .108267
-.841085 .119052
-.837190 .129828
-.832972 .140594
-.828432 .151347
-.823570 .162083
-.818386 .172800
-.812881 .183493
-.807056 .194160
-.800912 .204798
-.794450 .215401
-.787671 .225968
-.780576 .236493
-.773167 .246972
-.765445 .257402
-.757412 .267777
-.749069 .278093
-.740418 .288346
-.731463 .298530
-.722203 .308641
-.712643 .318673
-.702785 .328621
-.692630 .338479
-.682183 .348243
-.671446 .357907
-.660422 .367463
-.649115 .376908
-.637527 .386235
-.625664 .395438
-.613529 .404510
-.601126 .413446
-.588458 .422239
-.575532 .430884
-.562351 .439373
-.548920 .447701
-.535244 .455861
-.521329 .463847
-.507179 .471652
-.492801 .479271
-.478200 .486697
-.463382 .493924
-.448354 .500946
-.433121 .507757
-.417691 .514351
-.402069 .520722
-.386263 .526865
-.370280 .532774
-.354126 .538444
-.337810 .543870
-.321339 .549048
-.304720 .553971
-.287961 .558637
-.271069 .563040
-.254054 .567176
-.236923 .571043
-.219684 .574636
-.202345 .577952
-.184916 .580989
-.167403 .583744
-.149817 .586214
-.132165 .588398
-.114456 .590294
-.096699 .591901
-.078903 .593217
-.061075 .594242
-.043226 .594976
-.025363 .595419
-.007496 .595571
.010367 .595433
.028217 .595005
.046046 .594289
.063844 .593287
.081604 .592000
.099317 .590431
.116975 .588582
.134568 .586457
.152090 .584057
.169532 .581387
.186885 .578449
.204142 .575249
.221296 .571789
.238338 .568074
.255262 .564109
.272059 .559898
.288722 .555446
.305245 .550757
.321620 .545838
.337841 .540692
.353900 .535326
.369793 .529744
.385511 .523953
.401050 .517957
.416403 .511763
.431564 .505376
.446528 .498800
.461290 .492043
.475843 .485110
.490183 .478006
.504305 .470737
.518204 .463308
.531876 .455724
.545316 .447992
.558519 .440116
.571482 .432102
.584201 .423955
.596671 .415679
.608890 .407281
.620853 .398763
.632557 .390132
.643998 .381391
.655175 .372546
.666083 .363600
.676719 .354557
.687082 .345422
.697168 .336199
.706975 .326890
.716500 .317501
.725741 .308034
.734696 .298492
.743362 .288879
.751738 .279198
.759821 .269452
.767611 .259643
.775104 .249775
.782300 .239849
.789196 .229869
.795791 .219836
.802083 .209753
.808072 .199622
.813755 .189445
.819132 .179224
.824201 .168961
.828960 .158657
.833410 .148315
.837548 .137936
.841374 .127521
.844886 .117073
.848084 .106592
.850966 .096081
.853532 .085541
.855781 .074973
.857713 .064378
.859326 .053759
.860619 .043117
.861593 .032453
.862246 .021768
.862578 .011065
.862588 .000344
.862276 -.010391
.861642 -.021141
.860685 -.031903
.859405 -.042675
.857801 -.053455
.855874 -.064242
.853623 -.075032
.851048 -.085825
.848149 -.096618
.844927 -.107408
.841381 -.118193
.837512 -.128971
.833320 -.139738
.828805 -.150491
.823969 -.161229
.818810 -.171947
.813331 -.182642
.807532 -.193312
.801413 -.203952
.794976 -.214558
.788222 -.225128
.781153 -.235656
.773769 -.246139
.766071 -.256573
.758063 -.266953
.749745 -.277274
.741119 -.287532
.732187 -.297722
.722952 -.307838
.713415 -.317877
.703581 -.327832
.693450 -.337698
.683025 -.347469
.672311 -.357141
.661310 -.366706
.650025 -.376160
.638460 -.385497
.626619 -.394710
.614505 -.403793
.602123 -.412740
.589477 -.421545
.576571 -.430201
.563410 -.438703
.549998 -.447044
.536342 -.455218
.522445 -.463218
.508314 -.471038
.493954 -.478672
.479371 -.486113
.464570 -.493356
.449558 -.500394
.434341 -.507222
.418926 -.513834
.403320 -.520223
.387528 -.526384
.371559 -.532312
.355419 -.538002
.339115 -.543447
.322656 -.548645
.306048 -.553588
.289300 -.558275
.272419 -.562699
.255413 -.566857
.238291 -.570745
.221060 -.574360
.203729 -.577698
.186307 -.580758
.168801 -.583535
.151220 -.586028
.133573 -.588235
.115868 -.590154
.098115 -.591783
.080321 -.593123
.062496 -.594171
.044648 -.594929
.026786 -.595395
.008919 -.595570
-.008945 -.595454
-.026796 -.595049
-.044627 -.594357
-.062428 -.593377
-.080191 -.592113
-.097908 -.590566
-.115571 -.588740
-.133170 -.586636
-.150697 -.584258
-.168146 -.581609
-.185507 -.578693
-.202772 -.575513
-.219934 -.572074
-.236986 -.568379
-.253919 -.564434
-.270726 -.560242
-.287400 -.555809
-.303934 -.551139
-.320321 -.546238
-.336555 -.541110
-.352628 -.535761
-.368533 -.530197
-.384266 -.524422
-.399819 -.518442
-.415187 -.512264
-.430364 -.505891
-.445344 -.499331
-.460122 -.492588
-.474692 -.485668
-.489049 -.478578
-.503189 -.471321
-.517106 -.463905
-.530796 -.456334
-.544254 -.448613
-.557477 -.440749
-.570459 -.432746
-.583197 -.424609
-.595688 -.416343
-.607926 -.407954
-.619910 -.399446
-.631634 -.390823
-.643097 -.382091
-.654295 -.373254
-.665224 -.364316
-.675882 -.355281
-.686267 -.346153
-.696375 -.336936
-.706204 -.327635
-.715752 -.318252
-.725015 -.308790
-.733993 -.299254
-.742682 -.289647
-.751082 -.279971
-.759189 -.270230
-.767001 -.260426
-.774518 -.250563
-.781737 -.240641
-.788657 -.230665
-.795277 -.220637
-.801593 -.210558
-.807606 -.200430
-.813314 -.190257
-.818715 -.180039
-.823808 -.169779
-.828593 -.159479
-.833067 -.149140
-.837230 -.138763
-.841080 -.128352
-.844618 -.117906
-.847840 -.107428
-.850748 -.096919
-.853339 -.086381
-.855614 -.075815
-.857571 -.065223
-.859209 -.054606
-.860528 -.043965
-.861527 -.033303
-.862205 -.022620
-.862563 -.011918
-.862599 -.001199
-.862313 .009536
-.861704 .020285
-.860773 .031046
-.859518 .041817
-.857941 .052596
-.856039 .063383
-.853814 .074173
-.851265 .084966
-.848392 .095759
-.845196 .106549
-.841676 .117335
-.837832 .128113
-.833666 .138881
-.829177 .149636
-.824366 .160374
-.819233 .171094
-.813779 .181792
-.808005 .192463
-.801912 .203106
-.795500 .213715
-.788772 .224288
-.781727 .234819
-.774368 .245306
-.766696 .255744
-.758712 .266128
-.750418 .276454
-.741817 .286717
-.732909 .296913
-.723698 .307036
-.714186 .317080
-.704375 .327042
-.694267 .336916
-.683866 .346695
-.673175 .356374
-.662197 .365949
-.650934 .375412
-.639391 .384758
-.627572 .393981
-.615480 .403074
-.603119 .412032
-.590493 .420849
-.577608 .429517
-.564467 .438032
-.551075 .446386
-.537438 .454573
-.523561 .462587
-.509448 .470422
-.495106 .478071
-.480540 .485528
-.465756 .492787
-.450761 .499842
-.435561 .506686
-.420161 .513315
-.404569 .519722
-.388792 .525902
-.372837 .531849
-.356710 .537557
-.340419 .543023
-.323972 .548240
-.307376 .553204
-.290639 .557911
-.273768 .562356
-.256772 .566535
-.239659 .570445
-.222436 .574082
-.205113 .577443
-.187697 .580524
-.170198 .583324
-.152622 .585840
-.134980 .588070
-.117280 .590011
-.099530 .591664
-.081739 .593027
-.063916 .594099
-.046070 .594879
-.028209 .595368
-.010342 .595566
.007522 .595474
.025375 .595092
.043208 .594422
.061012 .593465
.078779 .592224
.096500 .590700
.114166 .588895
.131771 .586814
.149305 .584457
.166759 .581830
.184127 .578935
.201401 .575776
.218571 .572357
.235632 .568683
.252575 .564757
.269392 .560585
.286077 .556171
.302623 .551520
.319022 .546637
.335268 .541527
.351354 .536195
.367273 .530648
.383020 .524889
.398588 .518926
.413970 .512763
.429163 .506406
.444158 .499860
.458952 .493132
.473539 .486226
.487914 .479149
.502071 .471905
.516006 .464501
.529714 .456942
.543191 .449233
.556432 .441380
.569434 .433388
.582192 .425261
.594702 .417006
.606961 .408626
.618965 .400127
.630710 .391514
.642194 .382790
.653413 .373961
.664364 .365031
.675044 .356004
.685450 .346883
.695580 .337673
.705432 .328378
.715002 .319002
.724288 .309547
.733289 .300016
.742001 .290415
.750423 .280744
.758554 .271008
.766390 .261209
.773931 .251350
.781174 .241434
.788117 .231462
.794760 .221437
.801101 .211362
.807138 .201238
.812871 .191069
.818296 .180855
.823414 .170598
.828223 .160301
.832722 .149964
.836910 .139591
.840785 .129182
.844347 .118739
.847595 .108264
.850528 .097757
.853145 .087221
.855444 .076658
.857426 .066067
.859090 .055452
.860434 .044813
.861459 .034152
.862163 .023471
.862546 .012771
.862608 .002053
.862347 -.008681
.861765 -.019428
.860859 -.030188
.859630 -.040959
.858078 -.051738
.856202 -.062523
.854003 -.073314
.851480 -.084106
.848633 -.094899
.845462 -.105690
.841968 -.116476
.838150 -.127255
.834009 -.138024
.829546 -.148780
.824760 -.159520
.819653 -.170241
.814225 -.180941
.808477 -.191614
.802409 -.202259
.796023 -.212871
.789319 -.223447
.782300 -.233982
.774966 -.244473
.767318 -.254915
.759359 -.265303
.751090 -.275634
.742513 -.285903
.733630 -.296104
.724443 -.306232
.714954 -.316284
.705167 -.326252
.695083 -.336133
.684705 -.345920
.674037 -.355607
.663081 -.365190
.651841 -.374662
.640321 -.384018
.628523 -.393251
.616453 -.402355
.604113 -.411324
.591508 -.420152
.578643 -.428833
.565523 -.437360
.552151 -.445727
.538533 -.453927
.524674 -.461955
.510580 -.469804
.496256 -.477468
.481708 -.484941
.466941 -.492216
.451963 -.499287
.436778 -.506149
.421395 -.512795
.405818 -.519220
.390055 -.525418
.374114 -.531384
.358000 -.537112
.341723 -.542597
.325288 -.547834
.308703 -.552818
.291977 -.557546
.275116 -.562012
.258130 -.566212
.241026 -.570144
.223812 -.573803
.206496 -.577185
.189087 -.580289
.171594 -.583112
.154024 -.585650
.136387 -.587902
.118691 -.589867
.100945 -.591543
.083157 -.592929
.065336 -.594024
.047492 -.594828
.029631 -.595340
.011765 -.595561
-.006100 -.595492
-.023954 -.595133
-.041789 -.594486
-.059595 -.593552
-.077365 -.592333
-.095090 -.590831
-.112762 -.589049
-.130371 -.586989
-.147911 -.584655
-.165372 -.582049
-.182748 -.579175
-.200029 -.576037
-.217208 -.572639
-.234278 -.568985
-.251230 -.565079
-.268058 -.560926
-.284754 -.556531
-.301311 -.551899
-.317722 -.547034
-.333980 -.541942
-.350079 -.536628
-.366012 -.531097
-.381772 -.525355
-.397355 -.519408
-.412752 -.513261
-.427960 -.506919
-.442972 -.500388
-.457782 -.493674
-.472385 -.486782
-.486777 -.479718
-.500951 -.472488
-.514904 -.465097
-.528631 -.457550
-.542126 -.449853
-.555387 -.442011
-.568408 -.434029
-.581185 -.425913
-.593715 -.417668
-.605994 -.409298
-.618018 -.400808
-.629784 -.392204
-.641289 -.383489
-.652529 -.374668
-.663501 -.365746
-.674203 -.356726
-.684632 -.347613
-.694784 -.338410
-.704658 -.329122
-.714250 -.319751
-.723559 -.310302
-.732582 -.300778
-.741318 -.291182
-.749763 -.281517
-.757917 -.271786
-.765777 -.261992
-.773341 -.252137
-.780608 -.242225
-.787575 -.232258
-.794243 -.222237
-.800608 -.212166
-.806669 -.202046
-.812425 -.191880
-.817875 -.181669
-.823018 -.171416
-.827852 -.161122
-.832375 -.150789
-.836588 -.140418
-.840488 -.130012
-.844075 -.119572
-.847348 -.109099
-.850306 -.098595
-.852948 -.088062
-.855273 -.077500
-.857280 -.066912
-.858969 -.056298
-.860339 -.045661
-.861389 -.035002
-.862119 -.024322
-.862528 -.013623
-.862615 -.002907
-.862380 .007825
-.861823 .018572
-.860943 .029331
-.859740 .040101
-.858213 .050879
-.856364 .061664
-.854190 .072454
-.851693 .083247
-.848871 .094040
-.845726 .104831
-.842258 .115617
-.838466 .126397
-.834351 .137167
-.829913 .147924
-.825153 .158665
-.820072 .169388
-.814669 .180090
-.808946 .190766
-.802904 .201413
-.796543 .212028
-.789865 .222606
-.782870 .233145
-.775561 .243639
-.767939 .254085
-.760004 .264478
-.751760 .274814
-.743207 .285087
-.734348 .295294
-.725185 .305428
-.715721 .315486
-.705957 .325461
-.695897 .335349
-.685542 .345144
-.674897 .354840
-.663964 .364431
-.652747 .373912
-.641248 .383277
-.629473 .392520
-.617424 .401635
-.605105 .410615
-.592522 .419454
-.579677 .428147
-.566577 .436686
-.553225 .445066
-.539626 .453280
-.525787 .461322
-.511711 .469186
-.497405 .476865
-.482875 .484353
-.468125 .491644
-.453163 .498732
-.437995 .505611
-.422627 .512274
-.407065 .518717
-.391317 .524933
-.375390 .530917
-.359290 .536664
-.343025 .542169
-.326602 .547426
-.310029 .552431
-.293314 .557179
-.276464 .561666
-.259487 .565888
-.242392 .569841
-.225186 .573521
-.207878 .576926
-.190477 .580052
-.172990 .582897
-.155426 .585458
-.137794 .587734
-.120103 .589721
-.102360 .591420
-.084575 .592829
-.066757 .593947
-.048913 .594774
-.031054 .595310
-.013187 .595554
.004678 .595508
.022533 .595172
.040369 .594548
.058179 .593637
.075952 .592441
.093681 .590961
.111357 .589201
.128972 .587164
.146517 .584851
.163985 .582266
.181367 .579414
.198656 .576297
.215844 .572919
.232922 .569285
.249884 .565399
.266722 .561266
.283429 .556890
.299997 .552276
.316420 .547430
.332691 .542355
.348803 .537059
.364749 .531545
.380524 .525820
.396120 .519889
.411533 .513757
.426756 .507431
.441783 .500915
.456610 .494215
.471230 .487337
.485639 .480287
.499831 .473070
.513801 .465691
.527546 .458156
.541060 .450471
.554339 .442640
.567380 .434670
.580177 .426564
.592726 .418329
.605025 .409969
.617070 .401489
.628857 .392893
.640383 .384187
.651644 .375374
.662638 .366460
.673361 .357448
.683811 .348342
.693986 .339146
.703882 .329864
.713497 .320500
.722828 .311057
.731874 .301539
.740633 .291949
.749102 .282289
.757278 .272563
.765162 .262774
.772749 .252924
.780040 .243017
.787032 .233053
.793723 .223037
.800112 .212970
.806197 .202854
.811978 .192691
.817453 .182484
.822620 .172234
.827478 .161943
.832026 .151613
.836264 .141246
.840189 .130842
.843801 .120405
.847099 .109934
.850082 .099433
.852749 .088901
.855099 .078342
.857132 .067756
.858846 .057144
.860242 .046509
.861317 .035852
.862072 .025174
.862507 .014476
.862620 .003761
.862410 -.006970
.861879 -.017716
.861025 -.028474
.859848 -.039243
.858347 -.050020
.856523 -.060805
.854375 -.071595
.851903 -.082387
.849108 -.093180
.845989 -.103972
.842546 -.114759
.838780 -.125539
.834691 -.136309
.830278 -.147068
.825544 -.157811
.820488 -.168535
.815111 -.179238
.809413 -.189916
.803396 -.200566
.797061 -.211184
.790408 -.221765
.783439 -.232307
.776155 -.242805
.768557 -.253255
.760647 -.263653
.752428 -.273993
.743899 -.284272
.735065 -.294484
.725926 -.304624
.716486 -.314688
.706746 -.324670
.696709 -.334565
.686378 -.344367
.675755 -.354071
.664845 -.363671
.653650 -.373162
.642174 -.382536
.630421 -.391789
.618393 -.400914
.606096 -.409905
.593533 -.418756
.580710 -.427460
.567629 -.436012
.554297 -.444405
.540718 -.452633
.526897 -.460689
.512840 -.468567
.498553 -.476260
.484040 -.483764
.469308 -.491071
.454362 -.498175
.439210 -.505071
.423858 -.511752
.408311 -.518212
.392578 -.524447
.376664 -.530449
.360578 -.536216
.344326 -.541739
.327915 -.547016
.311354 -.552041
.294650 -.556810
.277810 -.561318
.260843 -.565561
.243757 -.569536
.226560 -.573238
.209260 -.576665
.191866 -.579814
.174385 -.582681
.156827 -.585265
.139201 -.587563
.121513 -.589574
.103774 -.591296
.085993 -.592728
.068177 -.593869
.050335 -.594719
.032477 -.595278
.014610 -.595545
-.003255 -.595522
-.021112 -.595210
-.038950 -.594608
-.056762 -.593720
-.074538 -.592546
-.092271 -.591089
-.109951 -.589352
-.127571 -.587336
-.145123 -.585045
-.162597 -.582482
-.179987 -.579651
-.197283 -.576554
-.214479 -.573197
-.231567 -.569584
-.248538 -.565718
-.265386 -.561604
-.282104 -.557247
-.298683 -.552652
-.315118 -.547824
-.331401 -.542768
-.347526 -.537489
-.363485 -.531992
-.379274 -.526284
-.394885 -.520369
-.410313 -.514253
-.425551 -.507942
-.440594 -.501441
-.455437 -.494755
-.470073 -.487891
-.484499 -.480855
-.498709 -.473650
-.512697 -.466284
-.526460 -.458762
-.539993 -.451088
-.553291 -.443269
-.566350 -.435310
-.579166 -.427215
-.591736 -.418990
-.604055 -.410639
-.616120 -.402168
-.627928 -.393582
-.639474 -.384884
-.650757 -.376080
