.209252 -.006237
.208890 -.012076
.208365 -.017516
.207688 -.022560
.206872 -.027208
.205928 -.031465
.204868 -.035331
.203703 -.038811
.202446 -.041908
.201107 -.044626
.199698 -.046969
.198230 -.048943
.196713 -.050551
.195159 -.051800
.193579 -.052695
.191981 -.053243
.190378 -.053450
.188778 -.053323
.187192 -.052869
.185629 -.052095
.184099 -.051009
.182610 -.049620
.181172 -.047934
.179793 -.045961
.178482 -.043710
.177246 -.041189
.176094 -.038408
.175033 -.035375
.174070 -.032101
.173212 -.028595
.172466 -.024867
.171838 -.020926
.171335 -.016784
.170961 -.012451
.170723 -.007936
.170626 -.003251
.170674 .001595
.170871 .006590
.171223 .011724
.171733 .016985
.172403 .022364
.173239 .027849
.174242 .033430
.175415 .039096
.176760 .044835
.178279 .050637
.179974 .056491
.181845 .062387
.183895 .068314
.186122 .074261
.188529 .080217
.191114 .086173
.193878 .092118
.196819 .098042
.199937 .103934
.203231 .109785
.206698 .115585
.210338 .121324
.214148 .126992
.218125 .132581
.222267 .138081
.226572 .143483
.231035 .148778
.235654 .153958
.240424 .159015
.245343 .163939
.250404 .168724
.255605 .173362
.260940 .177845
.266405 .182165
.271995 .186316
.277704 .190292
.283526 .194085
.289457 .197689
.295490 .201099
.301619 .204309
.307839 .207313
.314142 .210106
.320522 .212684
.326973 .215041
.333489 .217173
.340061 .219077
.346683 .220749
.353349 .222185
.360050 .223381
.366781 .224336
.373532 .225046
.380297 .225509
.387069 .225723
.393839 .225686
.400601 .225396
.407347 .224852
.414068 .224054
.420758 .223000
.427409 .221690
.434013 .220124
.440562 .218301
.447049 .216223
.453465 .213888
.459804 .211299
.466058 .208456
.472219 .205360
.478279 .202012
.484232 .198415
.490069 .194570
.495783 .190479
.501367 .186145
.506814 .181569
.512117 .176754
.517268 .171704
.522261 .166420
.527088 .160907
.531743 .155168
.536219 .149205
.540510 .143024
.544609 .136627
.548509 .130018
.552205 .123203
.555691 .116184
.558960 .108966
.562006 .101555
.564825 .093953
.567410 .086168
.569756 .078202
.571858 .070062
.573711 .061752
.575309 .053278
.576648 .044646
.577724 .035860
.578532 .026926
.579067 .017851
.579327 .008640
.579306 -.000701
.579001 -.010166
.578408 -.019749
.577525 -.029442
.576348 -.039241
.574873 -.049138
.573100 -.059127
.571024 -.069201
.568643 -.079353
.565956 -.089576
.562960 -.099863
.559654 -.110208
.556036 -.120602
.552104 -.131039
.547859 -.141511
.543299 -.152011
.538423 -.162531
.533231 -.173063
.527723 -.183600
.521899 -.194133
.515759 -.204656
.509304 -.215159
.502535 -.225636
.495453 -.236077
.488059 -.246475
.480354 -.256821
.472341 -.267108
.464021 -.277326
.455397 -.287468
.446471 -.297526
.437247 -.307490
.427726 -.317353
.417913 -.327107
.407811 -.336742
.397423 -.346251
.386754 -.355625
.375809 -.364856
.364591 -.373936
.353105 -.382857
.341356 -.391611
.329351 -.400190
.317093 -.408586
.304589 -.416791
.291846 -.424798
.278868 -.432599
.265662 -.440188
.252235 -.447556
.238594 -.454697
.224746 -.461604
.210698 -.468272
.196457 -.474692
.182031 -.480860
.167428 -.486770
.152656 -.492415
.137722 -.497791
.122635 -.502893
.107404 -.507715
.092036 -.512254
.076541 -.516506
.060927 -.520465
.045203 -.524130
.029378 -.527496
.013462 -.530562
-.002538 -.533324
-.018612 -.535780
-.034749 -.537929
-.050942 -.539768
-.067181 -.541298
-.083457 -.542516
-.099760 -.543424
-.116080 -.544020
-.132409 -.544304
-.148738 -.544278
-.165056 -.543943
-.181355 -.543298
-.197625 -.542347
-.213858 -.541091
-.230044 -.539531
-.246174 -.537671
-.262240 -.535514
-.278231 -.533061
-.294141 -.530316
-.309959 -.527284
-.325678 -.523966
-.341289 -.520368
-.356784 -.516494
-.372155 -.512346
-.387393 -.507932
-.402490 -.503253
-.417440 -.498317
-.432233 -.493126
-.446864 -.487687
-.461324 -.482004
-.475607 -.476083
-.489705 -.469929
-.503611 -.463547
-.517319 -.456942
-.530823 -.450120
-.544115 -.443086
-.557191 -.435846
-.570043 -.428405
-.582666 -.420768
-.595054 -.412941
-.607202 -.404930
-.619104 -.396738
-.630755 -.388372
-.642150 -.379837
-.653285 -.371137
-.664153 -.362279
-.674751 -.353266
-.685074 -.344104
-.695118 -.334797
-.704879 -.325351
-.714352 -.315769
-.723533 -.306057
-.732420 -.296218
-.741008 -.286257
-.749293 -.276178
-.757273 -.265986
-.764943 -.255684
-.772301 -.245276
-.779344 -.234766
-.786069 -.224158
-.792473 -.213455
-.798553 -.202662
-.804306 -.191781
-.809730 -.180816
-.814824 -.169770
-.819583 -.158648
-.824006 -.147451
-.828092 -.136183
-.831837 -.124847
-.835241 -.113447
-.838300 -.101986
-.841014 -.090466
-.843381 -.078891
-.845399 -.067264
-.847067 -.055587
-.848383 -.043865
-.849346 -.032099
-.849954 -.020294
-.850208 -.008451
-.850105 .003424
-.849645 .015330
-.848827 .027263
-.847651 .039220
-.846115 .051197
-.844219 .063191
-.841963 .075197
-.839347 .087213
-.836370 .099235
-.833032 .111259
-.829334 .123280
-.825275 .135295
-.820856 .147299
-.816077 .159289
-.810939 .171259
-.805443 .183205
-.799590 .195122
-.793379 .207005
-.786814 .218849
-.779894 .230650
-.772622 .242401
-.764999 .254097
-.757027 .265733
-.748708 .277303
-.740044 .288800
-.731038 .300219
-.721691 .311554
-.712007 .322798
-.701989 .333945
-.691639 .344988
-.680962 .355920
-.669960 .366735
-.658637 .377426
-.646997 .387985
-.635045 .398406
-.622785 .408681
-.610221 .418804
-.597358 .428766
-.584201 .438561
-.570755 .448180
-.557027 .457618
-.543021 .466866
-.528743 .475917
-.514200 .484763
-.499398 .493398
-.484344 .501814
-.469044 .510004
-.453505 .517961
-.437735 .525677
-.421740 .533147
-.405529 .540364
-.389110 .547320
-.372490 .554011
-.355677 .560428
-.338680 .566568
-.321507 .572424
-.304167 .577991
-.286669 .583263
-.269022 .588236
-.251235 .592906
-.233317 .597267
-.215278 .601317
-.197126 .605052
-.178872 .608468
-.160525 .611563
-.142095 .614334
-.123592 .616779
-.105025 .618897
-.086404 .620686
-.067740 .622145
-.049042 .623273
-.030319 .624071
-.011583 .624539
.007157 .624678
.025892 .624488
.044611 .623970
.063305 .623128
.081963 .621962
.100578 .620475
.119138 .618671
.137634 .616552
.156058 .614123
.174400 .611386
.192650 .608346
.210800 .605007
.228841 .601375
.246765 .597454
.264563 .593249
.282226 .588766
.299746 .584011
.317116 .578989
.334327 .573705
.351372 .568168
.368243 .562382
.384934 .556353
.401436 .550089
.417744 .543596
.433851 .536881
.449749 .529950
.465434 .522809
.480898 .515466
.496135 .507927
.511141 .500198
.525910 .492286
.540436 .484199
.554714 .475941
.568740 .467519
.582508 .458941
.596014 .450211
.609254 .441336
.622224 .432322
.634919 .423174
.647336 .413899
.659471 .404501
.671321 .394986
.682882 .385360
.694150 .375627
.705124 .365792
.715800 .355860
.726175 .345835
.736247 .335722
.746012 .325525
.755470 .315248
.764617 .304895
.773451 .294469
.781970 .283975
.790172 .273415
.798056 .262794
.805620 .252113
.812861 .241376
.819778 .230586
.826371 .219746
.832637 .208858
.838574 .197924
.844183 .186948
.849461 .175931
.854407 .164875
.859020 .153783
.863300 .142656
.867245 .131497
.870854 .120308
.874127 .109089
.877062 .097844
.879659 .086573
.881918 .075279
.883837 .063963
.885416 .052628
.886654 .041273
.887551 .029903
.888106 .018517
.888320 .007119
.888191 -.004291
.887720 -.015711
.886906 -.027137
.885749 -.038570
.884248 -.050005
.882405 -.061442
.880219 -.072879
.877689 -.084312
.874817 -.095740
.871603 -.107159
.868045 -.118568
.864147 -.129964
.859906 -.141343
.855325 -.152703
.850404 -.164041
.845143 -.175353
.839544 -.186636
.833608 -.197886
.827335 -.209100
.820727 -.220274
.813784 -.231404
.806510 -.242485
.798904 -.253514
.790970 -.264486
.782708 -.275396
.774121 -.286239
.765210 -.297011
.755979 -.307706
.746430 -.318320
.736564 -.328846
.726386 -.339279
.715898 -.349614
.705102 -.359844
.694003 -.369964
.682604 -.379968
.670909 -.389850
.658921 -.399603
.646644 -.409221
.634083 -.418697
.621242 -.428026
.608126 -.437200
.594740 -.446213
.581088 -.455059
.567176 -.463730
.553010 -.472220
.538594 -.480523
.523935 -.488631
.509039 -.496539
.493912 -.504239
.478560 -.511725
.462990 -.518992
.447209 -.526032
.431224 -.532839
.415042 -.539409
.398670 -.545733
.382116 -.551808
.365387 -.557627
.348491 -.563185
.331437 -.568478
.314232 -.573500
.296884 -.578246
.279403 -.582713
.261796 -.586896
.244072 -.590792
.226241 -.594397
.208309 -.597708
.190288 -.600721
.172185 -.603436
.154009 -.605848
.135770 -.607958
.117478 -.609762
.099140 -.611260
.080766 -.612451
.062366 -.613335
.043949 -.613912
.025523 -.614182
.007099 -.614145
-.011315 -.613803
-.029710 -.613157
-.048076 -.612208
-.066405 -.610960
-.084687 -.609413
-.102914 -.607571
-.121077 -.605437
-.139168 -.603013
-.157177 -.600305
-.175096 -.597314
-.192918 -.594047
-.210633 -.590506
-.228234 -.586697
-.245713 -.582624
-.263061 -.578292
-.280273 -.573707
-.297339 -.568874
-.314253 -.563798
-.331007 -.558486
-.347596 -.552942
-.364011 -.547172
-.380246 -.541184
-.396296 -.534982
-.412153 -.528572
-.427812 -.521962
-.443266 -.515156
-.458511 -.508161
-.473541 -.500984
-.488350 -.493629
-.502933 -.486104
-.517285 -.478414
-.531402 -.470566
-.545279 -.462564
-.558912 -.454416
-.572295 -.446126
-.585426 -.437700
-.598301 -.429143
-.610915 -.420462
-.623264 -.411660
-.635347 -.402744
-.647158 -.393718
-.658696 -.384587
-.669956 -.375356
-.680937 -.366028
-.691636 -.356609
-.702049 -.347103
-.712174 -.337514
-.722009 -.327845
-.731552 -.318100
-.740801 -.308283
-.749753 -.298398
-.758406 -.288447
-.766759 -.278434
-.774810 -.268362
-.782557 -.258233
-.789999 -.248050
-.797133 -.237817
-.803959 -.227534
-.810475 -.217206
-.816680 -.206833
-.822573 -.196418
-.828152 -.185964
-.833416 -.175471
-.838364 -.164942
-.842996 -.154379
-.847309 -.143783
-.851304 -.133157
-.854979 -.122500
-.858333 -.111816
-.861366 -.101105
-.864077 -.090369
-.866466 -.079610
-.868531 -.068829
-.870271 -.058027
-.871688 -.047205
-.872779 -.036366
-.873544 -.025511
-.873983 -.014640
-.874096 -.003756
-.873882 .007140
-.873340 .018046
-.872471 .028960
-.871275 .039882
-.869751 .050808
-.867899 .061738
-.865719 .072669
-.863211 .083599
-.860375 .094526
-.857211 .105448
-.853721 .116362
-.849903 .127266
-.845758 .138157
-.841287 .149033
-.836490 .159891
-.831368 .170727
-.825922 .181539
-.820152 .192322
-.814060 .203075
-.807646 .213793
-.800912 .224472
-.793859 .235108
-.786488 .245699
-.778801 .256238
-.770799 .266723
-.762485 .277148
-.753860 .287508
-.744926 .297800
-.735685 .308018
-.726140 .318158
-.716294 .328213
-.706149 .338178
-.695707 .348049
-.684973 .357819
-.673948 .367483
-.662637 .377034
-.651043 .386468
-.639170 .395778
-.627021 .404958
-.614601 .414001
-.601914 .422903
-.588964 .431655
-.575757 .440253
-.562296 .448689
-.548587 .456958
-.534636 .465053
-.520447 .472967
-.506026 .480695
-.491379 .488230
-.476512 .495566
-.461431 .502697
-.446142 .509617
-.430653 .516320
-.414969 .522800
-.399097 .529051
-.383045 .535069
-.366820 .540846
-.350428 .546379
-.333878 .551663
-.317178 .556692
-.300334 .561462
-.283355 .565968
-.266249 .570208
-.249023 .574176
-.231687 .577869
-.214249 .581284
-.196716 .584418
-.179098 .587269
-.161403 .589833
-.143640 .592109
-.125817 .594095
-.107943 .595790
-.090028 .597193
-.072078 .598302
-.054105 .599118
-.036116 .599640
-.018120 .599869
-.000126 .599805
.017858 .599449
.035822 .598803
.053758 .597868
.071657 .596645
.089512 .595138
.107312 .593347
.125050 .591278
.142718 .588931
.160308 .586311
.177810 .583421
.195218 .580265
.212524 .576848
.229719 .573172
.246796 .569244
.263748 .565066
.280567 .560645
.297247 .555985
.313780 .551092
.330159 .545969
.346378 .540624
.362429 .535061
.378308 .529287
.394007 .523305
.409521 .517123
.424843 .510745
.439969 .504179
.454891 .497428
.469606 .490499
.484108 .483398
.498392 .476130
.512453 .468701
.526287 .461117
.539888 .453382
.553253 .445502
.566378 .437484
.579258 .429331
.591889 .421049
.604268 .412643
.616392 .404118
.628256 .395478
.639858 .386729
.651194 .377875
.662262 .368920
.673058 .359868
.683580 .350724
.693825 .341492
.703790 .332175
.713473 .322776
.722872 .313301
.731985 .303751
.740809 .294131
.749342 .284443
.757583 .274690
.765529 .264875
.773179 .255001
.780531 .245071
.787584 .235087
.794335 .225051
.800784 .214966
.806929 .204834
.812769 .194656
.818302 .184435
.823527 .174173
.828443 .163872
.833049 .153532
.837344 .143157
.841326 .132747
.844995 .122304
.848350 .111830
.851390 .101325
.854114 .090793
.856521 .080233
.858610 .069648
.860381 .059038
.861834 .048406
.862966 .037753
.863779 .027079
.864270 .016388
.864441 .005679
.864289 -.005045
.863816 -.015782
.863020 -.026531
.861901 -.037291
.860459 -.048059
.858694 -.058833
.856606 -.069612
.854194 -.080393
.851459 -.091175
.848400 -.101954
.845018 -.112729
.841313 -.123498
.837286 -.134257
.832936 -.145003
.828264 -.155735
.823270 -.166448
.817956 -.177140
.812322 -.187807
.806368 -.198447
.800097 -.209055
.793508 -.219627
.786603 -.230161
.779384 -.240651
.771851 -.251094
.764006 -.261486
.755852 -.271821
.747389 -.282096
.738620 -.292305
.729546 -.302444
.720171 -.312507
.710496 -.322490
.700525 -.332388
.690259 -.342194
.679702 -.351903
.668857 -.361509
.657726 -.371008
.646315 -.380393
.634625 -.389657
.622661 -.398796
.610427 -.407802
.597927 -.416670
.585165 -.425394
.572146 -.433967
.558874 -.442383
.545355 -.450635
.531594 -.458718
.517595 -.466625
.503365 -.474350
.488908 -.481887
.474231 -.489229
.459340 -.496370
.444241 -.503305
.428940 -.510027
.413444 -.516531
.397760 -.522811
.381894 -.528861
.365854 -.534676
.349646 -.540251
.333279 -.545581
.316759 -.550661
.300094 -.555487
.283293 -.560053
.266362 -.564356
.249310 -.568393
.232145 -.572159
.214876 -.575650
.197510 -.578865
.180056 -.581800
.162522 -.584453
.144918 -.586821
.127251 -.588903
.109530 -.590697
.091764 -.592202
.073961 -.593418
.056131 -.594343
.038282 -.594977
.020422 -.595320
.002561 -.595374
-.015293 -.595138
-.033132 -.594614
-.050946 -.593803
-.068727 -.592707
-.086467 -.591328
-.104157 -.589668
-.121789 -.587730
-.139354 -.585516
-.156845 -.583030
-.174254 -.580275
-.191571 -.577255
-.208790 -.573974
-.225904 -.570436
-.242903 -.566644
-.259781 -.562604
-.276531 -.558320
-.293144 -.553797
-.309616 -.549040
-.325937 -.544055
-.342103 -.538845
-.358105 -.533417
-.373938 -.527776
-.389596 -.521927
-.405073 -.515877
-.420361 -.509629
-.435457 -.503191
-.450354 -.496568
-.465047 -.489765
-.479531 -.482787
-.493800 -.475642
-.507850 -.468333
-.521676 -.460866
-.535273 -.453248
-.548638 -.445482
-.561765 -.437575
-.574651 -.429532
-.587292 -.421357
-.599683 -.413056
-.611822 -.404633
-.623705 -.396094
-.635329 -.387442
-.646689 -.378683
-.657784 -.369821
-.668609 -.360860
-.679164 -.351803
-.689443 -.342656
-.699446 -.333422
-.709169 -.324104
-.718610 -.314706
-.727767 -.305232
-.736638 -.295685
-.745220 -.286067
-.753511 -.276383
-.761510 -.266634
-.769215 -.256824
-.776624 -.246955
-.783735 -.237030
-.790546 -.227051
-.797057 -.217021
-.803265 -.206941
-.809169 -.196813
-.814769 -.186641
-.820061 -.176425
-.825046 -.166167
-.829722 -.155870
-.834088 -.145535
-.838143 -.135163
-.841886 -.124757
-.845316 -.114317
-.848431 -.103846
-.851231 -.093344
-.853716 -.082813
-.855883 -.072256
-.857733 -.061672
-.859265 -.051064
-.860478 -.040434
-.861372 -.029781
-.861945 -.019109
-.862198 -.008419
-.862129 .002288
-.861739 .013011
-.861026 .023746
-.859992 .034494
-.858634 .045251
-.856954 .056016
-.854950 .066786
-.852623 .077561
-.849973 .088337
-.847000 .099113
-.843703 .109885
-.840083 .120652
-.836141 .131411
-.831876 .142159
-.827290 .152893
-.822381 .163610
-.817152 .174307
-.811603 .184981
-.805734 .195628
-.799547 .206245
-.793042 .216828
-.786220 .227373
-.779084 .237876
-.771634 .248333
-.763872 .258740
-.755799 .269092
-.747418 .279385
-.738729 .289613
-.729736 .299773
-.720440 .309859
-.710844 .319865
-.700951 .329787
-.690762 .339619
-.680282 .349356
-.669512 .358991
-.658456 .368520
-.647118 .377936
-.635501 .387233
-.623609 .396405
-.611446 .405447
-.599015 .414352
-.586322 .423114
-.573370 .431726
-.560164 .440183
-.546710 .448477
-.533012 .456603
-.519075 .464555
-.504906 .472326
-.490508 .479909
-.475889 .487299
-.461055 .494490
-.446010 .501475
-.430763 .508249
-.415319 .514805
-.399685 .521139
-.383867 .527244
-.367874 .533115
-.351711 .538746
-.335387 .544134
-.318909 .549272
-.302285 .554156
-.285521 .558782
-.268627 .563146
-.251609 .567243
-.234477 .571071
-.217239 .574624
-.199901 .577901
-.182475 .580899
-.164966 .583615
-.147385 .586046
-.129739 .588191
-.112037 .590049
-.094289 .591618
-.076502 .592896
-.058686 .593885
-.040848 .594582
-.022998 .594988
-.005145 .595104
.012703 .594931
.030537 .594468
.048348 .593718
.066129 .592683
.083870 .591363
.101562 .589762
.119199 .587882
.136771 .585726
.154270 .583296
.171687 .580597
.189016 .577632
.206249 .574404
.223376 .570918
.240391 .567178
.257287 .563188
.274056 .558953
.290690 .554478
.307183 .549767
.323528 .544826
.339718 .539661
.355746 .534275
.371606 .528675
.387292 .522866
.402798 .516854
.418117 .510644
.433244 .504242
.448174 .497652
.462900 .490882
.477418 .483937
.491723 .476821
.505809 .469541
.519672 .462102
.533308 .454509
.546711 .446769
.559877 .438885
.572803 .430864
.585484 .422710
.597917 .414428
.610098 .406024
.622023 .397502
.633689 .388867
.645093 .380123
.656231 .371274
.667101 .362326
.677699 .353281
.688023 .344144
.698071 .334920
.707839 .325610
.717326 .316221
.726529 .306753
.735445 .297212
.744073 .287599
.752410 .277919
.760456 .268174
.768207 .258366
.775662 .248500
.782819 .238576
.789677 .228597
.796234 .218567
.802488 .208486
.808439 .198357
.814085 .188183
.819424 .177964
.824455 .167704
.829177 .157403
.833589 .147064
.837689 .136688
.841478 .126277
.844953 .115832
.848113 .105354
.850959 .094847
.853488 .084310
.855700 .073745
.857595 .063154
.859171 .052539
.860428 .041900
.861365 .031239
.861982 .020559
.862278 .009859
.862252 -.000857
.861904 -.011589
.861234 -.022335
.860242 -.033092
.858926 -.043860
.857287 -.054635
.855324 -.065417
.853038 -.076203
.850428 -.086991
.847495 -.097779
.844238 -.108564
.840658 -.119344
.836754 -.130115
.832528 -.140876
.827979 -.151624
.823109 -.162355
.817917 -.173067
.812404 -.183755
.806571 -.194417
.800420 -.205050
.793950 -.215648
.787164 -.226210
.780062 -.236730
.772646 -.247204
.764917 -.257628
.756877 -.267998
.748528 -.278309
.739871 -.288556
.730909 -.298735
.721644 -.308840
.712078 -.318866
.702214 -.328809
.692054 -.338661
.681602 -.348419
.670859 -.358077
.659830 -.367627
.648518 -.377066
.636927 -.386387
.625059 -.395583
.612920 -.404649
.600513 -.413578
.587842 -.422365
.574912 -.431003
.561727 -.439485
.548293 -.447806
.534614 -.455959
.520696 -.463938
.506544 -.471736
.492163 -.479347
.477560 -.486766
.462741 -.493985
.447711 -.500999
.432477 -.507803
.417045 -.514389
.401423 -.520752
.385616 -.526887
.369632 -.532789
.353479 -.538451
.337163 -.543869
.320692 -.549038
.304073 -.553954
.287315 -.558611
.270424 -.563006
.253410 -.567135
.236281 -.570993
.219043 -.574578
.201707 -.577886
.184279 -.580915
.166769 -.583662
.149186 -.586124
.131537 -.588301
.113831 -.590189
.096077 -.591788
.078284 -.593096
.060461 -.594114
.042616 -.594841
.024758 -.595276
.006895 -.595421
-.010963 -.595275
-.028809 -.594840
-.046632 -.594118
-.064425 -.593109
-.082180 -.591816
-.099887 -.590240
-.117539 -.588385
-.135126 -.586253
-.152642 -.583848
-.170077 -.581172
-.187424 -.578229
-.204674 -.575023
-.221821 -.571558
-.238856 -.567838
-.255772 -.563868
-.272562 -.559652
-.289218 -.555195
-.305733 -.550503
-.322100 -.545579
-.338313 -.540429
-.354365 -.535059
-.370249 -.529474
-.385959 -.523679
-.401490 -.517680
-.416834 -.511483
-.431987 -.505093
-.446942 -.498515
-.461695 -.491755
-.476240 -.484819
-.490571 -.477713
-.504684 -.470441
-.518575 -.463010
-.532237 -.455425
-.545668 -.447691
-.558863 -.439814
-.571817 -.431799
-.584526 -.423650
-.596987 -.415373
-.609196 -.406973
-.621150 -.398455
-.632845 -.389822
-.644277 -.381081
-.655444 -.372235
-.666343 -.363288
-.676970 -.354245
-.687323 -.345109
-.697400 -.335886
-.707197 -.326577
-.716713 -.317187
-.725945 -.307719
-.734890 -.298177
-.743547 -.288564
-.751913 -.278883
-.759987 -.269137
-.767767 -.259328
-.775251 -.249459
-.782437 -.239534
-.789324 -.229553
-.795909 -.219520
-.802192 -.209437
-.808172 -.199306
-.813845 -.189129
-.819213 -.178908
-.824272 -.168645
-.829022 -.158341
-.833462 -.147999
-.837591 -.137620
-.841407 -.127205
-.844910 -.116757
-.848098 -.106277
-.850971 -.095765
-.853528 -.085225
-.855767 -.074657
-.857689 -.064063
-.859293 -.053443
-.860577 -.042801
-.861541 -.032137
-.862184 -.021452
-.862507 -.010749
-.862508 -.000028
-.862186 .010707
-.861543 .021457
-.860576 .032219
-.859286 .042991
-.857673 .053771
-.855737 .064557
-.853476 .075348
-.850892 .086141
-.847984 .096933
-.844752 .107723
-.841197 .118508
-.837318 .129284
-.833117 .140051
-.828593 .150804
-.823747 .161541
-.818579 .172258
-.813090 .182953
-.807282 .193622
-.801154 .204261
-.794708 .214866
-.787945 .225435
-.780866 .235962
-.773473 .246443
-.765766 .256876
-.757749 .267254
-.749421 .277573
-.740787 .287829
-.731846 .298017
-.722602 .308131
-.713057 .318168
-.703214 .328120
-.693074 .337983
-.682641 .347752
-.671919 .357421
-.660909 .366983
-.649616 .376434
-.638043 .385766
-.626194 .394975
-.614072 .404055
-.601683 .412998
-.589029 .421798
-.576115 .430450
-.562947 .438948
-.549528 .447284
-.535865 .455452
-.521961 .463447
-.507823 .471261
-.493457 .478890
-.478867 .486325
-.464060 .493562
-.449042 .500594
-.433820 .507416
-.418399 .514021
-.402787 .520403
-.386990 .526557
-.371016 .532478
-.354871 .538160
-.338563 .543599
-.322100 .548788
-.305488 .553725
-.288736 .558403
-.271851 .562819
-.254842 .566969
-.237717 .570849
-.220483 .574455
-.203149 .577785
-.185724 .580836
-.168216 .583605
-.150633 .586089
-.132985 .588287
-.115279 .590197
-.097524 .591818
-.079730 .593148
-.061904 .594188
-.044056 .594936
-.026194 .595394
-.008328 .595560
.009535 .595435
.027386 .595022
.045216 .594320
.063016 .593332
.080777 .592059
.098492 .590503
.116153 .588668
.133749 .586556
.151274 .584170
.168720 .581512
.186077 .578588
.203339 .575400
.220498 .571953
.237545 .568251
.254474 .564297
.271277 .560098
.287947 .555657
.304476 .550980
.320859 .546072
.337087 .540937
.353154 .535581
.369054 .530010
.384781 .524229
.400329 .518243
.415690 .512058
.430861 .505680
.445834 .499113
.460605 .492365
.475168 .485440
.489519 .478344
.503651 .471082
.517561 .463661
.531243 .456085
.544694 .448360
.557909 .440491
.570883 .432483
.583614 .424342
.596096 .416072
.608326 .407679
.620301 .399167
.632017 .390541
.643472 .381806
.654661 .372965
.665581 .364023
.676231 .354985
.686606 .345854
.696706 .336635
.706525 .327330
.716064 .317944
.725318 .308481
.734286 .298942
.742966 .289333
.751356 .279654
.759453 .269911
.767257 .260105
.774764 .250239
.781973 .240316
.788883 .230338
.795493 .220307
.801799 .210226
.807802 .200097
.813500 .189922
.818891 .179703
.823974 .169441
.828748 .159139
.833212 .148798
.837365 .138421
.841205 .128007
.844732 .117560
.847944 .107081
.850842 .096571
.853422 .086032
.855686 .075464
.857633 .064871
.859260 .054253
.860568 .043611
.861557 .032947
.862225 .022263
.862572 .011560
.862597 .000840
.862300 -.009895
.861681 -.020645
.860738 -.031406
.859473 -.042178
.857884 -.052958
.855972 -.063745
.853736 -.074536
.851176 -.085329
.848292 -.096123
.845085 -.106913
.841554 -.117699
.837700 -.128477
.833522 -.139245
.829022 -.150000
.824200 -.160739
.819056 -.171458
.813592 -.182155
.807807 -.192826
.801703 -.203468
.795281 -.214076
.788541 -.224648
.781486 -.235179
.774116 -.245664
.766433 -.256101
.758438 -.266483
.750134 -.276808
.741522 -.287069
.732604 -.297262
.723383 -.307383
.713860 -.317425
.704038 -.327385
.693921 -.337255
.683510 -.347031
.672809 -.356708
.661820 -.366279
.650548 -.375738
.638996 -.385080
.627167 -.394299
.615065 -.403389
.602695 -.412342
.590060 -.421154
.577166 -.429818
.564016 -.438327
.550616 -.446676
.536970 -.454857
.523084 -.462866
.508963 -.470694
.494613 -.478337
.480039 -.485788
.465248 -.493040
.450245 -.500088
.435038 -.506926
.419631 -.513547
.404033 -.519947
.388249 -.526119
.372288 -.532058
.356155 -.537758
.339858 -.543215
.323406 -.548424
.306804 -.553380
.290062 -.558078
.273186 -.562514
.256186 -.566684
.239068 -.570585
.221842 -.574212
.204515 -.577563
.187096 -.580635
.169593 -.583425
.152015 -.585931
.134371 -.588151
.116668 -.590083
.098917 -.591726
.081124 -.593079
.063300 -.594140
.045453 -.594911
.027591 -.595390
.009724 -.595578
-.008141 -.595476
-.025993 -.595084
-.043825 -.594404
-.061628 -.593437
-.079394 -.592186
-.097114 -.590652
-.114779 -.588838
-.132381 -.586746
-.149913 -.584381
-.167365 -.581744
-.184730 -.578839
-.202000 -.575671
-.219167 -.572244
-.236224 -.568560
-.253163 -.564626
-.269976 -.560445
-.286657 -.556023
-.303198 -.551363
-.319592 -.546472
-.335833 -.541354
-.351913 -.536015
-.367827 -.530460
-.383568 -.524694
-.399130 -.518723
-.414506 -.512553
-.429692 -.506189
-.444681 -.499637
-.459468 -.492902
-.474048 -.485990
-.488415 -.478907
-.502565 -.471658
-.516492 -.464248
-.530193 -.456683
-.543662 -.448969
-.556895 -.441111
-.569888 -.433114
-.582638 -.424982
-.595139 -.416722
-.607390 -.408338
-.619385 -.399835
-.631121 -.391217
-.642596 -.382490
-.653806 -.373657
-.664747 -.364723
-.675418 -.355692
-.685815 -.346568
-.695936 -.337355
-.705777 -.328057
-.715338 -.318677
-.724614 -.309219
-.733605 -.299686
-.742307 -.290082
-.750720 -.280409
-.758840 -.270670
-.766666 -.260869
-.774196 -.251008
-.781429 -.241089
-.788362 -.231115
-.794995 -.221088
-.801325 -.211011
-.807352 -.200886
-.813073 -.190714
-.818488 -.180498
-.823595 -.170240
-.828394 -.159941
-.832882 -.149604
-.837059 -.139229
-.840923 -.128818
-.844474 -.118374
-.847711 -.107897
-.850633 -.097390
-.853239 -.086853
-.855527 -.076288
-.857498 -.065696
-.859150 -.055080
-.860484 -.044440
-.861497 -.033778
-.862190 -.023096
-.862562 -.012395
-.862612 -.001676
-.862340 .009058
-.861746 .019806
-.860829 .030567
-.859589 .041338
-.858025 .052117
-.856138 .062903
-.853928 .073694
-.851393 .084487
-.848535 .095280
-.845352 .106070
-.841847 .116856
-.838018 .127635
-.833866 .138404
-.829391 .149159
-.824594 .159899
-.819475 .170620
-.814036 .181318
-.808276 .191991
-.802197 .202635
-.795800 .213246
-.789085 .223821
-.782054 .234355
-.774709 .244844
-.767050 .255284
-.759080 .265671
-.750800 .276000
-.742212 .286266
-.733318 .296464
-.724121 .306591
-.714622 .316639
-.704823 .326605
-.694729 .336482
-.684341 .346266
-.673662 .355950
-.662697 .365529
-.651447 .374998
-.639916 .384349
-.628109 .393578
-.616028 .402677
-.603679 .411641
-.591065 .420464
-.578191 .429140
-.565061 .437661
-.551681 .446023
-.538054 .454217
-.524187 .462239
-.510084 .470082
-.495752 .477740
-.481196 .485205
-.466422 .492473
-.451436 .499537
-.436244 .506392
-.420853 .513030
-.405270 .519447
-.389501 .525637
-.373553 .531595
-.357433 .537314
-.341150 .542790
-.324709 .548019
-.308119 .552994
-.291388 .557712
-.274523 .562169
-.257532 .566361
-.240423 .570282
-.223206 .573931
-.205886 .577304
-.188474 .580398
-.170978 .583211
-.153406 .585739
-.135766 .587982
-.118068 .589936
-.100320 .591602
-.082531 .592977
-.064709 .594062
-.046864 .594855
-.029003 .595357
-.011136 .595568
.006729 .595489
.024583 .595120
.042416 .594463
.060222 .593518
.077991 .592289
.095714 .590778
.113384 .588986
.130991 .586916
.148528 .584572
.165987 .581956
.183359 .579073
.200637 .575926
.217812 .572518
.234878 .568855
.251826 .564940
.268650 .560779
.285341 .556375
.301893 .551734
.318299 .546861
.334552 .541761
.350645 .536440
.366572 .530901
.382326 .525152
.397902 .519198
.413294 .513043
.428494 .506694
.443499 .500157
.458302 .493436
.472898 .486538
.487282 .479468
.501449 .472232
.515394 .464835
.529113 .457283
.542600 .449581
.555852 .441734
.568865 .433747
.581634 .425626
.594155 .417376
.606425 .409002
.618440 .400508
.630197 .391900
.641693 .383181
.652923 .374356
.663886 .365430
.674578 .356407
.684997 .347291
.695140 .338085
.705003 .328793
.714586 .319420
.723885 .309968
.732898 .300441
.741624 .290843
.750059 .281175
.758202 .271442
.766052 .261646
.773605 .251789
.780861 .241875
.787819 .231905
.794475 .221883
.800829 .211810
.806880 .201689
.812626 .191521
.818065 .181308
.823197 .171054
.828019 .160758
.832532 .150423
.836734 .140052
.840623 .129644
.844199 .119203
.847461 .108729
.850407 .098223
.853038 .087689
.855352 .077126
.857348 .066537
.859026 .055923
.860384 .045285
.861423 .034625
.862141 .023945
.862539 .013245
.862615 .002528
.862368 -.008205
.861800 -.018952
.860908 -.029712
.859694 -.040482
.858156 -.051260
.856295 -.062046
.854110 -.072836
.851601 -.083629
.848768 -.094422
.845612 -.105212
.842132 -.115999
.838329 -.126778
.834202 -.137547
.829753 -.148304
.824982 -.159045
.819889 -.169767
.814475 -.180468
.808740 -.191143
.802687 -.201789
.796315 -.212403
.789625 -.222980
.782620 -.233517
.775299 -.244010
.767666 -.254454
.759720 -.264845
.751465 -.275178
.742902 -.285450
.734032 -.295654
.724858 -.305786
.715383 -.315841
.705609 -.325813
.695538 -.335698
.685173 -.345489
.674518 -.355181
.663575 -.364769
.652347 -.374246
.640839 -.383607
.629054 -.392845
.616995 -.401955
.604667 -.410930
.592074 -.419765
.579221 -.428452
.566111 -.436986
.552750 -.445360
.539143 -.453568
.525295 -.461604
.511211 -.469461
.496897 -.477134
.482359 -.484615
.467602 -.491899
.452632 -.498979
.437457 -.505850
.422082 -.512506
.406514 -.518941
.390759 -.525149
.374825 -.531125
.358719 -.536864
.342449 -.542360
.326020 -.547608
.309442 -.552604
.292722 -.557343
.275867 -.561820
.258886 -.566033
.241787 -.569976
.224578 -.573647
.207266 -.577042
.189862 -.580158
.172372 -.582993
.154806 -.585544
.137171 -.587810
.119478 -.589787
.101733 -.591476
.083947 -.592874
.066128 -.593982
.048284 -.594799
.030424 -.595324
.012557 -.595558
-.005308 -.595502
-.023163 -.595156
-.040998 -.594522
-.058806 -.593600
-.076578 -.592394
-.094305 -.590905
-.111979 -.589135
-.129592 -.587087
-.147135 -.584765
-.164600 -.582171
-.181979 -.579309
-.199265 -.576182
-.216448 -.572796
-.233523 -.569153
-.250481 -.565258
-.267314 -.561116
-.284016 -.556732
-.300579 -.552109
-.316997 -.547255
-.333262 -.542173
-.349368 -.536868
-.365309 -.531347
-.381077 -.525615
-.396668 -.519676
-.412074 -.513538
-.427290 -.507204
-.442310 -.500682
-.457129 -.493976
-.471742 -.487092
-.486143 -.480035
-.500328 -.472812
-.514291 -.465428
-.528027 -.457888
-.541533 -.450197
-.554804 -.442362
-.567835 -.434386
-.580624 -.426276
-.593165 -.418036
-.605455 -.409672
-.617491 -.401187
-.629268 -.392588
-.640785 -.383878
-.652036 -.375062
-.663021 -.366144
-.673735 -.357128
-.684175 -.348019
-.694340 -.338820
-.704226 -.329535
-.713831 -.320168
-.723153 -.310723
-.732189 -.301202
-.740937 -.291609
-.749395 -.281947
-.757562 -.272219
-.765435 -.262428
-.773012 -.252576
-.780292 -.242666
-.787273 -.232701
-.793953 -.222683
-.800332 -.212614
-.806407 -.202496
-.812177 -.192332
-.817640 -.182123
-.822797 -.171872
-.827644 -.161579
-.832181 -.151248
-.836408 -.140879
-.840322 -.130474
-.843923 -.120036
-.847210 -.109564
-.850182 -.099062
-.852838 -.088529
-.855177 -.077969
-.857198 -.067382
-.858901 -.056770
-.860285 -.046134
-.861350 -.035475
-.862093 -.024796
-.862516 -.014098
-.862618 -.003383
-.862397 .007349
-.861855 .018095
-.860989 .028854
-.859800 .039623
-.858288 .050401
-.856453 .061186
-.854293 .071976
-.851810 .082768
-.849004 .093561
-.845873 .104352
-.842419 .115139
-.838641 .125919
-.834541 .136689
-.830117 .147447
-.825371 .158189
-.820304 .168913
-.814916 .179615
-.809207 .190292
-.803179 .200941
-.796832 .211557
-.790168 .222138
-.783187 .232678
-.775892 .243175
-.768284 .253623
-.760363 .264018
-.752132 .274356
-.743593 .284633
-.734748 .294842
-.725599 .304980
-.716147 .315041
-.706397 .325021
-.696349 .334912
-.686008 .344711
-.675376 .354412
-.664455 .364008
-.653251 .373494
-.641765 .382864
-.630001 .392113
-.617964 .401233
-.605658 .410219
-.593086 .419065
-.580253 .427764
-.567164 .436311
-.553823 .444698
-.540235 .452919
-.526406 .460969
-.512341 .468841
-.498045 .476528
-.483524 .484025
-.468784 .491325
-.453832 .498422
-.438672 .505310
-.423313 .511983
-.407760 .518436
-.392020 .524662
-.376100 .530657
-.360008 .536414
-.343750 .541930
-.327334 .547198
-.310768 .552214
-.294058 .556973
-.277214 .561472
-.260243 .565706
-.243153 .569671
-.225952 .573364
-.208649 .576781
-.191251 .579919
-.173768 .582777
-.156207 .585350
-.138578 .587639
-.120889 .589639
-.103148 .591351
-.085365 .592773
-.067548 .593904
-.049706 .594744
-.031847 .595292
-.013981 .595549
.003885 .595516
.021741 .595193
.039578 .594582
.057389 .593683
.075164 .592500
.092895 .591033
.110573 .589285
.128191 .587260
.145740 .584959
.163211 .582387
.180598 .579546
.197891 .576440
.215083 .573074
.232167 .569452
.249134 .565577
.265978 .561454
.282690 .557089
.299265 .552486
.315694 .547649
.331972 .542585
.348091 .537298
.364045 .531794
.379827 .526079
.395432 .520157
.410853 .514034
.426084 .507716
.441121 .501208
.455956 .494516
.470585 .487646
.485003 .480603
.499205 .473393
.513186 .466022
.526941 .458494
.540465 .450815
.553755 .442991
.566806 .435026
.579614 .426927
.592174 .418697
.604485 .410343
.616541 .401868
.628339 .393277
.639876 .384576
.651149 .375768
.662155 .366858
.672891 .357850
.683353 .348748
.693540 .339556
.703448 .330278
.713076 .320918
.722420 .311478
.731479 .301963
.740250 .292376
.748732 .282719
.756922 .272996
.764818 .263210
.772419 .253363
.779722 .243458
.786727 .233497
.793432 .223483
.799834 .213418
.805933 .203304
.811728 .193143
.817216 .182938
.822397 .172690
.827269 .162401
.831831 .152073
.836082 .141707
.840021 .131305
.843647 .120869
.846959 .110400
.849956 .099899
.852637 .089370
.855002 .078811
.857048 .068226
.858777 .057616
.860186 .046982
.861276 .036325
.862046 .025648
.862494 .014951
.862621 .004237
.862426 -.006493
.861909 -.017238
.861069 -.027996
.859906 -.038764
.858420 -.049542
.856610 -.060326
.854477 -.071116
.852020 -.081908
.849239 -.092701
.846134 -.103493
.842706 -.114280
.838954 -.125060
.834879 -.135831
.830481 -.146590
.825761 -.157334
.820719 -.168059
.815356 -.178763
.809673 -.189443
.803670 -.200094
.797349 -.210713
.790710 -.221296
.783755 -.231840
.776485 -.242340
.768901 -.252792
.761005 -.263192
.752799 -.273535
.744285 -.283816
.735464 -.294032
.726338 -.304175
.716911 -.314243
.707184 -.324229
.697160 -.334128
.686842 -.343934
.676233 -.353643
.665336 -.363247
.654153 -.372742
.642690 -.382122
.630948 -.391380
.618933 -.400511
.606648 -.409508
.594097 -.418366
.581284 -.427077
.568215 -.435636
.554894 -.444036
.541326 -.452271
.527516 -.460334
.513469 -.468221
.499192 -.475923
.484689 -.483435
.469966 -.490751
.455030 -.497864
.439887 -.504769
.424543 -.511459
.409006 -.517930
.393280 -.524174
.377375 -.530188
.361296 -.535964
.345051 -.541499
.328647 -.546787
.312092 -.551824
.295394 -.556604
.278561 -.561123
.261599 -.565378
.244518 -.569365
.227326 -.573080
.210030 -.576519
.192640 -.579680
.175163 -.582560
.157609 -.585156
.139985 -.587467
.122300 -.589490
.104563 -.591225
.086783 -.592670
.068968 -.593824
.051128 -.594687
.033270 -.595259
.015404 -.595540
-.002462 -.595530
-.020319 -.595230
-.038158 -.594641
-.055971 -.593765
-.073749 -.592604
-.091484 -.591160
-.109167 -.589435
-.126790 -.587431
-.144345 -.585152
-.161823 -.582601
-.179216 -.579782
-.196517 -.576697
-.213718 -.573352
-.230810 -.569749
-.247787 -.565895
-.264641 -.561792
-.281364 -.557446
-.297950 -.552861
-.314391 -.548043
-.330681 -.542997
-.346813 -.537728
-.362780 -.532241
-.378577 -.526542
-.394196 -.520636
-.409631 -.514529
-.424878 -.508226
-.439930 -.501733
-.454782 -.495056
-.469428 -.488200
-.483863 -.481171
-.498082 -.473974
-.512081 -.466615
-.525854 -.459099
-.539397 -.451432
-.552705 -.443619
-.565775 -.435666
-.578602 -.427577
-.591183 -.419357
-.603514 -.411013
-.615590 -.402547
-.627409 -.393965
-.638967 -.385273
-.650261 -.376473
-.661288 -.367571
-.672046 -.358571
-.682530 -.349476
-.692739 -.340291
-.702669 -.331020
-.712319 -.321666
-.721686 -.312233
-.730768 -.302724
-.739562 -.293142
-.748067 -.283491
-.756280 -.273773
-.764200 -.263992
-.771824 -.254149
-.779152 -.244249
-.786181 -.234292
-.792909 -.224282
-.799336 -.214221
-.805459 -.204111
-.811278 -.193954
-.816790 -.183753
-.821995 -.173508
-.826892 -.163222
-.831479 -.152897
-.835755 -.142534
-.839719 -.132135
-.843370 -.121701
-.846707 -.111235
-.849729 -.100737
-.852435 -.090209
-.854825 -.079653
-.856897 -.069070
-.858651 -.058462
-.860086 -.047830
-.861201 -.037175
-.861996 -.026499
-.862470 -.015804
-.862623 -.005091
-.862454 .005638
-.861962 .016382
-.861148 .027139
-.860011 .037906
-.858551 .048683
-.856767 .059467
-.854659 .070256
-.852227 .081049
-.849472 .091842
-.846393 .102633
-.842991 .113421
-.839264 .124202
-.835215 .134974
-.830843 .145734
-.826149 .156479
-.821133 .167206
-.815795 .177912
-.810138 .188593
-.804160 .199247
-.797864 .209868
-.791250 .220455
-.784320 .231002
-.777075 .241506
-.769516 .251962
-.761645 .262366
-.753464 .272714
-.744974 .283000
-.736177 .293221
-.727076 .303370
-.717673 .313444
-.707970 .323437
-.697970 .333343
-.687675 .343157
-.677089 .352873
-.666214 .362486
-.655054 .371991
-.643613 .381380
-.631893 .390648
-.619900 .399789
-.607636 .408797
-.595106 .417666
-.582314 .426389
-.569265 .434960
-.555964 .443373
-.542416 .451621
-.528625 .459699
-.514597 .467599
-.500337 .475316
-.485852 .482844
-.471147 .490175
-.456228 .497305
-.441101 .504227
-.425773 .510935
-.410250 .517423
-.394539 .523686
-.378648 .529718
-.362583 .535513
-.346350 .541068
-.329959 .546375
-.313416 .551432
-.296729 .556233
-.279906 .560773
-.262955 .565049
-.245883 .569058
-.228699 .572794
-.211411 .576255
-.194028 .579438
-.176558 .582341
-.159009 .584960
-.141390 .587293
-.123710 .589340
-.105977 .591098
-.088200 .592566
-.070388 .593743
-.052549 .594629
-.034692 .595224
-.016827 .595528
.001040 .595541
.018898 .595264
.036739 .594699
.054554 .593846
.072335 .592707
.090074 .591285
.107761 .589582
.125389 .587601
.142950 .585344
.160434 .582815
.177834 .580016
.195143 .576953
.212352 .573628
.229453 .570046
.246440 .566211
.263303 .562128
.280037 .557801
.296634 .553235
.313087 .548435
.329390 .543407
.345534 .538155
.361515 .532686
.377325 .527003
.392958 .521114
.408409 .515022
.423671 .508735
.438739 .502257
.453607 .495594
.468269 .488752
.482721 .481737
.496958 .474553
.510974 .467207
.524765 .459703
.538327 .452048
.551654 .444247
.564743 .436304
.577590 .428226
.590191 .420017
.602541 .411682
.614638 .403225
.626477 .394653
.638056 .385969
.649372 .377178
.660420 .368284
.671199 .359291
.681705 .350204
.691936 .341026
.701889 .331762
.711561 .322414
.720951 .312987
.730055 .303484
.738872 .293908
.747400 .284262
.755637 .274549
.763580 .264773
.771228 .254935
.778579 .245039
.785632 .235087
.792384 .225081
.798835 .215024
.804983 .204918
.810826 .194765
.816363 .184567
.821592 .174325
.826514 .164043
.831125 .153720
.835426 .143360
.839415 .132964
.843091 .122533
.846453 .112069
.849500 .101574
.852232 .091049
.854646 .080495
.856744 .069914
.858523 .059308
.859983 .048677
.861124 .038024
.861945 .027350
.862444 .016656
.862623 .005945
.862479 -.004783
.862013 -.015526
.861225 -.026282
.860113 -.037049
.858679 -.047825
.856921 -.058608
.854839 -.069397
.852433 -.080189
.849703 -.090982
.846650 -.101774
.843273 -.112562
.839573 -.123344
.835550 -.134117
.831203 -.144878
.826535 -.155624
.821544 -.166353
.816232 -.177060
.810600 -.187744
.804648 -.198399
.798377 -.209024
.791789 -.219613
.784884 -.230164
.777664 -.240671
.770130 -.251131
.762284 -.261539
.754127 -.271892
.745661 -.282183
.736889 -.292409
.727812 -.302565
.718433 -.312645
.708753 -.322644
.698777 -.332557
.688505 -.342379
.677942 -.352103
.667091 -.361725
.655953 -.371238
.644534 -.380636
.632837 -.389914
.620865 -.399066
.608622 -.408085
.596113 -.416965
.583342 -.425700
.570314 -.434283
.557033 -.442709
.543504 -.450971
.529732 -.459062
.515722 -.466977
.501481 -.474709
.487014 -.482251
.472326 -.489599
.457423 -.496745
.442313 -.503683
.427001 -.510408
.411493 -.516914
.395797 -.523195
.379920 -.529246
.363868 -.535061
.347649 -.540634
.331270 -.545962
.314739 -.551039
.298063 -.555860
.281251 -.560421
.264309 -.564719
.247247 -.568748
.230071 -.572506
.212792 -.575990
.195416 -.579195
.177952 -.582120
.160409 -.584762
.142796 -.587118
.125120 -.589188
.107391 -.590968
.089617 -.592460
.071808 -.593660
.053970 -.594570
.036115 -.595188
.018249 -.595515
.000383 -.595551
-.017476 -.595297
-.035319 -.594754
-.053136 -.593924
-.070921 -.592808
-.088663 -.591409
-.106355 -.589728
-.123988 -.587769
-.141554 -.585534
-.159045 -.583026
-.176452 -.580249
-.193768 -.577206
-.210985 -.573902
-.228096 -.570340
-.245091 -.566525
-.261965 -.562462
-.278710 -.558154
-.295318 -.553607
-.311783 -.548826
-.328097 -.543816
-.344255 -.538582
-.360249 -.533129
-.376072 -.527463
-.391720 -.521590
-.407186 -.515515
-.422463 -.509243
-.437546 -.502780
-.452430 -.496132
-.467109 -.489304
-.481578 -.482302
-.495832 -.475131
-.509866 -.467798
-.523675 -.460306
-.537255 -.452663
-.550602 -.444873
-.563710 -.436942
-.576576 -.428874
-.589196 -.420675
-.601567 -.412350
-.613684 -.403903
-.625544 -.395340
-.637144 -.386664
-.648480 -.377882
-.659550 -.368996
-.670351 -.360011
-.680879 -.350931
-.691131 -.341760
-.701106 -.332502
-.710801 -.323161
-.720213 -.313741
-.729341 -.304243
-.738181 -.294673
-.746732 -.285032
-.754992 -.275325
-.762958 -.265554
-.770630 -.255721
-.778005 -.245829
-.785081 -.235882
-.791858 -.225880
-.798332 -.215827
-.804504 -.205725
-.810371 -.195575
-.815933 -.185380
-.821187 -.175142
-.826133 -.164863
-.830769 -.154544
-.835095 -.144187
-.839109 -.133793
-.842810 -.123365
-.846197 -.112904
-.849269 -.102411
-.852026 -.091888
-.854466 -.081336
-.856589 -.070758
-.858393 -.060153
-.859879 -.049525
-.861045 -.038873
-.861891 -.028201
-.862416 -.017509
-.862620 -.006798
-.862502 .003928
-.862062 .014670
-.861300 .025425
-.860214 .036191
-.858805 .046966
-.857072 .057749
-.855016 .068538
-.852636 .079330
-.849933 .090123
-.846905 .100915
-.843554 .111703
-.839880 .122485
-.835882 .133259
-.831561 .144021
-.826918 .154769
-.821953 .165499
-.816667 .176208
-.811060 .186894
-.805134 .197552
-.798888 .208179
-.792325 .218771
-.785445 .229325
-.778250 .239836
-.770741 .250300
-.762920 .260713
-.754788 .271069
-.746347 .281366
-.737599 .291597
-.728546 .301759
-.719191 .311845
-.709535 .321851
-.699582 .331771
-.689334 .341600
-.678794 .351332
-.667965 .360963
-.656851 .370484
-.645454 .379892
-.633778 .389180
-.621828 .398342
-.609607 .407372
-.597119 .416263
-.584369 .425009
-.571361 .433605
-.558099 .442044
-.544590 .450319
-.530837 .458424
-.516847 .466353
-.502624 .474100
-.488174 .481658
-.473503 .489021
-.458618 .496183
-.443524 .503139
-.428227 .509881
-.412735 .516404
-.397054 .522704
-.381191 .528773
-.365153 .534606
-.348947 .540199
-.332580 .545547
-.316061 .550644
-.299396 .555485
-.282594 .560068
-.265663 .564386
-.248610 .568437
-.231443 .572217
-.214171 .575722
-.196803 .578950
-.179346 .581897
-.161809 .584562
-.144201 .586941
-.126530 .589033
-.108805 .590837
-.091034 .592352
-.073227 .593575
-.055392 .594508
-.037537 .595149
-.019672 .595499
-.001805 .595558
.016054 .595328
.033899 .594808
.051719 .594001
.069506 .592908
.087252 .591531
.104948 .589872
.122586 .587935
.140158 .585722
.157655 .583236
.175069 .580480
.192393 .577458
.209618 .574175
.226737 .570633
.243742 .566838
.260626 .562794
.277381 .558506
.294001 .553978
.310477 .549215
.326804 .544223
.342974 .539007
.358981 .533571
.374819 .527922
.390481 .522065
.405961 .516006
.421253 .509749
.436352 .503301
.451252 .496668
.465948 .489854
.480434 .482865
.494705 .475708
.508757 .468387
.522584 .460909
.536182 .453277
.549547 .445499
.562675 .437579
.575560 .429521
.588200 .421333
.600591 .413017
.612728 .404580
.624609 .396026
.636230 .387359
.647587 .378585
.658679 .369707
.669500 .360730
.680050 .351657
.690325 .342494
.700322 .333243
.710040 .323908
.719474 .314494
.728624 .305002
.737488 .295438
.746062 .285803
.754345 .276101
.762335 .266334
.770030 .256506
.777428 .246619
.784529 .236676
.791329 .226678
.797828 .216629
.804024 .206531
.809915 .196385
.815501 .186194
.820780 .175959
.825750 .165683
.830411 .155367
.834762 .145013
.838801 .134622
.842526 .124197
.845939 .113738
.849036 .103248
.851818 .092727
.854283 .082178
.856431 .071601
.858261 .060999
.859772 .050372
.860964 .039722
.861835 .029051
.862386 .018361
.862616 .007652
.862524 -.003074
.862109 -.013814
.861372 -.024568
.860312 -.035333
.858929 -.046108
.857222 -.056890
.855192 -.067679
.852838 -.078470
.850160 -.089263
.847158 -.100055
.843833 -.110844
.840184 -.121627
.836212 -.132402
.831917 -.143165
.827300 -.153913
.822360 -.164645
.817100 -.175356
.811518 -.186044
.805617 -.196704
.799397 -.207334
.792859 -.217929
.786005 -.228486
.778835 -.239001
.771351 -.249468
.763554 -.259885
.755447 -.270247
.747030 -.280548
.738307 -.290785
.729278 -.300952
.719947 -.311045
.710315 -.321057
.700385 -.330984
.690161 -.340821
.679644 -.350561
.668838 -.360200
.657746 -.369730
.646372 -.379147
.634718 -.388445
.622790 -.397617
.610590 -.406657
.598123 -.415560
.585394 -.424318
.572406 -.432926
.559165 -.441378
.545675 -.449666
.531941 -.457785
.517969 -.465728
.503765 -.473490
.489333 -.481063
.474679 -.488442
.459811 -.495620
.444733 -.502592
.429452 -.509352
.413976 -.515893
.398309 -.522210
.382460 -.528298
.366436 -.534151
.350243 -.539763
.333889 -.545130
.317382 -.550247
.300728 -.555109
.283937 -.559712
.267016 -.564052
.249972 -.568125
.232814 -.571926
.215550 -.575453
.198189 -.578703
.180739 -.581673
.163208 -.584360
.145605 -.586762
.127939 -.588877
.110218 -.590704
.092451 -.592242
.074646 -.593488
.056813 -.594444
.038960 -.595109
.021095 -.595482
.003228 -.595564
-.014633 -.595357
-.032478 -.594860
-.050301 -.594076
-.068091 -.593005
-.085840 -.591651
-.103541 -.590015
-.121184 -.588100
-.138761 -.585908
-.156264 -.583443
-.173686 -.580709
-.191017 -.577709
-.208250 -.574446
-.225378 -.570925
-.242392 -.567150
-.259286 -.563125
-.276052 -.558856
-.292682 -.554347
-.309170 -.549603
-.325509 -.544629
-.341692 -.539430
-.357712 -.534012
-.373564 -.528380
-.389240 -.522539
-.404735 -.516495
-.420043 -.510254
-.435157 -.503822
-.450073 -.497203
-.464785 -.490403
-.479288 -.483428
-.493577 -.476284
-.507646 -.468976
-.521491 -.461510
-.535108 -.453891
-.548492 -.446124
-.561638 -.438214
-.574543 -.430168
-.587203 -.421989
-.599613 -.413684
-.611771 -.405256
-.623672 -.396711
-.635314 -.388053
-.646693 -.379287
-.657805 -.370418
-.668649 -.361448
-.679220 -.352383
-.689517 -.343227
-.699536 -.333983
-.709276 -.324655
-.718733 -.315246
-.727906 -.305761
-.736792 -.296202
-.745389 -.286572
-.753696 -.276876
-.761709 -.267114
-.769428 -.257291
-.776850 -.247409
-.783974 -.237470
-.790799 -.227476
-.797321 -.217431
-.803542 -.207337
-.809457 -.197195
-.815068 -.187007
-.820371 -.176776
-.825366 -.166503
-.830052 -.156190
-.834427 -.145839
-.838490 -.135451
-.842241 -.125028
-.845678 -.114572
-.848801 -.104084
-.851608 -.093566
-.854098 -.083019
-.856272 -.072444
-.858127 -.061844
-.859664 -.051219
-.860881 -.040571
-.861778 -.029902
-.862354 -.019213
-.862609 -.008505
-.862543 .002219
-.862154 .012958
-.861443 .023711
-.860408 .034475
-.859051 .045250
-.857370 .056031
-.855365 .066819
-.853037 .077611
-.850385 .088404
-.847409 .099196
-.844110 .109985
-.840486 .120769
-.836540 .131544
-.832271 .142308
-.827679 .153058
-.822765 .163791
-.817530 .174504
-.811974 .185194
-.806099 .195857
-.799904 .206489
-.793392 .217087
-.786562 .227647
-.779417 .238165
-.771958 .248637
-.764186 .259058
-.756104 .269424
-.747712 .279730
-.739013 .289973
-.730008 .300145
-.720701 .310244
-.711093 .320263
-.701187 .330197
-.690986 .340041
-.680492 .349789
-.669709 .359436
-.658640 .368975
-.647288 .378402
-.635656 .387709
-.623750 .396891
-.611571 .405943
-.599126 .414856
-.586417 .423626
-.573450 .432247
-.560228 .440711
-.546758 .449012
-.533044 .457145
-.519090 .465102
-.504904 .472879
-.490490 .480467
-.475854 .487862
-.461003 .495056
-.445941 .502045
-.430677 .508822
-.415215 .515380
-.399564 .521716
-.383729 .527822
-.367718 .533693
-.351539 .539325
-.335197 .544712
-.318702 .549849
-.302060 .554732
-.285279 .559355
-.268368 .563716
-.251333 .567810
-.234184 .571633
-.216929 .575183
-.199575 .578455
-.182132 .581447
-.164607 .584156
-.147010 .586581
-.129348 .588719
-.111631 .590569
-.093867 .592130
-.076065 .593400
-.058234 .594379
-.040382 .595066
-.022518 .595463
-.004651 .595568
.013211 .595384
.031058 .594910
.048882 .594149
.066676 .593101
.084429 .591769
.102133 .590155
.119781 .588262
.137364 .586093
.154873 .583650
.172301 .580937
.189640 .577957
.206882 .574715
.224018 .571214
.241042 .567460
.257945 .563455
.274722 .559205
.291363 .554715
.307863 .549989
.324214 .545033
.340409 .539852
.356443 .534451
.372308 .528836
.387998 .523012
.403508 .516984
.418831 .510759
.433961 .504341
.448893 .497736
.463621 .490951
.478141 .483990
.492447 .476859
.506534 .469564
.520397 .462110
.534032 .454503
.547435 .446747
.560600 .438849
.573524 .430814
.586204 .422645
.598634 .414350
.610812 .405932
.622734 .397396
.634397 .388747
.645796 .379989
.656930 .371128
.667795 .362166
.678388 .353108
.688707 .343959
.698749 .334722
.708511 .325400
.717991 .315998
.727186 .306519
.736095 .296966
.744715 .287342
.753045 .277650
.761082 .267894
.768824 .258075
.776270 .248198
.783418 .238263
.790266 .228274
.796813 .218233
.803057 .208142
.808998 .198004
.814632 .187820
.819960 .177592
.824980 .167322
.829690 .157012
.834090 .146664
.838178 .136279
.841954 .125859
.845416 .115406
.848564 .104920
.851396 .094404
.853912 .083860
.856110 .073287
.857991 .062689
.859553 .052066
.860796 .041420
.861718 .030752
.862320 .020065
.862601 .009359
.862560 -.001364
.862197 -.012103
.861511 -.022854
.860503 -.033618
.859171 -.044391
.857516 -.055173
.855537 -.065960
.853234 -.076751
.850608 -.087544
.847658 -.098337
.844384 -.109126
.840787 -.119910
.836866 -.130686
.832623 -.141451
.828057 -.152203
.823169 -.162937
.817959 -.173652
.812429 -.184344
.806578 -.195009
.800409 -.205643
.793922 -.216244
.787118 -.226807
.779998 -.237329
.772564 -.247805
.764817 -.258230
.756759 -.268601
.748391 -.278912
.739716 -.289159
.730736 -.299338
.721453 -.309443
.711869 -.319468
.701987 -.329409
.691809 -.339261
.681338 -.349017
.670578 -.358672
.659532 -.368220
.648202 -.377655
.636593 -.386973
.624708 -.396165
.612551 -.405227
.600127 -.414152
.587439 -.422933
.574492 -.431566
.561290 -.440042
.547840 -.448357
.534144 -.456503
.520210 -.464475
.506042 -.472266
.491646 -.479870
.477028 -.487280
.462193 -.494491
.447148 -.501496
.431899 -.508290
.416453 -.514866
.400817 -.521219
.384997 -.527344
.369000 -.533234
.352833 -.538885
.336504 -.544292
.320021 -.549449
.303390 -.554352
.286620 -.558997
.269719 -.563379
.252694 -.567494
.235554 -.571339
.218307 -.574910
.200960 -.578204
.183524 -.581219
.166005 -.583951
.148413 -.586399
.130757 -.588560
.113044 -.590433
.095283 -.592016
.077484 -.593309
.059655 -.594311
.041804 -.595022
.023941 -.595442
.006074 -.595571
-.011789 -.595409
-.029638 -.594958
-.047464 -.594220
-.065260 -.593195
-.083017 -.591885
-.100725 -.590294
-.118378 -.588423
-.135966 -.586275
-.153482 -.583854
-.170917 -.581162
-.188263 -.578204
-.205512 -.574983
-.222657 -.571503
-.239690 -.567768
-.256604 -.563783
-.273391 -.559552
-.290043 -.555081
-.306554 -.550374
-.322917 -.545436
-.339125 -.540273
-.355172 -.534889
-.371051 -.529291
-.386755 -.523483
-.402280 -.517471
-.417617 -.511261
-.432763 -.504859
-.447711 -.498269
-.462456 -.491498
-.476993 -.484551
-.491316 -.477433
-.505420 -.470151
-.519301 -.462709
-.532955 -.455114
-.546376 -.447370
-.559560 -.439483
-.572504 -.431458
-.585203 -.423301
-.597654 -.415015
-.609852 -.406607
-.621794 -.398080
-.633477 -.389440
-.644898 -.380691
-.656053 -.371837
-.666940 -.362883
-.677555 -.353833
-.687896 -.344691
-.697959 -.335461
-.707744 -.326146
-.717246 -.316750
-.726464 -.307277
-.735396 -.297729
-.744040 -.288111
-.752392 -.278424
-.760453 -.268673
-.768218 -.258859
-.775688 -.248986
-.782860 -.239056
-.789732 -.229072
-.796303 -.219035
-.802571 -.208948
-.808536 -.198813
-.814195 -.188632
-.819547 -.178408
-.824591 -.168142
-.829326 -.157835
-.833751 -.147490
-.837864 -.137108
-.841665 -.126690
-.845152 -.116239
-.848325 -.105756
-.851182 -.095243
-.853723 -.084700
-.855947 -.074130
-.857853 -.063534
-.859440 -.052913
-.860708 -.042268
-.861656 -.031602
-.862284 -.020916
-.862590 -.010212
-.862575 .000510
-.862238 .011247
-.861578 .021998
-.860595 .032760
-.859289 .043533
-.857659 .054314
-.855706 .065101
-.853430 .075892
-.850829 .086685
-.847905 .097477
-.844657 .108267
-.841085 .119052
-.837190 .129828
-.832972 .140594
-.828432 .151347
-.823570 .162083
-.818386 .172800
-.812881 .183493
-.807056 .194160
-.800912 .204798
-.794450 .215401
-.787671 .225968
-.780576 .236493
-.773167 .246972
-.765445 .257402
-.757412 .267777
-.749069 .278093
-.740418 .288346
-.731463 .298530
-.722203 .308641
-.712643 .318673
-.702785 .328621
-.692630 .338479
-.682183 .348243
-.671446 .357907
-.660422 .367463
-.649115 .376908
-.637527 .386235
-.625664 .395438
-.613529 .404510
-.601126 .413446
-.588458 .422239
-.575532 .430884
-.562351 .439373
-.548920 .447701
-.535244 .455861
-.521329 .463847
-.507179 .471652
-.492801 .479271
-.478200 .486697
-.463382 .493924
-.448354 .500946
-.433121 .507757
-.417691 .514351
-.402069 .520722
-.386263 .526865
-.370280 .532774
-.354126 .538444
-.337810 .543870
-.321339 .549048
-.304720 .553971
-.287961 .558637
-.271069 .563040
-.254054 .567176
-.236923 .571043
-.219684 .574636
-.202345 .577952
-.184916 .580989
-.167403 .583744
-.149817 .586214
-.132165 .588398
-.114456 .590294
-.096699 .591901
-.078903 .593217
-.061075 .594242
-.043226 .594976
-.025363 .595419
-.007496 .595571
.010367 .595433
.028217 .595005
.046046 .594289
.063844 .593287
.081604 .592000
.099317 .590431
.116975 .588582
.134568 .586457
.152090 .584057
.169532 .581387
.186885 .578449
.204142 .575249
.221296 .571789
.238338 .568074
.255262 .564109
.272059 .559898
.288722 .555446
.305245 .550757
.321620 .545838
.337841 .540692
.353900 .535326
.369793 .529744
.385511 .523953
.401050 .517957
.416403 .511763
.431564 .505376
.446528 .498800
.461290 .492043
.475843 .485110
.490183 .478006
.504305 .470737
.518204 .463308
.531876 .455724
.545316 .447992
.558519 .440116
.571482 .432102
.584201 .423955
.596671 .415679
.608890 .407281
.620853 .398763
.632557 .390132
.643998 .381391
.655175 .372546
.666083 .363600
.676719 .354557
.687082 .345422
.697168 .336199
.706975 .326890
.716500 .317501
.725741 .308034
.734696 .298492
.743362 .288879
.751738 .279198
.759821 .269452
.767611 .259643
.775104 .249775
.782300 .239849
.789196 .229869
.795791 .219836
.802083 .209753
.808072 .199622
.813755 .189445
.819132 .179224
.824201 .168961
.828960 .158657
.833410 .148315
.837548 .137936
.841374 .127521
.844886 .117073
.848084 .106592
.850966 .096081
.853532 .085541
.855781 .074973
.857713 .064378
.859326 .053759
.860619 .043117
.861593 .032453
.862246 .021768
.862578 .011065
.862588 .000344
.862276 -.010391
.861642 -.021141
.860685 -.031903
.859405 -.042675
.857801 -.053455
.855874 -.064242
.853623 -.075032
.851048 -.085825
.848149 -.096618
.844927 -.107408
.841381 -.118193
.837512 -.128971
.833320 -.139738
.828805 -.150491
.823969 -.161229
.818810 -.171947
.813331 -.182642
.807532 -.193312
.801413 -.203952
.794976 -.214558
.788222 -.225128
.781153 -.235656
.773769 -.246139
.766071 -.256573
.758063 -.266953
.749745 -.277274
.741119 -.287532
.732187 -.297722
.722952 -.307838
.713415 -.317877
.703581 -.327832
.693450 -.337698
.683025 -.347469
.672311 -.357141
.661310 -.366706
.650025 -.376160
.638460 -.385497
.626619 -.394710
.614505 -.403793
.602123 -.412740
.589477 -.421545
.576571 -.430201
.563410 -.438703
.549998 -.447044
.536342 -.455218
.522445 -.463218
.508314 -.471038
.493954 -.478672
.479371 -.486113
.464570 -.493356
.449558 -.500394
.434341 -.507222
.418926 -.513834
.403320 -.520223
.387528 -.526384
.371559 -.532312
.355419 -.538002
.339115 -.543447
.322656 -.548645
.306048 -.553588
.289300 -.558275
.272419 -.562699
.255413 -.566857
.238291 -.570745
.221060 -.574360
.203729 -.577698
.186307 -.580758
.168801 -.583535
.151220 -.586028
.133573 -.588235
.115868 -.590154
.098115 -.591783
.080321 -.593123
.062496 -.594171
.044648 -.594929
.026786 -.595395
.008919 -.595570
-.008945 -.595454
-.026796 -.595049
-.044627 -.594357
-.062428 -.593377
-.080191 -.592113
-.097908 -.590566
-.115571 -.588740
-.133170 -.586636
-.150697 -.584258
-.168146 -.581609
-.185507 -.578693
-.202772 -.575513
-.219934 -.572074
-.236986 -.568379
-.253919 -.564434
-.270726 -.560242
-.287400 -.555809
-.303934 -.551139
-.320321 -.546238
-.336555 -.541110
-.352628 -.535761
-.368533 -.530197
-.384266 -.524422
-.399819 -.518442
-.415187 -.512264
-.430364 -.505891
-.445344 -.499331
-.460122 -.492588
-.474692 -.485668
-.489049 -.478578
-.503189 -.471321
-.517106 -.463905
-.530796 -.456334
-.544254 -.448613
-.557477 -.440749
-.570459 -.432746
-.583197 -.424609
-.595688 -.416343
-.607926 -.407954
-.619910 -.399446
-.631634 -.390823
-.643097 -.382091
-.654295 -.373254
-.665224 -.364316
-.675882 -.355281
-.686267 -.346153
-.696375 -.336936
-.706204 -.327635
-.715752 -.318252
-.725015 -.308790
-.733993 -.299254
-.742682 -.289647
-.751082 -.279971
-.759189 -.270230
-.767001 -.260426
-.774518 -.250563
-.781737 -.240641
-.788657 -.230665
-.795277 -.220637
-.801593 -.210558
-.807606 -.200430
-.813314 -.190257
-.818715 -.180039
-.823808 -.169779
-.828593 -.159479
-.833067 -.149140
-.837230 -.138763
-.841080 -.128352
-.844618 -.117906
-.847840 -.107428
-.850748 -.096919
-.853339 -.086381
-.855614 -.075815
-.857571 -.065223
-.859209 -.054606
-.860528 -.043965
-.861527 -.033303
-.862205 -.022620
-.862563 -.011918
-.862599 -.001199
-.862313 .009536
-.861704 .020285
-.860773 .031046
-.859518 .041817
-.857941 .052596
-.856039 .063383
-.853814 .074173
-.851265 .084966
-.848392 .095759
-.845196 .106549
-.841676 .117335
-.837832 .128113
-.833666 .138881
-.829177 .149636
-.824366 .160374
-.819233 .171094
-.813779 .181792
-.808005 .192463
-.801912 .203106
-.795500 .213715
-.788772 .224288
-.781727 .234819
-.774368 .245306
-.766696 .255744
-.758712 .266128
-.750418 .276454
-.741817 .286717
-.732909 .296913
-.723698 .307036
-.714186 .317080
-.704375 .327042
-.694267 .336916
-.683866 .346695
-.673175 .356374
-.662197 .365949
-.650934 .375412
-.639391 .384758
-.627572 .393981
-.615480 .403074
-.603119 .412032
-.590493 .420849
-.577608 .429517
-.564467 .438032
-.551075 .446386
-.537438 .454573
-.523561 .462587
-.509448 .470422
-.495106 .478071
-.480540 .485528
-.465756 .492787
-.450761 .499842
-.435561 .506686
-.420161 .513315
-.404569 .519722
-.388792 .525902
-.372837 .531849
-.356710 .537557
-.340419 .543023
-.323972 .548240
-.307376 .553204
-.290639 .557911
-.273768 .562356
-.256772 .566535
-.239659 .570445
-.222436 .574082
-.205113 .577443
-.187697 .580524
-.170198 .583324
-.152622 .585840
-.134980 .588070
-.117280 .590011
-.099530 .591664
-.081739 .593027
-.063916 .594099
-.046070 .594879
-.028209 .595368
-.010342 .595566
.007522 .595474
.025375 .595092
.043208 .594422
.061012 .593465
.078779 .592224
.096500 .590700
.114166 .588895
.131771 .586814
.149305 .584457
.166759 .581830
.184127 .578935
.201401 .575776
.218571 .572357
.235632 .568683
.252575 .564757
.269392 .560585
.286077 .556171
.302623 .551520
.319022 .546637
.335268 .541527
.351354 .536195
.367273 .530648
.383020 .524889
.398588 .518926
.413970 .512763
.429163 .506406
.444158 .499860
.458952 .493132
.473539 .486226
.487914 .479149
.502071 .471905
.516006 .464501
.529714 .456942
.543191 .449233
.556432 .441380
.569434 .433388
.582192 .425261
.594702 .417006
.606961 .408626
.618965 .400127
.630710 .391514
.642194 .382790
.653413 .373961
.664364 .365031
.675044 .356004
.685450 .346883
.695580 .337673
.705432 .328378
.715002 .319002
.724288 .309547
.733289 .300016
.742001 .290415
.750423 .280744
.758554 .271008
.766390 .261209
.773931 .251350
.781174 .241434
.788117 .231462
.794760 .221437
.801101 .211362
.807138 .201238
.812871 .191069
.818296 .180855
.823414 .170598
.828223 .160301
.832722 .149964
.836910 .139591
.840785 .129182
.844347 .118739
.847595 .108264
.850528 .097757
.853145 .087221
.855444 .076658
.857426 .066067
.859090 .055452
.860434 .044813
.861459 .034152
.862163 .023471
.862546 .012771
.862608 .002053
.862347 -.008681
.861765 -.019428
.860859 -.030188
.859630 -.040959
.858078 -.051738
.856202 -.062523
.854003 -.073314
.851480 -.084106
.848633 -.094899
.845462 -.105690
.841968 -.116476
.838150 -.127255
.834009 -.138024
.829546 -.148780
.824760 -.159520
.819653 -.170241
.814225 -.180941
.808477 -.191614
.802409 -.202259
.796023 -.212871
.789319 -.223447
.782300 -.233982
.774966 -.244473
.767318 -.254915
.759359 -.265303
.751090 -.275634
.742513 -.285903
.733630 -.296104
.724443 -.306232
.714954 -.316284
.705167 -.326252
.695083 -.336133
.684705 -.345920
.674037 -.355607
.663081 -.365190
.651841 -.374662
.640321 -.384018
.628523 -.393251
.616453 -.402355
.604113 -.411324
.591508 -.420152
.578643 -.428833
.565523 -.437360
.552151 -.445727
.538533 -.453927
.524674 -.461955
.510580 -.469804
.496256 -.477468
.481708 -.484941
.466941 -.492216
.451963 -.499287
.436778 -.506149
.421395 -.512795
.405818 -.519220
.390055 -.525418
.374114 -.531384
.358000 -.537112
.341723 -.542597
.325288 -.547834
.308703 -.552818
.291977 -.557546
.275116 -.562012
.258130 -.566212
.241026 -.570144
.223812 -.573803
.206496 -.577185
.189087 -.580289
.171594 -.583112
.154024 -.585650
.136387 -.587902
.118691 -.589867
.100945 -.591543
.083157 -.592929
.065336 -.594024
.047492 -.594828
.029631 -.595340
.011765 -.595561
-.006100 -.595492
-.023954 -.595133
-.041789 -.594486
-.059595 -.593552
-.077365 -.592333
-.095090 -.590831
-.112762 -.589049
-.130371 -.586989
-.147911 -.584655
-.165372 -.582049
-.182748 -.579175
-.200029 -.576037
-.217208 -.572639
-.234278 -.568985
-.251230 -.565079
-.268058 -.560926
-.284754 -.556531
-.301311 -.551899
-.317722 -.547034
-.333980 -.541942
-.350079 -.536628
-.366012 -.531097
-.381772 -.525355
-.397355 -.519408
-.412752 -.513261
-.427960 -.506919
-.442972 -.500388
-.457782 -.493674
-.472385 -.486782
-.486777 -.479718
-.500951 -.472488
-.514904 -.465097
-.528631 -.457550
-.542126 -.449853
-.555387 -.442011
-.568408 -.434029
-.581185 -.425913
-.593715 -.417668
-.605994 -.409298
-.618018 -.400808
-.629784 -.392204
-.641289 -.383489
-.652529 -.374668
-.663501 -.365746
-.674203 -.356726
-.684632 -.347613
-.694784 -.338410
-.704658 -.329122
-.714250 -.319751
-.723559 -.310302
-.732582 -.300778
-.741318 -.291182
-.749763 -.281517
-.757917 -.271786
-.765777 -.261992
-.773341 -.252137
-.780608 -.242225
-.787575 -.232258
-.794243 -.222237
-.800608 -.212166
-.806669 -.202046
-.812425 -.191880
-.817875 -.181669
-.823018 -.171416
-.827852 -.161122
-.832375 -.150789
-.836588 -.140418
-.840488 -.130012
-.844075 -.119572
-.847348 -.109099
-.850306 -.098595
-.852948 -.088062
-.855273 -.077500
-.857280 -.066912
-.858969 -.056298
-.860339 -.045661
-.861389 -.035002
-.862119 -.024322
-.862528 -.013623
-.862615 -.002907
-.862380 .007825
-.861823 .018572
-.860943 .029331
-.859740 .040101
-.858213 .050879
-.856364 .061664
-.854190 .072454
-.851693 .083247
-.848871 .094040
-.845726 .104831
-.842258 .115617
-.838466 .126397
-.834351 .137167
-.829913 .147924
-.825153 .158665
-.820072 .169388
-.814669 .180090
-.808946 .190766
-.802904 .201413
-.796543 .212028
-.789865 .222606
-.782870 .233145
-.775561 .243639
-.767939 .254085
-.760004 .264478
-.751760 .274814
-.743207 .285087
-.734348 .295294
-.725185 .305428
-.715721 .315486
-.705957 .325461
-.695897 .335349
-.685542 .345144
-.674897 .354840
-.663964 .364431
-.652747 .373912
-.641248 .383277
-.629473 .392520
-.617424 .401635
-.605105 .410615
-.592522 .419454
-.579677 .428147
-.566577 .436686
-.553225 .445066
-.539626 .453280
-.525787 .461322
-.511711 .469186
-.497405 .476865
-.482875 .484353
-.468125 .491644
-.453163 .498732
-.437995 .505611
-.422627 .512274
-.407065 .518717
-.391317 .524933
-.375390 .530917
-.359290 .536664
-.343025 .542169
-.326602 .547426
-.310029 .552431
-.293314 .557179
-.276464 .561666
-.259487 .565888
-.242392 .569841
-.225186 .573521
-.207878 .576926
-.190477 .580052
-.172990 .582897
-.155426 .585458
-.137794 .587734
-.120103 .589721
-.102360 .591420
-.084575 .592829
-.066757 .593947
-.048913 .594774
-.031054 .595310
-.013187 .595554
.004678 .595508
.022533 .595172
.040369 .594548
.058179 .593637
.075952 .592441
.093681 .590961
.111357 .589201
.128972 .587164
.146517 .584851
.163985 .582266
.181367 .579414
.198656 .576297
.215844 .572919
.232922 .569285
.249884 .565399
.266722 .561266
.283429 .556890
.299997 .552276
.316420 .547430
.332691 .542355
.348803 .537059
.364749 .531545
.380524 .525820
.396120 .519889
.411533 .513757
.426756 .507431
.441783 .500915
.456610 .494215
.471230 .487337
.485639 .480287
.499831 .473070
.513801 .465691
.527546 .458156
.541060 .450471
.554339 .442640
.567380 .434670
.580177 .426564
.592726 .418329
.605025 .409969
.617070 .401489
.628857 .392893
.640383 .384187
.651644 .375374
.662638 .366460
.673361 .357448
.683811 .348342
.693986 .339146
.703882 .329864
.713497 .320500
.722828 .311057
.731874 .301539
.740633 .291949
.749102 .282289
.757278 .272563
.765162 .262774
.772749 .252924
.780040 .243017
.787032 .233053
.793723 .223037
.800112 .212970
.806197 .202854
.811978 .192691
.817453 .182484
.822620 .172234
.827478 .161943
.832026 .151613
.836264 .141246
.840189 .130842
.843801 .120405
.847099 .109934
.850082 .099433
.852749 .088901
.855099 .078342
.857132 .067756
.858846 .057144
.860242 .046509
.861317 .035852
.862072 .025174
.862507 .014476
.862620 .003761
.862410 -.006970
.861879 -.017716
.861025 -.028474
.859848 -.039243
.858347 -.050020
.856523 -.060805
.854375 -.071595
.851903 -.082387
.849108 -.093180
.845989 -.103972
.842546 -.114759
.838780 -.125539
.834691 -.136309
.830278 -.147068
.825544 -.157811
.820488 -.168535
.815111 -.179238
.809413 -.189916
.803396 -.200566
.797061 -.211184
.790408 -.221765
.783439 -.232307
.776155 -.242805
.768557 -.253255
.760647 -.263653
.752428 -.273993
.743899 -.284272
.735065 -.294484
.725926 -.304624
.716486 -.314688
.706746 -.324670
.696709 -.334565
.686378 -.344367
.675755 -.354071
.664845 -.363671
.653650 -.373162
.642174 -.382536
.630421 -.391789
.618393 -.400914
.606096 -.409905
.593533 -.418756
.580710 -.427460
.567629 -.436012
.554297 -.444405
.540718 -.452633
.526897 -.460689
.512840 -.468567
.498553 -.476260
.484040 -.483764
.469308 -.491071
.454362 -.498175
.439210 -.505071
.423858 -.511752
.408311 -.518212
.392578 -.524447
.376664 -.530449
.360578 -.536216
.344326 -.541739
.327915 -.547016
.311354 -.552041
.294650 -.556810
.277810 -.561318
.260843 -.565561
.243757 -.569536
.226560 -.573238
.209260 -.576665
.191866 -.579814
.174385 -.582681
.156827 -.585265
.139201 -.587563
.121513 -.589574
.103774 -.591296
.085993 -.592728
.068177 -.593869
.050335 -.594719
.032477 -.595278
.014610 -.595545
-.003255 -.595522
-.021112 -.595210
-.038950 -.594608
-.056762 -.593720
-.074538 -.592546
-.092271 -.591089
-.109951 -.589352
-.127571 -.587336
-.145123 -.585045
-.162597 -.582482
-.179987 -.579651
-.197283 -.576554
-.214479 -.573197
-.231567 -.569584
-.248538 -.565718
-.265386 -.561604
-.282104 -.557247
-.298683 -.552652
-.315118 -.547824
-.331401 -.542768
-.347526 -.537489
-.363485 -.531992
-.379274 -.526284
-.394885 -.520369
-.410313 -.514253
-.425551 -.507942
-.440594 -.501441
-.455437 -.494755
-.470073 -.487891
-.484499 -.480855
-.498709 -.473650
-.512697 -.466284
-.526460 -.458762
-.539993 -.451088
-.553291 -.443269
-.566350 -.435310
-.579166 -.427215
-.591736 -.418990
-.604055 -.410639
-.616120 -.402168
-.627928 -.393582
-.639474 -.384884
-.650757 -.376080
