.209252 -.006237
.208903 -.011656
.208415 -.016263
.207813 -.020067
.207120 -.023079
.206361 -.025308
.205558 -.026766
.204734 -.027464
.203912 -.027416
.203113 -.026635
.202359 -.025135
.201671 -.022931
.201070 -.020039
.200575 -.016475
.200208 -.012256
.199986 -.007400
.199928 -.001924
.200053 .004153
.200377 .010811
.200918 .018030
.201692 .025792
.202714 .034075
.203999 .042857
.205563 .052119
.207418 .061838
.209578 .071992
.212055 .082558
.214860 .093514
.218005 .104838
.221500 .116506
.225355 .128495
.229579 .140781
.234179 .153341
.239163 .166152
.244539 .179189
.250312 .192430
.256488 .205850
.263070 .219426
.270064 .233135
.277473 .246952
.285299 .260855
.293543 .274820
.302208 .288824
.311293 .302846
.320799 .316861
.330725 .330848
.341068 .344785
.351828 .358650
.363000 .372423
.374583 .386082
.386571 .399607
.398960 .412979
.411746 .426177
.424921 .439183
.438481 .451978
.452417 .464545
.466723 .476866
.481391 .488925
.496412 .500706
.511778 .512193
.527479 .523371
.543506 .534228
.559848 .544748
.576496 .554921
.593438 .564733
.610663 .574173
.628160 .583232
.645917 .591899
.663922 .600166
.682162 .608024
.700626 .615466
.719301 .622484
.738173 .629074
.757230 .635229
.776458 .640945
.795845 .646218
.815376 .651044
.835039 .655422
.854819 .659349
.874704 .662824
.894679 .665845
.914732 .668414
.934848 .670530
.955014 .672193
.975216 .673406
.995441 .674170
1.015675 .674488
1.035906 .674361
1.056120 .673794
1.076304 .672788
1.096444 .671349
1.116529 .669479
1.136544 .667182
1.156478 .664464
1.176318 .661328
1.196051 .657779
1.215666 .653822
1.235150 .649460
1.254491 .644700
1.273677 .639546
1.292697 .634002
1.311539 .628073
1.330192 .621764
1.348645 .615079
1.366885 .608023
1.384903 .600600
1.402688 .592813
1.420228 .584668
1.437513 .576167
1.454532 .567314
1.471276 .558113
1.487733 .548566
1.503893 .538677
1.519746 .528447
1.535283 .517879
1.550492 .506975
1.565364 .495737
1.579889 .484166
1.594057 .472263
1.607858 .460030
1.621282 .447467
1.634319 .434574
1.646960 .421352
1.659194 .407800
1.671011 .393917
1.682402 .379704
1.693357 .365159
1.703865 .350281
1.713917 .335069
1.723503 .319521
1.732612 .303635
1.741234 .287410
1.749360 .270843
1.756978 .253932
1.764078 .236675
1.770650 .219069
1.776683 .201112
1.782167 .182801
1.787091 .164133
1.791445 .145106
1.795216 .125716
1.798395 .105961
1.800970 .085839
1.802930 .065346
1.804265 .044481
1.804962 .023241
1.805011 .001623
1.804400 -.020374
1.803117 -.042752
1.801152 -.065513
1.798492 -.088657
1.795126 -.112186
1.791043 -.136101
1.786231 -.160401
1.780679 -.185085
1.774374 -.210154
1.767306 -.235604
1.759463 -.261436
1.750834 -.287644
1.741407 -.314227
1.731171 -.341180
1.720116 -.368497
1.708231 -.396172
1.695505 -.424200
1.681928 -.452571
1.667490 -.481276
1.652181 -.510305
1.635991 -.539647
1.618913 -.569289
1.600936 -.599217
1.582054 -.629414
1.562258 -.659865
1.541541 -.690550
1.519898 -.721448
1.497322 -.752539
1.473808 -.783799
1.449352 -.815200
1.423950 -.846718
1.397601 -.878321
1.370301 -.909979
1.342051 -.941659
1.312852 -.973326
1.282703 -1.004943
1.251609 -1.036470
1.219573 -1.067868
1.186600 -1.099092
1.152697 -1.130100
1.117872 -1.160844
1.082134 -1.191277
1.045493 -1.221350
1.007963 -1.251011
.969557 -1.280211
.930290 -1.308894
.890180 -1.337010
.849244 -1.364502
.807505 -1.391317
.764983 -1.417402
.721702 -1.442701
.677687 -1.467163
.632965 -1.490734
.587564 -1.513364
.541514 -1.535004
.494846 -1.555606
.447592 -1.575125
.399786 -1.593521
.351464 -1.610753
.302660 -1.626785
.253413 -1.641587
.203759 -1.655131
.153737 -1.667392
.103386 -1.678352
.052747 -1.687996
.001857 -1.696315
-.049242 -1.703304
-.100511 -1.708965
-.151910 -1.713302
-.203400 -1.716327
-.254942 -1.718055
-.306497 -1.718506
-.358028 -1.717706
-.409498 -1.715686
-.460873 -1.712478
-.512116 -1.708122
-.563196 -1.702658
-.614080 -1.696134
-.664738 -1.688597
-.715141 -1.680098
-.765262 -1.670691
-.815075 -1.660432
-.864556 -1.649377
-.913684 -1.637585
-.962437 -1.625115
-1.010798 -1.612027
-1.058749 -1.598379
-1.106276 -1.584232
-1.153366 -1.569645
-1.200006 -1.554675
-1.246187 -1.539380
-1.291902 -1.523815
-1.337143 -1.508035
-1.381906 -1.492092
-1.426187 -1.476036
-1.469984 -1.459915
-1.513297 -1.443778
-1.556127 -1.427666
-1.598476 -1.411623
-1.640347 -1.395687
-1.681744 -1.379895
-1.722672 -1.364283
-1.763138 -1.348883
-1.803150 -1.333724
-1.842715 -1.318835
-1.881842 -1.304240
-1.920541 -1.289963
-1.958822 -1.276024
-1.996695 -1.262443
-2.034172 -1.249237
-2.071265 -1.236421
-2.107985 -1.224007
-2.144346 -1.212008
-2.180359 -1.200433
-2.216037 -1.189290
-2.251395 -1.178586
-2.286445 -1.168327
-2.321200 -1.158517
-2.355675 -1.149159
-2.389883 -1.140254
-2.423837 -1.131803
-2.457551 -1.123806
-2.491039 -1.116262
-2.524314 -1.109168
-2.557389 -1.102523
-2.590279 -1.096323
-2.622996 -1.090563
-2.655553 -1.085240
-2.687964 -1.080347
-2.720240 -1.075879
-2.752395 -1.071830
-2.784441 -1.068193
-2.816389 -1.064961
-2.848253 -1.062127
-2.880044 -1.059683
-2.911772 -1.057622
-2.943450 -1.055934
-2.975089 -1.054611
-3.006698 -1.053644
-3.038289 -1.053025
-3.069871 -1.052743
-3.101455 -1.052789
-3.133049 -1.053154
-3.164664 -1.053826
-3.196308 -1.054795
-3.227990 -1.056051
-3.259717 -1.057583
-3.291498 -1.059380
-3.323341 -1.061429
-3.355253 -1.063719
-3.387240 -1.066238
-3.419309 -1.068973
-3.451467 -1.071912
-3.483718 -1.075040
-3.516068 -1.078345
-3.548523 -1.081812
-3.581085 -1.085426
-3.613761 -1.089174
-3.646552 -1.093039
-3.679462 -1.097005
-3.712494 -1.101056
-3.745649 -1.105175
-3.778929 -1.109345
-3.812336 -1.113548
-3.845869 -1.117765
-3.879528 -1.121977
-3.913313 -1.126165
-3.947222 -1.130308
-3.981254 -1.134387
-4.015405 -1.138378
-4.049673 -1.142262
-4.084053 -1.146015
-4.118542 -1.149615
-4.153133 -1.153039
-4.187821 -1.156263
-4.222599 -1.159263
-4.257459 -1.162015
-4.292394 -1.164493
-4.327394 -1.166674
-4.362450 -1.168533
-4.397551 -1.170042
-4.432687 -1.171179
-4.467844 -1.171916
-4.503011 -1.172229
-4.538174 -1.172093
-4.573318 -1.171483
-4.608430 -1.170375
-4.643492 -1.168744
-4.678489 -1.166567
-4.713404 -1.163821
-4.748218 -1.160484
-4.782914 -1.156536
-4.817473 -1.151954
-4.851874 -1.146721
-4.886099 -1.140819
-4.920126 -1.134230
-4.953934 -1.126938
-4.987502 -1.118931
-5.020808 -1.110195
-5.053829 -1.100720
-5.086544 -1.090495
-5.118930 -1.079515
-5.150963 -1.067773
-5.182621 -1.055266
-5.213881 -1.041991
-5.244719 -1.027950
-5.275113 -1.013143
-5.305041 -.997575
-5.334478 -.981252
-5.363404 -.964183
-5.391795 -.946377
-5.419630 -.927846
-5.446889 -.908605
-5.473549 -.888669
-5.499590 -.868055
-5.524994 -.846785
-5.549740 -.824877
-5.573811 -.802356
-5.597188 -.779246
-5.619855 -.755572
-5.641796 -.731362
-5.662996 -.706645
-5.683439 -.681450
-5.703113 -.655807
-5.722006 -.629750
-5.740105 -.603310
-5.757401 -.576522
-5.773883 -.549419
-5.789544 -.522037
-5.804377 -.494411
-5.818374 -.466576
-5.831531 -.438570
-5.843844 -.410428
-5.855310 -.382186
-5.865926 -.353883
-5.875693 -.325553
-5.884610 -.297234
-5.892679 -.268962
-5.899902 -.240774
-5.906283 -.212704
-5.911827 -.184788
-5.916538 -.157062
-5.920425 -.129559
-5.923495 -.102313
-5.925755 -.075359
-5.927217 -.048728
-5.927891 -.022453
-5.927788 .003436
-5.926920 .028907
-5.925303 .053932
-5.922948 .078481
-5.919872 .102527
-5.916091 .126042
-5.911621 .149001
-5.906480 .171379
-5.900685 .193152
-5.894256 .214296
-5.887212 .234790
-5.879574 .254613
-5.871362 .273745
-5.862597 .292168
-5.853301 .309864
-5.843496 .326817
-5.833206 .343011
-5.822453 .358433
-5.811261 .373069
-5.799654 .386908
-5.787655 .399940
-5.775291 .412154
-5.762585 .423543
-5.749562 .434099
-5.736247 .443816
-5.722666 .452690
-5.708845 .460716
-5.694808 .467892
-5.680582 .474217
-5.666191 .479689
-5.651662 .484310
-5.637019 .488079
-5.622289 .491001
-5.607497 .493077
-5.592668 .494312
-5.577826 .494711
-5.562998 .494279
-5.548207 .493023
-5.533479 .490951
-5.518837 .488070
-5.504305 .484388
-5.489908 .479914
-5.475668 .474659
-5.461609 .468632
-5.447754 .461844
-5.434124 .454305
-5.420744 .446028
-5.407633 .437023
-5.394814 .427304
-5.382307 .416881
-5.370134 .405768
-5.358315 .393977
-5.346869 .381521
-5.335817 .368413
-5.325177 .354666
-5.314968 .340294
-5.305209 .325310
-5.295917 .309727
-5.287110 .293558
-5.278806 .276817
-5.271020 .259517
-5.263770 .241672
-5.257071 .223296
-5.250939 .204402
-5.245389 .185003
-5.240436 .165114
-5.236093 .144748
-5.232376 .123918
-5.229297 .102638
-5.226869 .080924
-5.225105 .058787
-5.224018 .036243
-5.223619 .013306
-5.223919 -.010009
-5.224930 -.033689
-5.226661 -.057717
-5.229124 -.082079
-5.232326 -.106759
-5.236279 -.131741
-5.240989 -.157009
-5.246465 -.182546
-5.252715 -.208336
-5.259746 -.234360
-5.267564 -.260600
-5.276175 -.287039
-5.285585 -.313656
-5.295798 -.340432
-5.306818 -.367346
-5.318650 -.394379
-5.331295 -.421507
-5.344756 -.448708
-5.359035 -.475960
-5.374132 -.503238
-5.390048 -.530518
-5.406781 -.557775
-5.424330 -.584982
-5.442694 -.612113
-5.461868 -.639141
-5.481849 -.666038
-5.502632 -.692774
-5.524212 -.719320
-5.546581 -.745647
-5.569733 -.771724
-5.593659 -.797520
-5.618349 -.823003
-5.643793 -.848143
-5.669980 -.872907
-5.696898 -.897263
-5.724533 -.921179
-5.752872 -.944623
-5.781899 -.967564
-5.811598 -.989970
-5.841952 -1.011809
-5.872944 -1.033052
-5.904554 -1.053668
-5.936763 -1.073629
-5.969550 -1.092906
-6.002894 -1.111473
-6.036773 -1.129303
-6.071164 -1.146374
-6.106044 -1.162661
-6.141389 -1.178144
-6.177173 -1.192804
-6.213371 -1.206624
-6.249959 -1.219587
-6.286910 -1.231682
-.041011 -1.242897
-.078608 -1.253223
-.116487 -1.262654
-.154623 -1.271187
-.192988 -1.278819
-.231554 -1.285552
-.270296 -1.291389
-.309186 -1.296336
-.348198 -1.300401
-.387306 -1.303595
-.426484 -1.305930
-.465706 -1.307422
-.504949 -1.308087
-.544187 -1.307945
-.583398 -1.307016
-.622558 -1.305324
-.661644 -1.302892
-.700637 -1.299747
-.739514 -1.295915
-.778257 -1.291426
-.816846 -1.286307
-.855264 -1.280589
-.893493 -1.274303
-.931517 -1.267480
-.969322 -1.260152
-1.006892 -1.252350
-1.044216 -1.244107
-1.081279 -1.235454
-1.118072 -1.226423
-1.154583 -1.217044
-1.190804 -1.207349
-1.226725 -1.197368
-1.262339 -1.187131
-1.297639 -1.176665
-1.332619 -1.165999
-1.367273 -1.155160
-1.401599 -1.144173
-1.435591 -1.133064
-1.469246 -1.121857
-1.502563 -1.110573
-1.535540 -1.099234
-1.568176 -1.087862
-1.600470 -1.076474
-1.632423 -1.065089
-1.664035 -1.053723
-1.695307 -1.042392
-1.726240 -1.031110
-1.756837 -1.019891
-1.787099 -1.008746
-1.817030 -.997687
-1.846631 -.986722
-1.875907 -.975861
-1.904860 -.965112
-1.933495 -.954480
-1.961814 -.943973
-1.989822 -.933594
-2.017522 -.923347
-2.044919 -.913237
-2.072017 -.903263
-2.098820 -.893430
-2.125332 -.883736
-2.151558 -.874182
-2.177501 -.864768
-2.203166 -.855492
-2.228556 -.846353
-2.253677 -.837349
-2.278531 -.828475
-2.303123 -.819730
-2.327456 -.811110
-2.351534 -.802610
-2.375361 -.794226
-2.398940 -.785953
-2.422273 -.777786
-2.445365 -.769720
-2.468217 -.761748
-2.490833 -.753866
-2.513215 -.746067
-2.535366 -.738345
-2.557286 -.730692
-2.578980 -.723104
-2.600447 -.715572
-2.621689 -.708090
-2.642709 -.700651
-2.663506 -.693248
-2.684083 -.685874
-2.704438 -.678522
-2.724574 -.671184
-2.744489 -.663854
-2.764185 -.656523
-2.783661 -.649186
-2.802916 -.641834
-2.821950 -.634461
-2.840761 -.627059
-2.859350 -.619622
-2.877714 -.612141
-2.895853 -.604610
-2.913763 -.597023
-2.931444 -.589372
-2.948894 -.581650
-2.966109 -.573850
-2.983088 -.565967
-2.999828 -.557992
-3.016326 -.549921
-3.032578 -.541746
-3.048582 -.533462
-3.064334 -.525061
-3.079830 -.516538
-3.095067 -.507888
-3.110040 -.499103
-3.124745 -.490180
-3.139178 -.481111
-3.153335 -.471892
-3.167211 -.462518
-3.180800 -.452983
-3.194099 -.443282
-3.207101 -.433411
-3.219802 -.423365
-3.232196 -.413139
-3.244278 -.402729
-3.256042 -.392131
-3.267482 -.381341
-3.278593 -.370354
-3.289368 -.359168
-3.299801 -.347778
-3.309887 -.336182
-3.319618 -.324375
-3.328989 -.312355
-3.337992 -.300119
-3.346622 -.287663
-3.354872 -.274987
-3.362734 -.262086
-3.370203 -.248959
-3.377271 -.235603
-3.383932 -.222016
-3.390177 -.208197
-3.396002 -.194143
-3.401397 -.179853
-3.406357 -.165325
-3.410874 -.150558
-3.414940 -.135551
-3.418549 -.120302
-3.421694 -.104810
-3.424366 -.089073
-3.426559 -.073092
-3.428265 -.056864
-3.429476 -.040390
-3.430186 -.023667
-3.430387 -.006696
-3.430071 .010525
-3.429231 .027997
-3.427860 .045720
-3.425949 .063695
-3.423491 .081923
-3.420479 .100406
-3.416905 .119143
-3.412761 .138137
-3.408039 .157388
-3.402732 .176898
-3.396832 .196667
-3.390331 .216698
-3.383221 .236992
-3.375495 .257550
-3.367144 .278376
-3.358160 .299470
-3.348535 .320834
-3.338260 .342472
-3.327329 .364386
-3.315731 .386577
-3.303460 .409051
-3.290506 .431808
-3.276860 .454853
-3.262514 .478189
-3.247460 .501820
-3.231687 .525748
-3.215188 .549979
-3.197953 .574516
-3.179972 .599362
-3.161236 .624523
-3.141736 .650003
-3.121462 .675805
-3.100404 .701933
-3.078552 .728393
-3.055896 .755187
-3.032427 .782320
-3.008133 .809795
-2.983005 .837615
-2.957031 .865783
-2.930202 .894302
-2.902507 .923172
-2.873935 .952396
-2.844476 .981973
-2.814119 1.011903
-2.782853 1.042184
-2.750669 1.072813
-2.717555 1.103786
-2.683502 1.135096
-2.648500 1.166736
-2.612539 1.198698
-2.575610 1.230969
-2.537704 1.263536
-2.498813 1.296382
-2.458928 1.329488
-2.418043 1.362834
-2.376151 1.396393
-2.333247 1.430138
-2.289326 1.464036
-2.244384 1.498053
-2.198420 1.532148
-2.151432 1.566278
-2.103420 1.600395
-2.054386 1.634446
-2.004335 1.668374
-1.953272 1.702116
-1.901203 1.735608
-1.848140 1.768776
-1.794094 1.801545
-1.739079 1.833833
-1.683112 1.865556
-1.626213 1.896624
-1.568405 1.926943
-1.509713 1.956416
-1.450164 1.984942
-1.389792 2.012419
-1.328630 2.038740
-1.266716 2.063799
-1.204091 2.087490
-1.140800 2.109704
-1.076890 2.130336
-1.012411 2.149280
-.947418 2.166437
-.881967 2.181708
-.816117 2.195001
-.749930 2.206229
-.683471 2.215311
-.616805 2.222176
-.550003 2.226760
-.483132 2.229007
-.416266 2.228874
-.349476 2.226325
-.282836 2.221338
-.216419 2.213901
-.150299 2.204012
-.084548 2.191683
-.019240 2.176934
.045553 2.159797
.109763 2.140317
.173319 2.118545
.236156 2.094543
.298207 2.068381
.359411 2.040137
.419708 2.009896
.479040 1.977747
.537354 1.943784
.594597 1.908107
.650722 1.870816
.705682 1.832014
.759436 1.791804
.811945 1.750290
.863172 1.707574
.913085 1.663757
.961653 1.618938
1.008849 1.573212
1.054649 1.526672
1.099032 1.479407
1.141977 1.431499
1.183468 1.383029
1.223490 1.334073
1.262031 1.284700
1.299080 1.234976
1.334629 1.184961
1.368670 1.134710
1.401198 1.084276
1.432209 1.033702
1.461700 .983032
1.489669 .932302
1.516116 .881545
1.541040 .830791
1.564441 .780064
1.586323 .729386
1.606686 .678776
1.625534 .628249
1.642868 .577818
1.658693 .527494
1.673012 .477284
1.685828 .427195
1.697144 .377231
1.706966 .327394
1.715297 .277687
1.722140 .228110
1.727500 .178662
1.731380 .129342
1.733785 .080150
1.734717 .031083
1.734181 -.017861
1.732181 -.066682
1.728720 -.115382
1.723801 -.163961
1.717428 -.212419
1.709605 -.260756
1.700336 -.308969
1.689625 -.357055
1.677474 -.405009
1.663890 -.452826
1.648875 -.500496
1.632434 -.548010
1.614574 -.595358
1.595298 -.642523
1.574613 -.689491
1.552526 -.736243
1.529043 -.782758
1.504173 -.829011
1.477924 -.874976
1.450305 -.920624
1.421327 -.965923
1.391002 -1.010837
1.359342 -1.055328
1.326362 -1.099355
1.292075 -1.142873
1.256500 -1.185836
1.219655 -1.228193
1.181558 -1.269892
1.142231 -1.310877
1.101699 -1.351091
1.059985 -1.390473
1.017116 -1.428962
.973121 -1.466494
.928031 -1.503004
.881878 -1.538426
.834697 -1.572694
.786525 -1.605742
.737400 -1.637503
.687362 -1.667913
.636455 -1.696908
.584722 -1.724427
.532210 -1.750411
.478966 -1.774804
.425039 -1.797555
.370481 -1.818617
.315342 -1.837946
.259677 -1.855506
.203539 -1.871264
.146983 -1.885197
.090065 -1.897286
.032839 -1.907519
-.024638 -1.915891
-.082310 -1.922405
-.140122 -1.927072
-.198019 -1.929909
-.255947 -1.930940
-.313853 -1.930196
-.371685 -1.927717
-.429391 -1.923547
-.486923 -1.917738
-.544234 -1.910345
-.601277 -1.901430
-.658008 -1.891060
-.714388 -1.879306
-.770375 -1.866240
-.825933 -1.851940
-.881028 -1.836484
-.935626 -1.819954
-.989699 -1.802429
-1.043219 -1.783994
-1.096161 -1.764728
-1.148502 -1.744714
-1.200223 -1.724032
-1.251306 -1.702760
-1.301735 -1.680975
-1.351498 -1.658751
-1.400582 -1.636160
-1.448981 -1.613270
-1.496685 -1.590148
-1.543691 -1.566855
-1.589994 -1.543452
-1.635594 -1.519992
-1.680490 -1.496529
-1.724683 -1.473110
-1.768177 -1.449780
-1.810974 -1.426581
-1.853080 -1.403549
-1.894502 -1.380718
-1.935246 -1.358120
-1.975319 -1.335782
-2.014731 -1.313728
-2.053490 -1.291980
-2.091607 -1.270555
-2.129091 -1.249469
-2.165953 -1.228736
-2.202204 -1.208367
-2.237855 -1.188368
-2.272918 -1.168747
-2.307403 -1.149508
-2.341322 -1.130653
-2.374688 -1.112183
-2.407511 -1.094096
-2.439802 -1.076390
-2.471574 -1.059062
-2.502838 -1.042107
-2.533603 -1.025518
-2.563882 -1.009288
-2.593684 -.993410
-2.623020 -.977874
-2.651900 -.962672
-2.680334 -.947794
-2.708331 -.933228
-2.735900 -.918964
-2.763050 -.904990
-2.789788 -.891295
-2.816124 -.877867
-2.842065 -.864693
-2.867618 -.851762
-2.892790 -.839060
-2.917587 -.826576
-2.942016 -.814296
-2.966082 -.802209
-2.989791 -.790302
-3.013148 -.778561
-3.036158 -.766976
-3.058824 -.755534
-3.081150 -.744223
-3.103141 -.733031
-3.124800 -.721946
-3.146128 -.710957
-3.167130 -.700053
-3.187806 -.689222
-3.208160 -.678454
-3.228192 -.667739
-3.247904 -.657066
-3.267297 -.646426
-3.286371 -.635808
-3.305127 -.625203
-3.323566 -.614603
-3.341685 -.603999
-3.359487 -.593381
-3.376969 -.582743
-3.394132 -.572076
-3.410973 -.561373
-3.427492 -.550627
-3.443686 -.539831
-3.459556 -.528978
-3.475098 -.518063
-3.490310 -.507080
-3.505191 -.496023
-3.519737 -.484887
-3.533947 -.473668
-3.547818 -.462361
-3.561347 -.450962
-3.574531 -.439467
-3.587367 -.427872
-3.599853 -.416176
-3.611984 -.404375
-3.623758 -.392466
-3.635171 -.380448
-3.646221 -.368318
-3.656903 -.356076
-3.667215 -.343719
-3.677152 -.331248
-3.686712 -.318661
-3.695891 -.305959
-3.704685 -.293141
-3.713091 -.280207
-3.721106 -.267158
-3.728726 -.253995
-3.735947 -.240719
-3.742767 -.227331
-3.749182 -.213833
-3.755189 -.200226
-3.760784 -.186513
-3.765965 -.172694
-3.770728 -.158774
-3.775071 -.144753
-3.778990 -.130635
-3.782483 -.116423
-3.785546 -.102120
-3.788178 -.087728
-3.790376 -.073251
-3.792136 -.058692
-3.793458 -.044054
-3.794338 -.029341
-3.794775 -.014556
-3.794766 .000297
-3.794310 .015214
-3.793404 .030193
-3.792047 .045229
-3.790237 .060319
-3.787974 .075459
-3.785254 .090647
-3.782078 .105878
-3.778443 .121149
-3.774350 .136457
-3.769796 .151798
-3.764781 .167170
-3.759304 .182570
-3.753364 .197995
-3.746961 .213441
-3.740093 .228907
-3.732762 .244390
-3.724965 .259888
-3.716703 .275399
-3.707975 .290921
-3.698782 .306452
-3.689122 .321992
-3.678996 .337537
-3.668403 .353089
-3.657344 .368645
-3.645818 .384206
-3.633825 .399770
-3.621364 .415338
-3.608437 .430911
-3.595043 .446487
-3.581180 .462068
-3.566851 .477655
-3.552053 .493249
-3.536788 .508850
-3.521054 .524461
-3.504852 .540083
-3.488180 .555718
-3.471039 .571368
-3.453428 .587035
-3.435346 .602722
-3.416793 .618432
-3.397768 .634166
-3.378270 .649929
-3.358299 .665722
-3.337852 .681549
-3.316930 .697413
-3.295530 .713318
-3.273652 .729266
-3.251295 .745261
-3.228455 .761306
-3.205133 .777403
-3.181327 .793556
-3.157034 .809768
-3.132252 .826041
-3.106981 .842379
-3.081218 .858782
-3.054960 .875252
-3.028206 .891793
-3.000954 .908404
-2.973201 .925086
-2.944946 .941839
-2.916186 .958663
-2.886920 .975558
-2.857144 .992520
-2.826858 1.009549
-2.796058 1.026640
-2.764745 1.043789
-2.732915 1.060992
-2.700568 1.078241
-2.667702 1.095531
-2.634316 1.112852
-2.600410 1.130194
-2.565984 1.147548
-2.531037 1.164900
-2.495570 1.182237
-2.459584 1.199542
-2.423080 1.216801
-2.386060 1.233993
-2.348527 1.251098
-2.310484 1.268095
-2.271935 1.284959
-2.232885 1.301664
-2.193340 1.318184
-2.153305 1.334487
-2.112789 1.350544
-2.071799 1.366320
-2.030346 1.381781
-1.988439 1.396888
-1.946091 1.411604
-1.903315 1.425887
-1.860124 1.439695
-1.816534 1.452984
-1.772563 1.465708
-1.728228 1.477822
-1.683550 1.489277
-1.638549 1.500024
-1.593249 1.510014
-1.547673 1.519197
-1.501847 1.527522
-1.455799 1.534939
-1.409557 1.541398
-1.363152 1.546850
-1.316614 1.551244
-1.269978 1.554535
-1.223278 1.556675
-1.176549 1.557621
-1.129830 1.557330
-1.083157 1.555761
-1.036570 1.552878
-.990111 1.548646
-.943820 1.543035
-.897739 1.536017
-.851912 1.527568
-.806382 1.517668
-.761193 1.506302
-.716390 1.493458
-.672016 1.479130
-.628116 1.463314
-.584736 1.446014
-.541919 1.427234
-.499709 1.406987
-.458151 1.385288
-.417286 1.362156
-.377157 1.337615
-.337807 1.311693
-.299274 1.284422
-.261599 1.255837
-.224820 1.225976
-.188973 1.194883
-.154095 1.162600
-.120220 1.129177
-.087380 1.094661
-.055607 1.059106
-.024930 1.022563
.004623 .985089
.033025 .946739
.060252 .907571
.086281 .867643
.111092 .827012
.134664 .785737
.156980 .743877
.178025 .701491
.197784 .658638
.216245 .615374
.233398 .571758
.249233 .527846
.263744 .483695
.276925 .439360
.288772 .394895
.299283 .350354
.308456 .305790
.316294 .261254
.322798 .216797
.327972 .172469
.331821 .128319
.334353 .084395
.335576 .040743
.335498 -.002590
.334131 -.045560
.331487 -.088121
.327580 -.130230
.322425 -.171845
.316037 -.212923
.308435 -.253425
.299635 -.293309
.289659 -.332537
.278527 -.371069
.266261 -.408868
.252884 -.445897
.238421 -.482120
.222896 -.517503
.206335 -.552010
.188767 -.585608
.170219 -.618267
.150720 -.649954
.130301 -.680640
.108992 -.710297
.086825 -.738897
.063833 -.766415
.040048 -.792827
.015505 -.818109
-.009762 -.842242
-.035719 -.865206
-.062328 -.886984
-.089555 -.907560
-.117362 -.926921
-.145714 -.945055
-.174573 -.961954
-.203901 -.977611
-.233662 -.992019
-.263817 -1.005178
-.294330 -1.017085
-.325162 -1.027743
-.356277 -1.037156
-.387636 -1.045329
-.419205 -1.052272
-.450944 -1.057993
-.482820 -1.062507
-.514794 -1.065826
-.546833 -1.067968
-.578902 -1.068950
-.610966 -1.068791
-.642991 -1.067514
-.674945 -1.065140
-.706796 -1.061693
-.738512 -1.057199
-.770062 -1.051684
-.801418 -1.045174
-.832549 -1.037698
-.863427 -1.029283
-.894026 -1.019959
-.924319 -1.009754
-.954279 -.998698
-.983884 -.986820
-1.013109 -.974149
-1.041930 -.960715
-1.070326 -.946545
-1.098276 -.931668
-1.125760 -.916112
-1.152757 -.899903
-1.179249 -.883069
-1.205218 -.865634
-1.230647 -.847624
-1.255518 -.829061
-1.279818 -.809969
-1.303529 -.790369
-1.326637 -.770283
-1.349129 -.749729
-1.370991 -.728727
-1.392210 -.707294
-1.412773 -.685446
-1.432669 -.663198
-1.451886 -.640566
-1.470413 -.617561
-1.488239 -.594196
-1.505353 -.570482
-1.521746 -.546430
-1.537407 -.522047
-1.552328 -.497343
-1.566497 -.472325
-1.579907 -.447000
-1.592549 -.421372
-1.604412 -.395447
-1.615489 -.369230
-1.625771 -.342724
-1.635249 -.315931
-1.643914 -.288856
-1.651759 -.261499
-1.658775 -.233862
-1.664953 -.205948
-1.670286 -.177756
-1.674765 -.149288
-1.678381 -.120545
-1.681127 -.091526
-1.682994 -.062234
-1.683974 -.032667
-1.684059 -.002828
-1.683240 .027284
-1.681510 .057666
-1.678861 .088318
-1.675284 .119238
-1.670771 .150423
-1.665315 .181871
-1.658908 .213578
-1.651541 .245540
-1.643209 .277752
-1.633902 .310209
-1.623615 .342905
-1.612340 .375830
-1.600071 .408978
-1.586801 .442337
-1.572524 .475898
-1.557235 .509648
-1.540927 .543572
-1.523598 .577657
-1.505241 .611885
-1.485854 .646238
-1.465433 .680695
-1.443976 .715236
-1.421481 .749836
-1.397947 .784471
-1.373373 .819112
-1.347762 .853731
-1.321113 .888296
-1.293429 .922774
-1.264716 .957129
-1.234976 .991325
-1.204216 1.025321
-1.172444 1.059078
-1.139667 1.092551
-1.105897 1.125695
-1.071143 1.158465
-1.035418 1.190812
-.998738 1.222685
-.961117 1.254035
-.922572 1.284810
-.883124 1.314956
-.842791 1.344419
-.801597 1.373147
-.759564 1.401084
-.716719 1.428178
-.673087 1.454376
-.628699 1.479623
-.583583 1.503871
-.537771 1.527069
-.491295 1.549170
-.444192 1.570128
-.396495 1.589901
-.348241 1.608450
-.299469 1.625739
-.250217 1.641735
-.200525 1.656410
-.150432 1.669740
-.099981 1.681707
-.049212 1.692295
.001832 1.701495
.053112 1.709302
.104583 1.715717
.156205 1.720746
.207937 1.724400
.259738 1.726695
.311568 1.727652
.363387 1.727298
.415157 1.725663
.466840 1.722782
.518401 1.718695
.569804 1.713445
.621017 1.707079
.672006 1.699647
.722742 1.691201
.773196 1.681797
.823341 1.671492
.873151 1.660344
.922604 1.648414
.971676 1.635763
1.020350 1.622451
1.068606 1.608541
1.116429 1.594093
1.163804 1.579168
1.210719 1.563826
1.257162 1.548125
1.303126 1.532123
1.348602 1.515874
1.393585 1.499434
1.438071 1.482853
1.482056 1.466182
1.525540 1.449467
1.568523 1.432754
1.611006 1.416085
1.652991 1.399501
1.694482 1.383039
1.735484 1.366735
1.776003 1.350622
1.816044 1.334729
1.855617 1.319084
1.894728 1.303714
1.933388 1.288642
1.971604 1.273888
2.009388 1.259471
2.046751 1.245409
2.083702 1.231716
2.120254 1.218405
2.156419 1.205488
2.192208 1.192973
2.227634 1.180869
2.262710 1.169182
2.297447 1.157917
2.331860 1.147077
2.365960 1.136666
2.399760 1.126683
2.433274 1.117130
2.466514 1.108005
2.499493 1.099307
2.532224 1.091033
2.564720 1.083179
2.596992 1.075742
2.629053 1.068716
2.660916 1.062097
2.692593 1.055878
2.724094 1.050054
2.755433 1.044616
2.786620 1.039559
2.817666 1.034873
2.848582 1.030553
2.879380 1.026588
2.910069 1.022970
2.940660 1.019691
2.971162 1.016742
3.001585 1.014113
3.031939 1.011795
3.062233 1.009778
3.092474 1.008052
3.122672 1.006607
3.152835 1.005434
3.182971 1.004520
3.213087 1.003857
3.243190 1.003433
3.273287 1.003237
3.303385 1.003259
3.333489 1.003486
3.363606 1.003908
3.393742 1.004513
3.423900 1.005289
3.454087 1.006224
3.484306 1.007305
3.514562 1.008521
3.544858 1.009859
3.575197 1.011305
3.605582 1.012847
3.636016 1.014471
3.666501 1.016163
3.697039 1.017910
3.727630 1.019697
3.758275 1.021509
3.788975 1.023332
3.819729 1.025152
3.850538 1.026951
3.881399 1.028716
3.912312 1.030429
3.943274 1.032075
3.974284 1.033638
4.005337 1.035100
4.036430 1.036445
4.067560 1.037656
4.098721 1.038716
4.129909 1.039606
4.161119 1.040309
4.192343 1.040809
4.223575 1.041086
4.254809 1.041123
4.286036 1.040902
4.317248 1.040405
4.348437 1.039615
4.379592 1.038513
4.410705 1.037083
4.441764 1.035306
4.472759 1.033167
4.503678 1.030647
4.534510 1.027732
4.565242 1.024404
4.595862 1.020650
4.626355 1.016453
4.656709 1.011800
4.686910 1.006677
4.716942 1.001072
4.746791 .994973
4.776442 .988368
4.805879 .981248
4.835088 .973604
4.864050 .965427
4.892752 .956710
4.921175 .947448
4.949304 .937636
4.977122 .927271
5.004613 .916350
5.031759 .904873
5.058544 .892840
5.084952 .880253
5.110965 .867115
5.136568 .853431
5.161744 .839206
5.186478 .824448
5.210753 .809165
5.234554 .793367
5.257866 .777066
5.280674 .760275
5.302964 .743006
5.324722 .725275
5.345935 .707099
5.366590 .688496
5.386675 .669482
5.406177 .650079
5.425086 .630307
5.443392 .610187
5.461084 .589743
5.478154 .568997
5.494593 .547974
5.510394 .526698
5.525550 .505195
5.540055 .483491
5.553903 .461613
5.567091 .439587
5.579614 .417441
5.591470 .395203
5.602657 .372901
5.613174 .350562
5.623021 .328215
5.632197 .305888
5.640705 .283609
5.648548 .261406
5.655727 .239309
5.662247 .217343
5.668113 .195537
5.673331 .173919
5.677906 .152514
5.681847 .131350
5.685160 .110453
5.687856 .089849
5.689943 .069562
5.691431 .049617
5.692332 .030038
5.692658 .010849
5.692420 -.007929
5.691632 -.026272
5.690307 -.044160
5.688460 -.061572
5.686105 -.078489
5.683258 -.094891
5.679936 -.110760
5.676153 -.126079
5.671928 -.140832
5.667278 -.155003
5.662221 -.168576
5.656775 -.181539
5.650958 -.193878
5.644791 -.205581
5.638292 -.216637
5.631481 -.227035
5.624378 -.236766
5.617003 -.245821
5.609377 -.254193
5.601521 -.261875
5.593455 -.268860
5.585201 -.275144
5.576779 -.280722
5.568212 -.285591
5.559519 -.289747
5.550724 -.293190
5.541846 -.295917
5.532908 -.297929
5.523931 -.299226
5.514937 -.299809
5.505947 -.299679
5.496982 -.298839
5.488063 -.297292
5.479212 -.295042
5.470449 -.292092
5.461795 -.288448
5.453272 -.284114
5.444899 -.279098
5.436697 -.273404
5.428686 -.267040
5.420885 -.260013
5.413315 -.252331
5.405995 -.244002
5.398944 -.235034
5.392181 -.225436
5.385725 -.215217
5.379593 -.204387
5.373804 -.192955
5.368376 -.180933
5.363327 -.168329
5.358672 -.155156
5.354429 -.141423
5.350615 -.127143
5.347245 -.112326
5.344336 -.096985
5.341902 -.081131
5.339958 -.064778
5.338520 -.047938
5.337602 -.030623
5.337216 -.012846
5.337377 .005377
5.338099 .024035
5.339392 .043113
5.341270 .062596
5.343744 .082469
5.346825 .102719
5.350525 .123328
5.354854 .144281
5.359821 .165562
5.365435 .187154
5.371706 .209041
5.378642 .231203
5.386251 .253625
5.394540 .276286
5.403515 .299168
5.413182 .322252
5.423548 .345517
5.434616 .368942
5.446391 .392507
5.458877 .416190
5.472076 .439969
5.485991 .463821
5.500622 .487722
5.515972 .511649
5.532039 .535577
5.548824 .559481
5.566324 .583336
5.584537 .607116
5.603461 .630794
5.623091 .654343
5.643423 .677737
5.664452 .700947
5.686170 .723946
5.708571 .746707
5.731647 .769199
5.755389 .791396
5.779787 .813268
5.804831 .834788
5.830509 .855927
5.856809 .876658
5.883717 .896952
5.911221 .916782
5.939304 .936121
5.967952 .954944
5.997149 .973225
6.026877 .990939
6.057119 1.008063
6.087856 1.024573
6.119070 1.040449
6.150740 1.055671
6.182847 1.070219
6.215369 1.084075
6.248286 1.097225
6.281575 1.109653
6.315216 1.121347
.065999 1.132297
.100274 1.142492
.134832 1.151926
.169650 1.160594
.204704 1.168492
.239973 1.175618
.275432 1.181974
.311059 1.187562
.346831 1.192386
.382724 1.196452
.418717 1.199769
.454788 1.202347
.490914 1.204197
.527073 1.205332
.563247 1.205768
.599412 1.205522
.635550 1.204610
.671642 1.203052
.707668 1.200868
.743610 1.198080
.779452 1.194710
.815175 1.190782
.850765 1.186318
.886205 1.181344
.921482 1.175884
.956581 1.169964
.991489 1.163609
1.026194 1.156845
1.060685 1.149697
1.094951 1.142191
1.128981 1.134352
1.162767 1.126204
1.196301 1.117773
1.229573 1.109083
1.262578 1.100156
1.295308 1.091016
1.327759 1.081686
1.359924 1.072186
1.391801 1.062537
1.423383 1.052759
1.454669 1.042871
1.485656 1.032890
1.516341 1.022835
1.546723 1.012722
1.576800 1.002564
1.606571 .992378
1.636036 .982176
1.665196 .971970
1.694049 .961772
1.722596 .951592
1.750840 .941440
1.778779 .931324
1.806417 .921252
1.833754 .911231
1.860792 .901268
1.887533 .891366
1.913979 .881531
1.940132 .871765
1.965994 .862073
1.991568 .852455
2.016855 .842914
2.041858 .833451
2.066580 .824064
2.091023 .814755
2.115189 .805522
2.139080 .796363
2.162698 .787277
2.186046 .778261
2.209125 .769312
2.231938 .760427
2.254486 .751602
2.276771 .742833
2.298795 .734116
2.320558 .725445
2.342062 .716817
2.363309 .708224
2.384299 .699662
2.405033 .691126
2.425511 .682608
2.445734 .674103
2.465702 .665605
2.485415 .657107
2.504873 .648601
2.524076 .640082
2.543022 .631543
2.561712 .622976
2.580143 .614375
2.598315 .605731
2.616226 .597039
2.633875 .588291
2.651259 .579479
2.668377 .570595
2.685226 .561634
2.701803 .552587
2.718107 .543447
2.734133 .534207
2.749879 .524859
2.765341 .515396
2.780515 .505810
2.795398 .496095
2.809985 .486243
2.824273 .476247
2.838256 .466100
2.851929 .455795
2.865289 .445324
2.878330 .434681
2.891045 .423859
2.903431 .412851
2.915480 .401650
2.927188 .390250
2.938547 .378644
2.949552 .366825
2.960196 .354788
2.970471 .342525
2.980372 .330031
2.989891 .317299
2.999021 .304323
3.007754 .291097
3.016082 .277615
3.023998 .263872
3.031494 .249861
3.038562 .235578
3.045192 .221015
3.051377 .206168
3.057108 .191032
3.062376 .175600
3.067172 .159868
3.071487 .143830
3.075311 .127482
3.078636 .110817
3.081451 .093831
3.083746 .076519
3.085513 .058876
3.086740 .040897
3.087417 .022577
3.087534 .003910
3.087081 -.015107
3.086047 -.034480
3.084420 -.054214
3.082191 -.074313
3.079347 -.094783
3.075879 -.115628
3.071773 -.136853
3.067019 -.158464
3.061605 -.180465
3.055519 -.202861
3.048750 -.225657
3.041284 -.248859
3.033110 -.272470
3.024215 -.296497
3.014586 -.320944
3.004212 -.345817
2.993078 -.371120
2.981173 -.396859
2.968481 -.423039
2.954991 -.449664
2.940689 -.476740
2.925561 -.504271
2.909593 -.532263
2.892772 -.560718
2.875082 -.589643
2.856511 -.619040
2.837044 -.648914
2.816666 -.679268
2.795363 -.710105
2.773120 -.741426
2.749923 -.773235
2.725757 -.805530
2.700607 -.838314
2.674460 -.871585
2.647300 -.905341
2.619112 -.939578
2.589883 -.974294
2.559599 -1.009481
2.528245 -1.045132
2.495808 -1.081237
2.462274 -1.117785
2.427632 -1.154762
2.391867 -1.192151
2.354969 -1.229934
2.316926 -1.268088
2.277729 -1.306587
2.237367 -1.345404
2.195831 -1.384505
2.153116 -1.423855
2.109213 -1.463413
2.064119 -1.503133
2.017830 -1.542967
1.970345 -1.582860
1.921662 -1.622753
1.871785 -1.662582
1.820716 -1.702276
1.768463 -1.741762
1.715035 -1.780959
1.660441 -1.819782
1.604697 -1.858140
1.547819 -1.895939
1.489826 -1.933079
1.430743 -1.969455
1.370594 -2.004960
1.309410 -2.039483
1.247222 -2.072910
1.184068 -2.105125
1.119988 -2.136012
1.055024 -2.165454
.989224 -2.193335
.922638 -2.219541
.855319 -2.243960
.787325 -2.266486
.718714 -2.287017
.649551 -2.305456
.579899 -2.321717
.509828 -2.335719
.439406 -2.347393
.368705 -2.356679
.297799 -2.363530
.226762 -2.367910
.155668 -2.369796
.084593 -2.369175
.013611 -2.366053
-.057202 -2.360443
-.127773 -2.352374
-.198030 -2.341888
-.267901 -2.329038
-.337317 -2.313887
-.406213 -2.296511
-.474523 -2.276996
-.542186 -2.255433
-.609143 -2.231923
-.675341 -2.206575
-.740726 -2.179499
-.805250 -2.150813
-.868869 -2.120634
-.931542 -2.089084
-.993230 -2.056283
-1.053901 -2.022352
-1.113523 -1.987410
-1.172070 -1.951572
-1.229519 -1.914952
-1.285848 -1.877660
-1.341042 -1.839801
-1.395087 -1.801474
-1.447970 -1.762773
-1.499684 -1.723789
-1.550222 -1.684604
-1.599580 -1.645295
-1.647758 -1.605932
-1.694756 -1.566582
-1.740575 -1.527303
-1.785219 -1.488149
-1.828694 -1.449165
-1.871006 -1.410395
-1.912163 -1.371875
-1.952172 -1.333636
-1.991043 -1.295705
-2.028786 -1.258104
-2.065411 -1.220851
-2.100930 -1.183958
-2.135353 -1.147437
-2.168692 -1.111295
-2.200958 -1.075534
-2.232163 -1.040154
-2.262317 -1.005155
-2.291433 -.970532
-2.319522 -.936278
-2.346593 -.902383
-2.372658 -.868839
-2.397727 -.835634
-2.421810 -.802753
-2.444916 -.770183
-2.467053 -.737909
-2.488230 -.705913
-2.508456 -.674180
-2.527736 -.642691
-2.546079 -.611429
-2.563490 -.580374
-2.579976 -.549508
-2.595540 -.518813
-2.610188 -.488268
-2.623924 -.457854
-2.636750 -.427552
-2.648671 -.397343
-2.659687 -.367207
-2.669801 -.337126
-2.679013 -.307079
-2.687324 -.277050
-2.694735 -.247018
-2.701244 -.216966
-2.706850 -.186875
-2.711552 -.156728
-2.715347 -.126507
-2.718233 -.096195
-2.720206 -.065775
-2.721263 -.035231
-2.721400 -.004545
-2.720611 .026298
-2.718891 .057313
-2.716236 .088515
-2.712638 .119921
-2.708092 .151543
-2.702590 .183396
-2.696125 .215493
-2.688690 .247849
-2.680276 .280475
-2.670874 .313383
-2.660477 .346586
-2.649074 .380095
-2.636656 .413920
-2.623214 .448070
-2.608737 .482557
-2.593216 .517387
-2.576639 .552568
-2.558995 .588108
-2.540275 .624012
-2.520467 .660284
-2.499559 .696930
-2.477540 .733950
-2.454400 .771346
-2.430126 .809117
-2.404708 .847261
-2.378135 .885774
-2.350396 .924651
-2.321479 .963882
-2.291375 1.003459
-2.260074 1.043367
-2.227567 1.083592
-2.193843 1.124115
-2.158896 1.164914
-2.122717 1.205965
-2.085300 1.247240
-2.046638 1.288706
-2.006729 1.330328
-1.965567 1.372065
-1.923151 1.413873
-1.879479 1.455703
-1.834554 1.497503
-1.788378 1.539212
-1.740955 1.580770
-1.692292 1.622107
-1.642397 1.663150
-1.591282 1.703823
-1.538961 1.744042
-1.485450 1.783721
-1.430767 1.822768
-1.374934 1.861088
-1.317977 1.898582
-1.259922 1.935147
-1.200802 1.970680
-1.140649 2.005074
-1.079503 2.038220
-1.017403 2.070010
-.954393 2.100336
-.890520 2.129092
-.825835 2.156173
-.760390 2.181479
-.694243 2.204914
-.627451 2.226386
-.560077 2.245811
-.492184 2.263112
-.423837 2.278222
-.355104 2.291082
-.286055 2.301642
-.216759 2.309865
-.147287 2.315726
-.077711 2.319209
-.008102 2.320312
.061470 2.319046
.130933 2.315433
.200218 2.309506
.269257 2.301311
.337984 2.290906
.406335 2.278357
.474247 2.263742
.541662 2.247145
.608521 2.228660
.674773 2.208387
.740366 2.186432
.805253 2.162904
.869391 2.137917
.932738 2.111588
.995259 2.084032
1.056920 2.055367
1.117691 2.025710
1.177547 1.995176
1.236463 1.963876
1.294421 1.931922
1.351403 1.899418
1.407397 1.866465
1.462392 1.833161
1.516380 1.799596
1.569356 1.765858
1.621316 1.732026
1.672262 1.698177
1.722193 1.664378
1.771114 1.630693
1.819029 1.597181
1.865946 1.563892
1.911872 1.530876
1.956817 1.498171
2.000792 1.465816
2.043807 1.433841
2.085875 1.402274
2.127009 1.371137
2.167223 1.340449
2.206530 1.310224
2.244944 1.280474
2.282480 1.251207
2.319153 1.222426
2.354977 1.194135
2.389967 1.166333
2.424137 1.139016
2.457503 1.112180
2.490077 1.085817
2.521875 1.059920
2.552909 1.034478
2.583194 1.009480
2.612741 .984913
2.641564 .960764
2.669674 .937017
2.697084 .913659
2.723804 .890673
2.749846 .868043
2.775218 .845752
2.799932 .823784
2.823995 .802121
2.847418 .780746
2.870207 .759641
2.892371 .738791
2.913916 .718176
2.934849 .697780
2.955177 .677586
2.974904 .657578
2.994036 .637738
3.012578 .618051
3.030533 .598501
3.047905 .579071
3.064698 .559747
3.080913 .540513
3.096554 .521356
3.111621 .502261
3.126118 .483213
3.140044 .464200
3.153400 .445209
3.166187 .426227
3.178404 .407242
3.190052 .388242
3.201128 .369215
3.211632 .350151
3.221564 .331039
3.230920 .311868
3.239699 .292629
3.247898 .273313
3.255515 .253909
3.262548 .234410
3.268992 .214806
3.274844 .195089
3.280102 .175252
3.284761 .155286
3.288816 .135185
3.292264 .114941
3.295101 .094548
3.297321 .073998
3.298919 .053285
3.299891 .032404
3.300232 .011347
3.299935 -.009891
3.298996 -.031316
3.297408 -.052934
3.295165 -.074750
3.292262 -.096771
3.288692 -.119000
3.284449 -.141444
3.279525 -.164109
3.273915 -.186998
3.267612 -.210119
3.260607 -.233476
3.252895 -.257074
3.244468 -.280920
3.235317 -.305018
3.225436 -.329373
3.214816 -.353992
3.203450 -.378880
3.191328 -.404043
3.178444 -.429485
3.164788 -.455214
3.150350 -.481234
3.135124 -.507552
3.119099 -.534173
3.102266 -.561102
3.084615 -.588346
3.066138 -.615911
3.046824 -.643801
3.026663 -.672023
3.005646 -.700580
2.983761 -.729479
2.961000 -.758724
2.937350 -.788320
2.912802 -.818269
2.887345 -.848575
2.860968 -.879241
2.833659 -.910270
2.805410 -.941660
2.776207 -.973414
2.746041 -1.005530
2.714901 -1.038005
2.682776 -1.070836
2.649656 -1.104018
2.615529 -1.137543
2.580387 -1.171403
2.544220 -1.205587
2.507017 -1.240080
2.468771 -1.274868
2.429473 -1.309931
2.389116 -1.345248
2.347692 -1.380793
2.305196 -1.416538
2.261622 -1.452451
2.216967 -1.488496
2.171228 -1.524633
2.124404 -1.560816
2.076494 -1.596998
2.027500 -1.633124
1.977426 -1.669136
1.926277 -1.704970
1.874060 -1.740557
1.820786 -1.775825
1.766465 -1.810695
1.711112 -1.845083
1.654745 -1.878901
1.597384 -1.912057
1.539050 -1.944454
1.479770 -1.975991
1.419573 -2.006565
1.358491 -2.036068
1.296559 -2.064391
1.233817 -2.091425
1.170305 -2.117058
1.106070 -2.141180
1.041159 -2.163680
.975626 -2.184450
.909524 -2.203387
.842912 -2.220391
.775851 -2.235365
.708405 -2.248221
.640638 -2.258877
.572621 -2.267260
.504421 -2.273307
.436113 -2.276961
.367767 -2.278180
.299459 -2.276931
.231264 -2.273192
.163255 -2.266955
.095508 -2.258222
.028098 -2.247008
-.038902 -2.233338
-.105420 -2.217251
-.171384 -2.198795
-.236724 -2.178028
-.301375 -2.155020
-.365270 -2.129846
-.428348 -2.102590
-.490548 -2.073345
-.551815 -2.042207
-.612093 -2.009277
-.671333 -1.974660
-.729487 -1.938462
-.786510 -1.900794
-.842363 -1.861763
-.897008 -1.821478
-.950409 -1.780047
-1.002536 -1.737574
-1.053361 -1.694162
-1.102858 -1.649910
-1.151006 -1.604913
-1.197784 -1.559261
-1.243175 -1.513040
-1.287165 -1.466332
-1.329741 -1.419212
-1.370894 -1.371751
-1.410614 -1.324013
-1.448896 -1.276059
-1.485734 -1.227944
-1.521126 -1.179716
-1.555068 -1.131420
-1.587561 -1.083095
-1.618604 -1.034777
-1.648199 -.986495
-1.676347 -.938276
-1.703052 -.890141
-1.728315 -.842109
-1.752141 -.794195
-1.774533 -.746410
-1.795496 -.698764
-1.815034 -.651261
-1.833151 -.603905
-1.849852 -.556698
-1.865141 -.509639
-1.879023 -.462725
-1.891501 -.415952
-1.902581 -.369315
-1.912265 -.322807
-1.920558 -.276420
-1.927462 -.230148
-1.932982 -.183980
-1.937119 -.137907
-1.939876 -.091921
-1.941257 -.046012
-1.941262 -.000170
-1.939893 .045613
-1.937153 .091346
-1.933042 .137038
-1.927561 .182695
-1.920711 .228324
-1.912493 .273932
-1.902908 .319521
-1.891955 .365095
-1.879635 .410657
-1.865949 .456207
-1.850897 .501742
-1.834479 .547260
-1.816696 .592755
-1.797550 .638221
-1.777040 .683646
-1.755170 .729021
-1.731940 .774329
-1.707353 .819554
-1.681413 .864675
-1.654123 .909670
-1.625487 .954512
-1.595512 .999173
-1.564204 1.043619
-1.531569 1.087816
-1.497617 1.131724
-1.462358 1.175300
-1.425804 1.218499
-1.387965 1.261271
-1.348858 1.303564
-1.308499 1.345320
-1.266904 1.386482
-1.224095 1.426986
-1.180092 1.466768
-1.134919 1.505760
-1.088602 1.543892
-1.041169 1.581092
-.992651 1.617287
-.943079 1.652402
-.892488 1.686362
-.840915 1.719091
-.788400 1.750515
-.734983 1.780561
-.680708 1.809156
-.625621 1.836229
-.569770 1.861716
-.513203 1.885552
-.455973 1.907680
-.398132 1.928045
-.339734 1.946599
-.280835 1.963301
-.221491 1.978116
-.161761 1.991015
-.101701 2.001978
-.041372 2.010993
.019170 2.018056
.079865 2.023171
.140656 2.026349
.201484 2.027612
.262294 2.026989
.323029 2.024516
.383636 2.020237
.444062 2.014204
.504257 2.006476
.564170 1.997116
.623756 1.986195
.682970 1.973788
.741769 1.959973
.800114 1.944834
.857968 1.928457
.915296 1.910928
.972066 1.892337
1.028249 1.872774
1.083819 1.852330
1.138752 1.831093
1.193026 1.809152
1.246624 1.786595
1.299529 1.763505
1.351728 1.739966
1.403210 1.716056
1.453965 1.691853
1.503988 1.667428
1.553274 1.642852
1.601819 1.618190
1.649624 1.593502
1.696690 1.568847
1.743018 1.544278
1.788614 1.519845
1.833481 1.495592
1.877628 1.471560
1.921062 1.447788
1.963791 1.424310
2.005826 1.401154
2.047176 1.378349
2.087854 1.355916
2.127870 1.333877
2.167237 1.312247
2.205969 1.291042
2.244077 1.270273
2.281575 1.249948
2.318477 1.230074
2.354797 1.210656
2.390548 1.191696
2.425744 1.173194
2.460398 1.155150
2.494525 1.137560
2.528138 1.120420
2.561250 1.103725
2.593874 1.087468
2.626023 1.071641
2.657710 1.056236
2.688947 1.041243
2.719747 1.026652
2.750120 1.012452
2.780079 .998631
2.809635 .985179
2.838797 .972081
2.867577 .959327
2.895984 .946902
2.924028 .934794
2.951717 .922990
2.979062 .911476
3.006069 .900239
3.032747 .889265
3.059103 .878540
3.085145 .868053
3.110878 .857788
3.136310 .847733
3.161446 .837875
3.186292 .828201
3.210853 .818698
3.235134 .809354
3.259139 .800156
3.282871 .791092
3.306336 .782150
3.329536 .773319
3.352473 .764587
3.375151 .755943
3.397573 .747376
3.419739 .738877
3.441652 .730434
3.463313 .722037
3.484723 .713678
3.505884 .705346
3.526795 .697033
3.547457 .688731
3.567870 .680430
3.588033 .672123
3.607947 .663803
3.627611 .655461
3.647024 .647092
3.666185 .638688
3.685092 .630244
3.703745 .621753
3.722141 .613210
3.740279 .604609
3.758158 .595947
3.775774 .587219
3.793127 .578420
3.810213 .569547
3.827031 .560597
3.843578 .551567
3.859852 .542454
3.875849 .533257
3.891569 .523972
3.907007 .514600
3.922161 .505138
3.937028 .495587
3.951607 .485946
3.965893 .476215
3.979885 .466395
3.993580 .456485
4.006974 .446489
4.020066 .436406
4.032854 .426240
4.045333 .415991
4.057503 .405664
4.069361 .395260
4.080905 .384783
4.092132 .374236
4.103040 .363624
4.113629 .352951
4.123895 .342220
4.133839 .331438
4.143457 .320609
4.152749 .309738
4.161714 .298831
4.170351 .287894
4.178659 .276933
4.186637 .265954
4.194286 .254965
4.201605 .243971
4.208595 .232980
4.215255 .221998
4.221586 .211035
4.227589 .200096
4.233264 .189189
4.238614 .178323
4.243639 .167505
4.248342 .156743
4.252723 .146046
4.256786 .135421
4.260532 .124878
4.263965 .114423
4.267087 .104067
4.269901 .093817
4.272412 .083682
4.274622 .073670
4.276535 .063789
4.278157 .054050
4.279491 .044458
4.280541 .035025
4.281314 .025757
4.281814 .016663
4.282046 .007751
4.282017 -.000969
4.281733 -.009491
4.281198 -.017806
4.280421 -.025905
4.279408 -.033781
4.278165 -.041427
4.276700 -.048833
4.275020 -.055993
4.273133 -.062900
4.271047 -.069544
4.268769 -.075921
4.266309 -.082021
4.263674 -.087838
4.260873 -.093365
4.257915 -.098595
4.254809 -.103522
4.251565 -.108139
4.248192 -.112439
4.244699 -.116416
4.241097 -.120064
4.237396 -.123376
4.233606 -.126348
4.229736 -.128972
4.225799 -.131243
4.221805 -.133156
4.217763 -.134704
4.213687 -.135883
4.209586 -.136686
4.205473 -.137110
4.201359 -.137148
4.197255 -.136795
4.193173 -.136047
4.189126 -.134899
4.185126 -.133345
4.181185 -.131381
4.177315 -.129002
4.173528 -.126204
4.169839 -.122982
4.166259 -.119331
4.162802 -.115248
4.159480 -.110726
4.156307 -.105763
4.153296 -.100354
4.150461 -.094494
4.147816 -.088180
4.145374 -.081406
4.143149 -.074169
4.141155 -.066465
4.139406 -.058290
4.137917 -.049639
4.136702 -.040509
4.135775 -.030896
4.135151 -.020795
4.134845 -.010203
4.134871 .000883
4.135245 .012468
4.135982 .024556
4.137097 .037149
4.138604 .050251
4.140520 .063866
4.142860 .077996
4.145639 .092645
4.148874 .107816
4.152579 .123512
4.156771 .139734
4.161466 .156486
4.166679 .173770
4.172426 .191587
4.178725 .209940
4.185589 .228829
4.193037 .248255
4.201084 .268220
4.209745 .288723
4.219038 .309765
4.228979 .331343
4.239582 .353458
4.250866 .376107
4.262844 .399289
4.275534 .422999
4.288951 .447234
4.303111 .471990
4.318029 .497260
4.333720 .523039
4.350200 .549319
4.367482 .576091
4.385583 .603347
4.404515 .631074
4.424293 .659262
4.444930 .687895
4.466438 .716960
4.488832 .746440
4.512121 .776316
4.536318 .806569
4.561433 .837176
4.587477 .868114
4.614458 .899358
4.642384 .930879
4.671263 .962647
4.701102 .994631
4.731906 1.026795
4.763679 1.059104
4.796425 1.091517
4.830145 1.123993
4.864839 1.156489
4.900508 1.188958
4.937148 1.221351
4.974757 1.253616
5.013328 1.285701
5.052854 1.317550
5.093328 1.349105
5.134737 1.380308
5.177070 1.411095
5.220312 1.441405
5.264447 1.471174
5.309457 1.500337
5.355322 1.528828
5.402019 1.556581
5.449525 1.583529
5.497814 1.609609
5.546856 1.634754
5.596623 1.658902
5.647083 1.681990
5.698202 1.703959
5.749944 1.724753
5.802274 1.744317
5.855152 1.762602
5.908539 1.779562
5.962393 1.795154
6.016674 1.809344
6.071337 1.822098
6.126338 1.833392
6.181635 1.843205
6.237180 1.851524
6.292930 1.858341
.065655 1.863655
.121679 1.867471
.177773 1.869801
.233893 1.870663
.289995 1.870082
.346038 1.868087
.401979 1.864715
.457780 1.860006
.513400 1.854009
.568803 1.846773
.623954 1.838355
.678818 1.828814
.733364 1.818211
.787563 1.806614
.841385 1.794089
.894807 1.780706
.947803 1.766536
1.000352 1.751650
1.052436 1.736121
1.104036 1.720019
1.155139 1.703418
1.205731 1.686387
1.255800 1.668995
1.305340 1.651310
1.354342 1.633398
1.402801 1.615322
1.450716 1.597143
1.498083 1.578921
1.544905 1.560710
1.591181 1.542565
1.636918 1.524536
1.682118 1.506669
1.726788 1.489010
1.770936 1.471600
1.814570 1.454477
1.857701 1.437677
1.900338 1.421233
1.942493 1.405173
1.984179 1.389526
2.025408 1.374316
2.066195 1.359565
2.106554 1.345292
2.146499 1.331514
2.186047 1.318247
2.225212 1.305503
2.264010 1.293293
2.302459 1.281626
2.340574 1.270509
2.378373 1.259949
2.415871 1.249948
2.453087 1.240510
2.490036 1.231636
2.526736 1.223327
2.563203 1.215580
2.599455 1.208393
2.635508 1.201765
2.671378 1.195690
2.707083 1.190164
2.742639 1.185181
2.778061 1.180735
2.813365 1.176818
2.848568 1.173424
2.883684 1.170543
2.918729 1.168167
2.953718 1.166287
2.988665 1.164892
3.023584 1.163973
3.058489 1.163518
3.093395 1.163517
3.128314 1.163957
3.163258 1.164826
3.198242 1.166112
3.233276 1.167801
3.268372 1.169880
3.303542 1.172335
3.338797 1.175151
3.374146 1.178313
3.409600 1.181806
3.445169 1.185612
3.480860 1.189716
3.516683 1.194100
3.552646 1.198745
3.588755 1.203633
3.625017 1.208744
3.661439 1.214058
3.698025 1.219554
3.734781 1.225210
3.771712 1.231004
3.808819 1.236911
3.846106 1.242909
3.883575 1.248970
3.921227 1.255071
3.959063 1.261183
3.997081 1.267278
4.035281 1.273329
4.073660 1.279304
4.112215 1.285175
4.150943 1.290909
4.189837 1.296475
4.228892 1.301839
4.268101 1.306968
4.307456 1.311828
4.346948 1.316384
4.386566 1.320601
4.426299 1.324442
4.466135 1.327873
4.506061 1.330855
4.546061 1.333354
4.586121 1.335332
4.626224 1.336753
4.666351 1.337582
4.706485 1.337783
4.746605 1.337321
4.786689 1.336161
4.826717 1.334271
4.866666 1.331617
4.906511 1.328171
4.946228 1.323900
4.985791 1.318779
5.025175 1.312780
5.064351 1.305879
5.103293 1.298054
5.141971 1.289285
5.180358 1.279554
5.218423 1.268845
5.256138 1.257146
5.293471 1.244447
5.330393 1.230740
5.366874 1.216020
5.402883 1.200287
5.438389 1.183540
5.473362 1.165784
5.507773 1.147026
5.541591 1.127275
5.574788 1.106544
5.607333 1.084849
5.639199 1.062206
5.670358 1.038638
5.700783 1.014167
5.730448 .988819
5.759327 .962622
5.787395 .935606
5.814629 .907803
5.841006 .879247
5.866506 .849974
5.891106 .820023
5.914789 .789430
5.937536 .758238
5.959331 .726487
5.980158 .694219
6.000002 .661479
6.018851 .628309
6.036694 .594756
6.053520 .560862
6.069320 .526675
6.084087 .492240
6.097815 .457602
6.110499 .422807
6.122136 .387901
6.132724 .352928
6.142262 .317935
6.150751 .282965
6.158193 .248062
6.164591 .213272
6.169950 .178636
6.174276 .144197
6.177576 .109998
6.179859 .076078
6.181133 .042479
6.181410 .009239
6.180702 -.023601
6.179022 -.056006
6.176384 -.087937
6.172803 -.119360
6.168296 -.150239
6.162880 -.180541
6.156573 -.210232
6.149394 -.239282
6.141364 -.267659
6.132504 -.295334
6.122836 -.322279
6.112382 -.348468
6.101166 -.373873
6.089212 -.398472
6.076544 -.422240
6.063190 -.445155
6.049174 -.467198
6.034523 -.488350
6.019266 -.508591
6.003428 -.527906
5.987040 -.546281
5.970129 -.563701
5.952724 -.580155
5.934855 -.595632
5.916552 -.610122
5.897843 -.623620
5.878760 -.636117
5.859331 -.647611
5.839588 -.658097
5.819561 -.667573
5.799280 -.676040
5.778775 -.683499
5.758076 -.689951
5.737214 -.695400
5.716219 -.699852
5.695119 -.703313
5.673946 -.705789
5.652727 -.707290
5.631492 -.707825
5.610270 -.707404
5.589089 -.706040
5.567977 -.703743
5.546961 -.700528
5.526069 -.696409
5.505327 -.691399
5.484761 -.685514
5.464398 -.678770
5.444263 -.671183
5.424380 -.662769
5.404773 -.653545
5.385467 -.643529
5.366485 -.632736
5.347850 -.621186
5.329583 -.608895
5.311706 -.595880
5.294242 -.582159
5.277209 -.567750
5.260629 -.552669
5.244521 -.536933
5.228904 -.520560
5.213797 -.503565
5.199218 -.485966
5.185185 -.467777
5.171715 -.449015
5.158824 -.429696
5.146529 -.409833
5.134846 -.389442
5.123789 -.368537
5.113375 -.347132
5.103618 -.325241
5.094532 -.302878
5.086130 -.280055
5.078427 -.256785
5.071434 -.233081
5.065166 -.208955
5.059633 -.184420
5.054848 -.159488
5.050823 -.134170
5.047569 -.108479
5.045096 -.082425
5.043415 -.056022
5.042537 -.029280
5.042471 -.002213
5.043226 .025169
5.044811 .052853
5.047236 .080826
5.050508 .109075
5.054636 .137587
5.059626 .166349
5.065487 .195347
5.072224 .224566
5.079844 .253990
5.088352 .283605
5.097753 .313393
5.108054 .343338
5.119256 .373422
5.131365 .403625
5.144383 .433929
5.158312 .464313
5.173155 .494755
5.188912 .525232
5.205584 .555723
5.223170 .586201
5.241669 .616642
5.261079 .647018
5.281398 .677303
5.302623 .707468
5.324747 .737482
5.347766 .767315
5.371674 .796936
5.396464 .826311
5.422126 .855407
5.448652 .884189
5.476030 .912623
5.504251 .940672
5.533300 .968300
5.563164 .995470
5.593828 1.022145
5.625277 1.048287
5.657492 1.073859
5.690457 1.098824
5.724151 1.123143
5.758555 1.146781
5.793646 1.169701
5.829402 1.191869
5.865799 1.213249
5.902814 1.233810
5.940419 1.253518
5.978590 1.272345
6.017297 1.290262
6.056515 1.307242
6.096213 1.323263
6.136362 1.338301
6.176932 1.352338
6.217893 1.365358
6.259213 1.377347
6.300862 1.388293
.059622 1.398189
.101833 1.407031
.144278 1.414817
.186924 1.421548
.229741 1.427229
.272697 1.431867
.315761 1.435475
.358903 1.438066
.402093 1.439657
.445301 1.440267
.488498 1.439920
.531658 1.438640
.574751 1.436455
.617753 1.433394
.660638 1.429490
.703381 1.424775
.745960 1.419286
.788351 1.413058
.830535 1.406130
.872491 1.398539
.914201 1.390327
.955647 1.381532
.996813 1.372194
1.037684 1.362356
1.078245 1.352055
1.118485 1.341334
1.158392 1.330231
1.197956 1.318785
1.237167 1.307034
1.276017 1.295017
1.314500 1.282769
1.352610 1.270326
1.390342 1.257721
1.427691 1.244987
1.464656 1.232156
1.501234 1.219258
1.537423 1.206320
1.573224 1.193370
1.608637 1.180433
1.643663 1.167533
1.678304 1.154692
1.712562 1.141932
1.746440 1.129270
1.779942 1.116725
1.813071 1.104314
1.845833 1.092050
1.878231 1.079947
1.910272 1.068018
1.941960 1.056273
1.973302 1.044721
2.004303 1.033370
2.034970 1.022229
2.065309 1.011301
2.095327 1.000593
2.125030 .990109
2.154425 .979850
2.183520 .969819
2.212320 .960018
2.240834 .950446
2.269067 .941103
2.297027 .931989
2.324720 .923100
2.352153 .914436
2.379332 .905992
2.406265 .897766
2.432958 .889754
2.459417 .881952
2.485647 .874354
2.511656 .866955
2.537448 .859751
2.563031 .852736
2.588408 .845903
2.613585 .839247
2.638568 .832761
2.663361 .826438
2.687969 .820272
2.712397 .814255
2.736648 .808382
2.760728 .802645
2.784639 .797036
2.808385 .791548
2.831970 .786175
2.855398 .780909
2.878670 .775742
2.901790 .770667
2.924760 .765677
2.947583 .760765
2.970261 .755923
2.992795 .751143
3.015188 .746420
3.037440 .741745
3.059553 .737111
3.081529 .732512
3.103367 .727939
3.125069 .723388
3.146634 .718849
3.168064 .714317
3.189357 .709786
3.210515 .705248
3.231535 .700696
3.252419 .696125
3.273165 .691529
3.293772 .686900
3.314239 .682234
3.334565 .677523
3.354748 .672763
3.374786 .667948
3.394678 .663071
3.414422 .658128
3.434016 .653114
3.453456 .648022
3.472742 .642850
3.491869 .637590
3.510837 .632240
3.529640 .626794
3.548278 .621248
3.566746 .615598
3.585041 .609841
3.603160 .603971
3.621100 .597987
3.638856 .591884
3.656426 .585660
3.673805 .579311
3.690990 .572835
3.707977 .566230
3.724762 .559493
3.741341 .552622
3.757709 .545615
3.773863 .538471
3.789799 .531189
3.805512 .523768
3.820998 .516207
3.836253 .508505
3.851273 .500662
3.866054 .492679
3.880590 .484555
3.894879 .476291
3.908916 .467889
3.922696 .459349
3.936216 .450672
3.949472 .441861
3.962460 .432918
3.975175 .423844
3.987614 .414643
3.999774 .405316
4.011650 .395868
4.023239 .386302
4.034538 .376621
4.045543 .366830
4.056251 .356932
4.066658 .346932
4.076764 .336835
4.086563 .326646
4.096054 .316370
4.105234 .306013
4.114102 .295580
4.122654 .285078
4.130890 .274512
4.138806 .263888
4.146403 .253215
4.153678 .242497
4.160630 .231743
4.167259 .220959
4.173563 .210154
4.179543 .199333
4.185198 .188505
4.190529 .177678
4.195534 .166859
4.200216 .156056
4.204574 .145278
4.208610 .134533
4.212325 .123829
4.215721 .113174
4.218798 .102577
4.221559 .092046
4.224007 .081589
4.226143 .071216
4.227971 .060934
4.229494 .050752
4.230714 .040679
4.231636 .030722
4.232263 .020891
4.232599 .011194
4.232648 .001639
4.232415 -.007766
4.231904 -.017012
4.231122 -.026091
4.230072 -.034995
4.228760 -.043717
4.227193 -.052247
4.225376 -.060579
4.223314 -.068705
4.221016 -.076616
4.218487 -.084306
4.215734 -.091768
4.212764 -.098993
4.209585 -.105975
4.206203 -.112707
4.202628 -.119181
4.198866 -.125392
4.194926 -.131333
4.190816 -.136996
4.186545 -.142376
4.182121 -.147466
4.177553 -.152261
4.172851 -.156754
4.168022 -.160939
4.163078 -.164810
4.158027 -.168363
4.152880 -.171591
4.147645 -.174488
4.142333 -.177051
4.136955 -.179272
4.131521 -.181148
4.126041 -.182673
4.120525 -.183842
4.114986 -.184650
4.109433 -.185093
4.103878 -.185166
4.098332 -.184863
4.092807 -.184181
4.087313 -.183115
4.081863 -.181661
4.076469 -.179813
4.071142 -.177568
4.065894 -.174921
4.060738 -.171867
4.055686 -.168404
4.050751 -.164525
4.045944 -.160227
4.041279 -.155506
4.036768 -.150358
4.032424 -.144777
4.028262 -.138760
4.024293 -.132303
4.020531 -.125402
4.016989 -.118052
4.013682 -.110248
4.010622 -.101988
4.007824 -.093266
4.005302 -.084078
4.003069 -.074420
4.001140 -.064288
3.999530 -.053678
3.998252 -.042585
3.997322 -.031005
3.996754 -.018934
3.996563 -.006368
3.996764 .006698
3.997372 .020267
3.998403 .034343
3.999870 .048931
4.001791 .064034
4.004181 .079656
4.007055 .095802
4.010429 .112474
4.014320 .129675
4.018742 .147411
4.023712 .165683
4.029247 .184494
4.035363 .203848
4.042075 .223747
4.049401 .244193
4.057357 .265188
4.065959 .286733
4.075224 .308831
4.085168 .331481
4.095808 .354685
4.107162 .378441
4.119244 .402749
4.132072 .427608
4.145663 .453016
4.160032 .478970
4.175196 .505467
4.191171 .532501
4.207973 .560068
4.225618 .588161
4.244121 .616772
4.263498 .645894
4.283763 .675515
4.304932 .705624
4.327018 .736209
4.350036 .767254
4.373998 .798744
4.398918 .830660
4.424808 .862983
4.451678 .895690
4.479541 .928757
4.508406 .962157
4.538282 .995863
4.569177 1.029842
4.601099 1.064061
4.634053 1.098483
4.668045 1.133069
4.703079 1.167777
4.739155 1.202562
4.776277 1.237377
4.814442 1.272170
4.853648 1.306889
4.893893 1.341477
4.935169 1.375875
4.977470 1.410021
5.020785 1.443851
5.065104 1.477299
5.110413 1.510294
5.156696 1.542768
5.203935 1.574646
5.252111 1.605856
5.301201 1.636322
5.351180 1.665969
5.402021 1.694722
5.453697 1.722506
5.506174 1.749246
5.559420 1.774871
5.613399 1.799308
5.668074 1.822490
5.723405 1.844352
5.779350 1.864832
5.835866 1.883873
5.892909 1.901424
5.950432 1.917437
6.008388 1.931871
6.066729 1.944692
6.125405 1.955872
6.184366 1.965390
6.243563 1.973233
6.302945 1.979394
.079276 1.983876
.138877 1.986687
.198512 1.987846
.258133 1.987375
.317693 1.985307
.377143 1.981681
.436439 1.976542
.495538 1.969942
.554396 1.961939
.612974 1.952594
.671233 1.941975
.729137 1.930154
.786654 1.917206
.843750 1.903208
.900397 1.888240
.956569 1.872384
1.012240 1.855723
1.067390 1.838338
1.122000 1.820315
1.176052 1.801733
1.229532 1.782675
1.282429 1.763220
1.334732 1.743446
1.386435 1.723428
1.437532 1.703238
1.488020 1.682946
1.537899 1.662619
1.587169 1.642320
1.635832 1.622109
1.683893 1.602044
1.731358 1.582175
1.778235 1.562554
1.824532 1.543226
1.870259 1.524234
1.915427 1.505615
1.960050 1.487407
2.004139 1.469640
2.047709 1.452344
2.090775 1.435545
2.133353 1.419266
2.175459 1.403526
2.217110 1.388344
2.258322 1.373735
2.299113 1.359710
2.339501 1.346280
2.379505 1.333454
2.419142 1.321238
2.458431 1.309635
2.497391 1.298648
2.536039 1.288280
2.574395 1.278528
2.612477 1.269392
2.650303 1.260868
2.687891 1.252951
2.725260 1.245638
2.762428 1.238921
2.799412 1.232792
2.836229 1.227245
2.872897 1.222270
2.909433 1.217857
2.945853 1.213996
2.982173 1.210676
3.018410 1.207886
3.054578 1.205612
3.090693 1.203843
3.126770 1.202565
3.162823 1.201765
3.198866 1.201427
3.234912 1.201537
3.270974 1.202080
3.307066 1.203040
3.343198 1.204399
3.379382 1.206142
3.415629 1.208250
3.451950 1.210706
3.488355 1.213490
3.524853 1.216583
3.561452 1.219966
3.598160 1.223617
3.634986 1.227516
3.671935 1.231640
3.709014 1.235966
3.746228 1.240471
3.783582 1.245130
3.821079 1.249919
3.858724 1.254812
3.896517 1.259782
3.934461 1.264802
3.972557 1.269842
4.010803 1.274875
4.049199 1.279870
4.087743 1.284797
4.126432 1.289625
4.165261 1.294320
4.204227 1.298850
4.243322 1.303183
4.282541 1.307283
4.321874 1.311116
4.361314 1.314646
4.400849 1.317840
4.440469 1.320660
4.480161 1.323070
4.519912 1.325036
4.559707 1.326520
4.599532 1.327487
4.639369 1.327901
4.679201 1.327727
4.719009 1.326931
4.758773 1.325478
4.798473 1.323336
4.838087 1.320472
4.877593 1.316857
4.916967 1.312459
4.956184 1.307252
4.995221 1.301209
5.034050 1.294306
5.072645 1.286520
5.110980 1.277830
5.149027 1.268219
5.186757 1.257670
5.224142 1.246170
5.261153 1.233709
5.297762 1.220277
5.333938 1.205869
5.369652 1.190482
5.404876 1.174117
5.439579 1.156776
5.473733 1.138463
5.507308 1.119189
5.540277 1.098963
5.572611 1.077800
5.604283 1.055716
5.635265 1.032730
5.665531 1.008863
5.695055 .984140
5.723812 .958586
5.751779 .932231
5.778932 .905104
5.805250 .877238
5.830710 .848667
5.855292 .819427
5.878979 .789556
5.901752 .759091
5.923594 .728074
5.944490 .696544
5.964427 .664544
5.983390 .632117
6.001369 .599305
6.018354 .566153
6.034335 .532704
6.049305 .499004
6.063258 .465096
6.076189 .431026
6.088094 .396839
6.098971 .362578
6.108820 .328288
6.117640 .294012
6.125434 .259795
6.132205 .225680
6.137956 .191708
6.142694 .157922
6.146424 .124364
6.149157 .091073
6.150899 .058089
6.151663 .025453
6.151459 -.006800
6.150300 -.038629
6.148200 -.070001
6.145174 -.100878
6.141237 -.131227
6.136406 -.161015
6.130700 -.190207
6.124137 -.218774
6.116736 -.246685
6.108519 -.273911
6.099506 -.300424
6.089720 -.326198
6.079184 -.351206
6.067921 -.375424
6.055957 -.398830
6.043315 -.421402
6.030021 -.443119
6.016102 -.463962
6.001585 -.483914
5.986496 -.502958
5.970864 -.521080
5.954716 -.538266
5.938080 -.554504
5.920987 -.569783
5.903464 -.584095
5.885541 -.597431
5.867248 -.609785
5.848613 -.621153
5.829667 -.631530
5.810440 -.640916
5.790960 -.649308
5.771259 -.656708
5.751366 -.663117
5.731309 -.668539
5.711120 -.672979
5.690827 -.676441
5.670459 -.678933
5.650045 -.680462
5.629614 -.681038
5.609194 -.680670
5.588813 -.679369
5.568498 -.677147
5.548278 -.674016
5.528178 -.669989
5.508226 -.665081
5.488447 -.659305
5.468866 -.652676
5.449510 -.645210
5.430402 -.636923
5.411567 -.627831
5.393029 -.617950
5.374810 -.607296
5.356933 -.595887
5.339421 -.583739
5.322295 -.570869
5.305576 -.557294
5.289285 -.543031
5.273443 -.528096
5.258067 -.512507
5.243179 -.496278
5.228796 -.479427
5.214937 -.461970
5.201619 -.443921
5.188860 -.425298
5.176677 -.406114
5.165085 -.386385
5.154102 -.366126
5.143741 -.345350
5.134019 -.324073
5.124950 -.302307
5.116548 -.280067
5.108827 -.257365
5.101800 -.234215
5.095482 -.210629
5.089883 -.186621
5.085017 -.162204
5.080895 -.137388
5.077529 -.112188
5.074931 -.086615
5.073111 -.060682
5.072079 -.034402
5.071845 -.007786
5.072419 .019152
5.073812 .046400
5.076030 .073945
5.079083 .101772
5.082979 .129869
5.087726 .158222
5.093330 .186815
5.099799 .215634
5.107139 .244663
5.115356 .273886
5.124454 .303287
5.134440 .332847
5.145316 .362549
5.157087 .392373
5.169756 .422301
5.183326 .452310
5.197797 .482380
5.213172 .512488
5.229450 .542611
5.246632 .572724
5.264716 .602801
5.283700 .632817
5.303583 .662744
5.324359 .692554
5.346026 .722216
5.368577 .751701
5.392006 .780978
5.416306 .810013
5.441470 .838775
5.467487 .867229
5.494347 .895340
5.522039 .923074
5.550551 .950395
5.579869 .977266
5.609978 1.003652
5.640864 1.029515
5.672508 1.054819
5.704894 1.079528
5.738002 1.103605
5.771813 1.127014
5.806304 1.149720
5.841455 1.171689
5.877242 1.192888
5.913640 1.213284
5.950626 1.232847
5.988172 1.251546
6.026253 1.269356
6.064840 1.286249
6.103906 1.302204
6.143422 1.317197
6.183359 1.331211
6.223685 1.344230
6.264373 1.356240
6.305390 1.367229
.063520 1.377192
.105104 1.386121
.146924 1.394016
.188950 1.400878
.231152 1.406711
.273497 1.411523
.315957 1.415323
.358501 1.418124
.401099 1.419944
.443723 1.420801
.486345 1.420715
.528936 1.419712
.571471 1.417817
.613922 1.415059
.656266 1.411469
.698479 1.407078
.740536 1.401920
.782417 1.396031
.824101 1.389447
.865567 1.382205
.906797 1.374343
.947774 1.365900
.988482 1.356916
1.028904 1.347428
1.069029 1.337477
1.108842 1.327101
1.148332 1.316338
1.187489 1.305227
1.226303 1.293805
1.264766 1.282108
1.302871 1.270171
1.340612 1.258029
1.377984 1.245716
1.414981 1.233262
1.451602 1.220700
1.487844 1.208058
1.523705 1.195363
1.559184 1.182644
1.594282 1.169924
1.628999 1.157226
1.663336 1.144574
1.697296 1.131988
1.730880 1.119486
1.764093 1.107085
1.796937 1.094804
1.829417 1.082655
1.861536 1.070652
1.893300 1.058807
1.924714 1.047132
1.955783 1.035635
1.986513 1.024325
2.016909 1.013208
2.046978 1.002291
2.076725 .991579
2.106158 .981076
2.135281 .970785
2.164103 .960707
2.192628 .950845
2.220864 .941198
2.248817 .931767
2.276493 .922550
2.303900 .913546
2.331042 .904753
2.357927 .896168
2.384561 .887787
2.410949 .879608
2.437098 .871625
2.463013 .863834
2.488700 .856231
2.514164 .848809
2.539411 .841564
2.564446 .834489
2.589273 .827579
2.613898 .820827
2.638325 .814227
2.662558 .807772
2.686602 .801455
2.710460 .795269
2.734136 .789208
2.757634 .783264
2.780957 .777430
2.804108 .771699
2.827090 .766063
2.849905 .760516
2.872557 .755050
2.895046 .749657
2.917376 .744331
2.939548 .739064
2.961564 .733849
2.983424 .728679
3.005130 .723546
3.026684 .718444
3.048085 .713365
3.069334 .708303
3.090431 .703250
3.111377 .698201
3.132172 .693147
3.152814 .688083
3.173304 .683002
3.193641 .677897
3.213824 .672763
3.233852 .667592
3.253723 .662380
3.273437 .657120
3.292991 .651805
3.312384 .646432
3.331614 .640993
3.350678 .635483
3.369575 .629898
3.388302 .624233
3.406857 .618481
3.425236 .612638
3.443437 .606701
3.461457 .600664
3.479292 .594523
3.496940 .588273
3.514398 .581912
3.531661 .575435
3.548726 .568839
3.565590 .562121
3.582248 .555277
3.598697 .548304
3.614933 .541200
3.630952 .533963
3.646750 .526589
3.662322 .519078
3.677665 .511427
3.692774 .503635
3.707645 .495701
3.722274 .487623
3.736656 .479401
3.750787 .471034
3.764662 .462522
3.778278 .453864
3.791630 .445062
3.804714 .436116
3.817524 .427025
3.830058 .417793
3.842311 .408418
3.854278 .398904
3.865955 .389252
3.877339 .379464
3.888426 .369543
3.899210 .359490
3.909690 .349310
3.919860 .339004
3.929717 .328576
3.939258 .318031
3.948479 .307371
3.957377 .296601
3.965949 .285725
3.974191 .274747
3.982101 .263673
3.989677 .252507
3.996914 .241254
4.003812 .229921
4.010367 .218511
4.016578 .207032
4.022443 .195489
4.027959 .183887
4.033126 .172234
4.037943 .160536
4.042406 .148798
4.046517 .137028
4.050274 .125232
4.053677 .113417
4.056724 .101590
4.059417 .089758
4.061755 .077928
4.063738 .066107
4.065367 .054302
4.066643 .042520
4.067566 .030769
4.068138 .019055
4.068359 .007386
4.068232 -.004230
4.067759 -.015788
4.066940 -.027280
4.065779 -.038698
4.064278 -.050036
4.062440 -.061287
4.060266 -.072444
4.057761 -.083500
4.054928 -.094448
4.051769 -.105282
4.048290 -.115995
4.044492 -.126582
4.040381 -.137034
4.035961 -.147348
4.031235 -.157515
4.026209 -.167531
4.020888 -.177390
4.015275 -.187085
4.009377 -.196613
4.003198 -.205966
3.996743 -.215141
3.990019 -.224132
3.983031 -.232933
3.975785 -.241541
3.968287 -.249951
3.960542 -.258158
3.952557 -.266159
3.944339 -.273948
3.935893 -.281522
3.927227 -.288878
3.918346 -.296010
3.909259 -.302917
3.899971 -.309594
3.890490 -.316038
3.880823 -.322246
3.870976 -.328215
3.860958 -.333941
3.850775 -.339423
3.840436 -.344658
3.829946 -.349642
3.819315 -.354374
3.808550 -.358851
3.797657 -.363070
3.786647 -.367029
3.775525 -.370727
3.764300 -.374161
3.752980 -.377329
3.741573 -.380230
3.730087 -.382860
3.718531 -.385219
3.706912 -.387304
3.695238 -.389113
3.683519 -.390646
3.671762 -.391899
3.659976 -.392872
3.648169 -.393562
3.636350 -.393968
3.624527 -.394089
3.612710 -.393921
3.600906 -.393464
3.589124 -.392717
3.577374 -.391676
3.565664 -.390340
3.554002 -.388708
3.542399 -.386778
3.530863 -.384547
3.519402 -.382015
3.508027 -.379178
3.496746 -.376035
3.485568 -.372585
3.474504 -.368824
3.463561 -.364752
3.452750 -.360365
3.442080 -.355662
3.431561 -.350641
3.421202 -.345299
3.411013 -.339634
3.401004 -.333643
3.391184 -.327325
3.381564 -.320678
3.372153 -.313697
3.362961 -.306382
3.353999 -.298730
3.345277 -.290738
3.336805 -.282403
3.328593 -.273724
3.320652 -.264697
3.312993 -.255319
3.305625 -.245589
3.298560 -.235502
3.291808 -.225057
3.285381 -.214251
3.279288 -.203081
3.273542 -.191544
3.268153 -.179637
3.263132 -.167357
3.258491 -.154702
3.254241 -.141667
3.250394 -.128251
3.246960 -.114451
3.243952 -.100262
3.241382 -.085682
3.239261 -.070709
3.237600 -.055338
3.236413 -.039566
3.235712 -.023390
3.235508 -.006808
3.235813 .010186
3.236641 .027593
3.238003 .045418
3.239913 .063664
3.242383 .082335
3.245426 .101434
3.249055 .120965
3.253283 .140932
3.258123 .161338
3.263589 .182189
3.269694 .203486
3.276451 .225236
3.283874 .247441
3.291977 .270106
3.300774 .293236
3.310279 .316833
3.320506 .340903
3.331470 .365450
3.343184 .390478
3.355664 .415991
3.368924 .441994
3.382978 .468490
3.397843 .495484
3.413532 .522979
3.430062 .550980
3.447446 .579489
3.465702 .608510
3.484843 .638046
3.504886 .668100
3.525846 .698672
3.547739 .729766
3.570581 .761381
3.594386 .793517
3.619171 .826175
3.644952 .859352
3.671743 .893045
3.699561 .927251
3.728420 .961963
3.758335 .997176
3.789321 1.032880
3.821393 1.069065
3.854565 1.105717
3.888850 1.142823
3.924260 1.180364
3.960810 1.218321
3.998510 1.256669
4.037372 1.295384
4.077405 1.334434
4.118618 1.373786
4.161020 1.413403
4.204618 1.453244
4.249416 1.493261
4.295418 1.533405
4.342626 1.573619
4.391042 1.613845
4.440662 1.654016
4.491484 1.694062
4.543501 1.733907
4.596705 1.773470
4.651085 1.812665
4.706627 1.851401
4.763315 1.889583
4.821128 1.927110
4.880044 1.963877
4.940038 1.999777
5.001079 2.034698
5.063134 2.068526
5.126169 2.101147
5.190142 2.132444
5.255011 2.162300
5.320729 2.190600
5.387246 2.217231
5.454508 2.242082
5.522460 2.265049
5.591041 2.286030
5.660189 2.304931
5.729839 2.321667
5.799924 2.336159
5.870374 2.348340
5.941118 2.358153
6.012085 2.365551
6.083200 2.370503
6.154389 2.372985
6.225579 2.372991
6.296695 2.370525
.084478 2.365605
.155226 2.358262
.225682 2.348539
.295777 2.336492
.365442 2.322188
.434613 2.305702
.503227 2.287122
.571223 2.266544
.638545 2.244068
.705139 2.219804
.770955 2.193866
.835947 2.166370
.900070 2.137437
.963285 2.107187
1.025558 2.075744
1.086854 2.043227
1.147147 2.009756
1.206411 1.975449
1.264623 1.940418
1.321766 1.904774
1.377825 1.868622
1.432787 1.832061
1.486642 1.795187
1.539385 1.758089
1.591011 1.720849
1.641517 1.683546
1.690904 1.646250
1.739175 1.609026
1.786333 1.571933
1.832384 1.535024
1.877334 1.498347
1.921193 1.461944
1.963968 1.425850
2.005671 1.390099
2.046313 1.354715
2.085904 1.319722
2.124458 1.285137
2.161988 1.250974
2.198505 1.217244
2.234023 1.183953
2.268557 1.151104
2.302118 1.118699
2.334720 1.086735
2.366376 1.055209
2.397099 1.024113
2.426902 .993441
2.455798 .963181
2.483798 .933322
2.510913 .903851
2.537156 .874755
2.562536 .846017
2.587065 .817623
2.610752 .789556
2.633606 .761798
2.655636 .734333
2.676850 .707141
2.697256 .680204
2.716861 .653505
2.735672 .627024
2.753694 .600742
2.770933 .574642
2.787394 .548704
2.803082 .522910
2.817999 .497241
2.832149 .471679
2.845535 .446207
2.858160 .420806
2.870023 .395459
2.881128 .370149
2.891474 .344859
2.901061 .319573
2.909889 .294274
2.917957 .268945
2.925265 .243572
2.931809 .218140
2.937588 .192632
2.942599 .167035
2.946839 .141334
2.950304 .115514
2.952991 .089563
2.954895 .063467
2.956012 .037212
2.956335 .010786
2.955860 -.015824
2.954581 -.042631
2.952492 -.069647
2.949586 -.096883
2.945855 -.124352
2.941293 -.152064
2.935892 -.180031
2.929644 -.208264
2.922541 -.236774
2.914574 -.265571
2.905734 -.294665
2.896012 -.324067
2.885398 -.353787
2.873883 -.383833
2.861457 -.414215
2.848109 -.444942
2.833828 -.476022
2.818604 -.507464
2.802426 -.539276
2.785282 -.571465
2.767161 -.604037
2.748051 -.636998
2.727940 -.670355
2.706817 -.704112
2.684669 -.738273
2.661483 -.772841
2.637249 -.807818
2.611953 -.843206
2.585582 -.879003
2.558126 -.915207
2.529572 -.951817
2.499907 -.988826
2.469120 -1.026227
2.437200 -1.064012
2.404135 -1.102168
2.369914 -1.140684
2.334528 -1.179540
2.297966 -1.218720
2.260221 -1.258199
2.221282 -1.297951
2.181144 -1.337948
2.139799 -1.378156
