.210252 -.006267
.209900 -.011714
.209410 -.016349
.208804 -.020182
.208108 -.023221
.207343 -.025477
.206534 -.026961
.205704 -.027685
.204874 -.027662
.204067 -.026905
.203304 -.025429
.202606 -.023249
.201995 -.020379
.201490 -.016838
.201111 -.012640
.200877 -.007805
.200806 -.002349
.200917 .003708
.201228 .010347
.201754 .017549
.202513 .025293
.203520 .033559
.204790 .042326
.206337 .051573
.208175 .061277
.210318 .071417
.212777 .081970
.215564 .092914
.218691 .104226
.222167 .115883
.226003 .127862
.230207 .140138
.234788 .152690
.239753 .165493
.245109 .178523
.250861 .191757
.257016 .205171
.263579 .218742
.270552 .232446
.277940 .246260
.285745 .260159
.293968 .274122
.302612 .288125
.311676 .302145
.321161 .316160
.331066 .330147
.341388 .344085
.352127 .357952
.363279 .371727
.374840 .385388
.386808 .398917
.399176 .412292
.411941 .425494
.425096 .438505
.438636 .451306
.452552 .463878
.466838 .476206
.481486 .488272
.496488 .500060
.511835 .511554
.527517 .522741
.543525 .533606
.559849 .544135
.576479 .554317
.593403 .564138
.610611 .573589
.628090 .582658
.645830 .591335
.663819 .599613
.682043 .607481
.700491 .614934
.719150 .621963
.738007 .628564
.757049 .634730
.776263 .640458
.795635 .645742
.815152 .650580
.834801 .654970
.854569 .658908
.874440 .662394
.894403 .665428
.914444 .668008
.934548 .670135
.954702 .671810
.974893 .673034
.995107 .673809
1.015331 .674137
1.035552 .674021
1.055756 .673464
1.075930 .672469
1.096061 .671040
1.116137 .669180
1.136143 .666893
1.156069 .664184
1.175901 .661057
1.195626 .657517
1.215233 .653568
1.234710 .649215
1.254043 .644463
1.273223 .639317
1.292236 .633780
1.311072 .627858
1.329719 .621556
1.348165 .614878
1.366400 .607828
1.384412 .600410
1.402191 .592630
1.419726 .584489
1.437006 .575994
1.454020 .567146
1.470758 .557949
1.487211 .548406
1.503366 .538520
1.519215 .528293
1.534747 .517728
1.549952 .506827
1.564819 .495592
1.579340 .484023
1.593504 .472123
1.607301 .459891
1.620720 .447330
1.633754 .434438
1.646390 .421216
1.658620 .407665
1.670434 .393783
1.681821 .379570
1.692771 .365025
1.703276 .350147
1.713324 .334935
1.722905 .319386
1.732010 .303500
1.740629 .287274
1.748750 .270706
1.756364 .253794
1.763460 .236535
1.770028 .218928
1.776057 .200969
1.781536 .182656
1.786456 .163987
1.790805 .144957
1.794572 .125566
1.797746 .105809
1.800316 .085685
1.802272 .065190
1.803602 .044323
1.804294 .023080
1.804338 .001460
1.803722 -.020539
1.802434 -.042919
1.800464 -.065682
1.797799 -.088829
1.794428 -.112360
1.790340 -.136277
1.785522 -.160579
1.779964 -.185265
1.773654 -.210335
1.766581 -.235788
1.758732 -.261621
1.750097 -.287831
1.740665 -.314415
1.730424 -.341368
1.719363 -.368686
1.707472 -.396362
1.694741 -.424390
1.681158 -.452760
1.666714 -.481465
1.651399 -.510494
1.635204 -.539835
1.618120 -.569476
1.600138 -.599402
1.581250 -.629597
1.561448 -.660045
1.540727 -.690727
1.519078 -.721623
1.496497 -.752710
1.472978 -.783964
1.448517 -.815361
1.423111 -.846873
1.396757 -.878471
1.369453 -.910122
1.341199 -.941795
1.311995 -.973454
1.281844 -1.005062
1.250746 -1.036580
1.218707 -1.067968
1.185732 -1.099182
1.151826 -1.130179
1.116999 -1.160911
1.081259 -1.191332
1.044617 -1.221391
1.007086 -1.251039
.968679 -1.280224
.929413 -1.308893
.889303 -1.336992
.848369 -1.364468
.806631 -1.391267
.764111 -1.417334
.720832 -1.442615
.676821 -1.467059
.632102 -1.490611
.586706 -1.513222
.540660 -1.534842
.493998 -1.555425
.446750 -1.574925
.398951 -1.593300
.350635 -1.610512
.301840 -1.626525
.252600 -1.641308
.202955 -1.654832
.152943 -1.667074
.102603 -1.678015
.051974 -1.687641
.001095 -1.695942
-.049992 -1.702914
-.101249 -1.708558
-.152635 -1.712880
-.204112 -1.715889
-.255640 -1.717602
-.307181 -1.718040
-.358698 -1.717228
-.410154 -1.715196
-.461513 -1.711977
-.512742 -1.707611
-.563806 -1.702139
-.614674 -1.695607
-.665316 -1.688064
-.715703 -1.679559
-.765807 -1.670148
-.815604 -1.659885
-.865068 -1.648827
-.914179 -1.637034
-.962916 -1.624563
-1.011261 -1.611474
-1.059195 -1.597828
-1.106706 -1.583682
-1.153779 -1.569098
-1.200403 -1.554131
-1.246568 -1.538840
-1.292266 -1.523280
-1.337491 -1.507504
-1.382238 -1.491566
-1.426504 -1.475516
-1.470286 -1.459403
-1.513584 -1.443272
-1.556399 -1.427167
-1.598733 -1.411131
-1.640589 -1.395203
-1.681972 -1.379419
-1.722886 -1.363815
-1.763339 -1.348423
-1.803337 -1.333272
-1.842889 -1.318391
-1.882003 -1.303804
-1.920689 -1.289535
-1.958957 -1.275604
-1.996818 -1.262031
-2.034283 -1.248833
-2.071364 -1.236024
-2.108072 -1.223617
-2.144421 -1.211625
-2.180423 -1.200057
-2.216090 -1.188921
-2.251437 -1.178224
-2.286476 -1.167971
-2.321221 -1.158167
-2.355686 -1.148814
-2.389883 -1.139915
-2.423827 -1.131469
-2.457531 -1.123477
-2.491009 -1.115937
-2.524275 -1.108848
-2.557341 -1.102207
-2.590221 -1.096010
-2.622929 -1.090253
-2.655477 -1.084933
-2.687878 -1.080042
-2.720146 -1.075577
-2.752291 -1.071529
-2.784328 -1.067894
-2.816268 -1.064664
-2.848123 -1.061831
-2.879905 -1.059388
-2.911625 -1.057327
-2.943294 -1.055639
-2.974923 -1.054316
-3.006524 -1.053349
-3.038106 -1.052729
-3.069679 -1.052446
-3.101254 -1.052491
-3.132839 -1.052853
-3.164445 -1.053524
-3.196080 -1.054491
-3.227752 -1.055745
-3.259470 -1.057274
-3.291242 -1.059068
-3.323076 -1.061114
-3.354978 -1.063401
-3.386955 -1.065917
-3.419015 -1.068649
-3.451162 -1.071583
-3.483403 -1.074708
-3.515744 -1.078009
-3.548188 -1.081472
-3.580740 -1.085083
-3.613405 -1.088826
-3.646186 -1.092686
-3.679085 -1.096648
-3.712106 -1.100695
-3.745250 -1.104810
-3.778520 -1.108976
-3.811915 -1.113174
-3.845436 -1.117387
-3.879084 -1.121595
-3.912858 -1.125778
-3.946755 -1.129918
-3.980775 -1.133992
-4.014914 -1.137980
-4.049170 -1.141860
-4.083538 -1.145610
-4.118015 -1.149207
-4.152593 -1.152628
-4.187269 -1.155850
-4.222034 -1.158848
-4.256882 -1.161598
-4.291805 -1.164075
-4.326792 -1.166255
-4.361836 -1.168113
-4.396924 -1.169623
-4.432047 -1.170759
-4.467192 -1.171497
-4.502346 -1.171812
-4.537497 -1.171678
-4.572629 -1.171071
-4.607728 -1.169966
-4.642778 -1.168339
-4.677763 -1.166167
-4.712666 -1.163426
-4.747469 -1.160095
-4.782153 -1.156153
-4.816701 -1.151579
-4.851091 -1.146355
-4.885305 -1.140461
-4.919321 -1.133881
-4.953119 -1.126600
-4.986678 -1.118603
-5.019974 -1.109879
-5.052986 -1.100416
-5.085693 -1.090205
-5.118070 -1.079238
-5.150095 -1.067511
-5.181746 -1.055018
-5.212998 -1.041759
-5.243830 -1.027734
-5.274219 -1.012944
-5.304140 -.997393
-5.333573 -.981088
-5.362494 -.964037
-5.390882 -.946250
-5.418714 -.927738
-5.445969 -.908516
-5.472627 -.888600
-5.498668 -.868007
-5.524070 -.846756
-5.548816 -.824870
-5.572887 -.802369
-5.596266 -.779280
-5.618935 -.755627
-5.640878 -.731438
-5.662080 -.706742
-5.682527 -.681567
-5.702205 -.655946
-5.721103 -.629909
-5.739207 -.603490
-5.756509 -.576722
-5.772998 -.549639
-5.788667 -.522277
-5.803507 -.494670
-5.817512 -.466855
-5.830678 -.438867
-5.843001 -.410744
-5.854476 -.382521
-5.865103 -.354235
-5.874881 -.325923
-5.883810 -.297621
-5.891891 -.269365
-5.899126 -.241192
-5.905520 -.213137
-5.911077 -.185236
-5.915803 -.157524
-5.919704 -.130035
-5.922788 -.102803
-5.925064 -.075861
-5.926541 -.049242
-5.927231 -.022978
-5.927144 .002900
-5.926293 .028361
-5.924692 .053377
-5.922354 .077917
-5.919296 .101954
-5.915532 .125462
-5.911079 .148414
-5.905956 .170786
-5.900179 .192553
-5.893768 .213692
-5.886743 .234181
-5.879123 .254000
-5.870929 .273129
-5.862182 .291550
-5.852905 .309244
-5.843119 .326195
-5.832848 .342388
-5.822113 .357810
-5.810940 .372446
-5.799351 .386286
-5.787372 .399319
-5.775026 .411535
-5.762338 .422926
-5.749333 .433485
-5.736037 .443205
-5.722475 .452083
-5.708671 .460114
-5.694653 .467295
-5.680444 .473624
-5.666071 .479102
-5.651559 .483728
-5.636934 .487504
-5.622221 .490432
-5.607445 .492515
-5.592633 .493757
-5.577808 .494164
-5.562996 .493740
-5.548221 .492492
-5.533508 .490428
-5.518881 .487555
-5.504365 .483882
-5.489982 .479417
-5.475757 .474171
-5.461713 .468153
-5.447871 .461374
-5.434256 .453845
-5.420889 .445577
-5.407791 .436582
-5.394985 .426872
-5.382491 .416459
-5.370331 .405356
-5.358523 .393575
-5.347089 .381129
-5.336048 .368031
-5.325420 .354294
-5.315222 .339932
-5.305473 .324957
-5.296192 .309383
-5.287395 .293224
-5.279100 .276493
-5.271324 .259203
-5.264083 .241368
-5.257393 .223001
-5.251269 .204116
-5.245728 .184727
-5.240782 .164847
-5.236448 .144490
-5.232737 .123669
-5.229665 .102399
-5.227245 .080693
-5.225488 .058565
-5.224407 .036030
-5.224014 .013102
-5.224320 -.010204
-5.225336 -.033875
-5.227073 -.057894
-5.229540 -.082247
-5.232748 -.106919
-5.236705 -.131892
-5.241419 -.157151
-5.246900 -.182680
-5.253153 -.208461
-5.260188 -.234476
-5.268009 -.260708
-5.276623 -.287138
-5.286036 -.313746
-5.296251 -.340514
-5.307274 -.367420
-5.319107 -.394443
-5.331754 -.421562
-5.345216 -.448755
-5.359496 -.475998
-5.374594 -.503267
-5.390510 -.530538
-5.407244 -.557786
-5.424793 -.584984
-5.443157 -.612106
-5.462330 -.639125
-5.482311 -.666012
-5.503093 -.692739
-5.524671 -.719276
-5.547039 -.745594
-5.570189 -.771661
-5.594112 -.797447
-5.618800 -.822921
-5.644241 -.848052
-5.670426 -.872806
-5.697340 -.897153
-5.724972 -.921060
-5.753307 -.944495
-5.782330 -.967426
-5.812024 -.989823
-5.842374 -1.011653
-5.873361 -1.032887
-5.904965 -1.053494
-5.937169 -1.073446
-5.969950 -1.092714
-6.003288 -1.111272
-6.037161 -1.129094
-6.071546 -1.146156
-6.106419 -1.162436
-6.141756 -1.177911
-6.177533 -1.192564
-6.213724 -1.206376
-6.250304 -1.219333
-6.287247 -1.231421
-.041341 -1.242630
-.078929 -1.252950
-.116800 -1.262376
-.154928 -1.270904
-.193283 -1.278531
-.231841 -1.285260
-.270574 -1.291093
-.309455 -1.296036
-.348458 -1.300098
-.387557 -1.303289
-.426725 -1.305622
-.465939 -1.307111
-.505172 -1.307775
-.544401 -1.307631
-.583602 -1.306702
-.622752 -1.305009
-.661830 -1.302578
-.700813 -1.299433
-.739681 -1.295602
-.778414 -1.291113
-.816994 -1.285996
-.855402 -1.280279
-.893622 -1.273995
-.931637 -1.267175
-.969433 -1.259849
-1.006994 -1.252050
-1.044309 -1.243810
-1.081363 -1.235160
-1.118147 -1.226131
-1.154650 -1.216756
-1.190862 -1.207065
-1.226775 -1.197088
-1.262380 -1.186854
-1.297672 -1.176392
-1.332644 -1.165730
-1.367291 -1.154894
-1.401608 -1.143912
-1.435592 -1.132807
-1.469240 -1.121603
-1.502550 -1.110323
-1.535520 -1.098988
-1.568148 -1.087619
-1.600435 -1.076235
-1.632381 -1.064853
-1.663986 -1.053491
-1.695251 -1.042163
-1.726177 -1.030885
-1.756767 -1.019669
-1.787023 -1.008527
-1.816947 -.997470
-1.846542 -.986508
-1.875812 -.975650
-1.904759 -.964903
-1.933387 -.954273
-1.961700 -.943768
-1.989702 -.933391
-2.017396 -.923146
-2.044787 -.913036
-2.071879 -.903064
-2.098676 -.893232
-2.125182 -.883539
-2.151402 -.873986
-2.177339 -.864572
-2.202998 -.855296
-2.228383 -.846157
-2.253497 -.837152
-2.278346 -.828278
-2.302932 -.819533
-2.327259 -.810911
-2.351331 -.802410
-2.375152 -.794025
-2.398725 -.785750
-2.422052 -.777582
-2.445137 -.769514
-2.467984 -.761540
-2.490593 -.753656
-2.512969 -.745854
-2.535113 -.738129
-2.557027 -.730474
-2.578713 -.722882
-2.600174 -.715346
-2.621410 -.707861
-2.642422 -.700418
-2.663213 -.693011
-2.683781 -.685633
-2.704130 -.678276
-2.724258 -.670934
-2.744166 -.663598
-2.763854 -.656263
-2.783321 -.648920
-2.802568 -.641563
-2.821594 -.634184
-2.840397 -.626776
-2.858977 -.619332
-2.877332 -.611845
-2.895462 -.604308
-2.913363 -.596714
-2.931035 -.589055
-2.948474 -.581326
-2.965680 -.573519
-2.982649 -.565628
-2.999378 -.557646
-3.015865 -.549566
-3.032107 -.541383
-3.048099 -.533090
-3.063840 -.524680
-3.079324 -.516149
-3.094549 -.507489
-3.109510 -.498695
-3.124203 -.489762
-3.138623 -.480683
-3.152767 -.471454
-3.166629 -.462069
-3.180204 -.452523
-3.193489 -.442812
-3.206477 -.432929
-3.219163 -.422872
-3.231542 -.412634
-3.243608 -.402212
-3.255356 -.391602
-3.266780 -.380799
-3.277874 -.369800
-3.288632 -.358600
-3.299048 -.347197
-3.309116 -.335587
-3.318829 -.323766
-3.328181 -.311732
-3.337165 -.299482
-3.345776 -.287012
-3.354005 -.274320
-3.361847 -.261404
-3.369295 -.248261
-3.376342 -.234889
-3.382980 -.221285
-3.389204 -.207449
-3.395005 -.193379
-3.400377 -.179071
-3.405313 -.164526
-3.409805 -.149740
-3.413847 -.134714
-3.417430 -.119446
-3.420548 -.103934
-3.423193 -.088178
-3.425359 -.072176
-3.427037 -.055928
-3.428220 -.039432
-3.428900 -.022688
-3.429071 -.005694
-3.428724 .011550
-3.427853 .029045
-3.426449 .046792
-3.424506 .064791
-3.422014 .083045
-3.418968 .101553
-3.415358 .120317
-3.411178 .139337
-3.406420 .158616
-3.401075 .178154
-3.395136 .197953
-3.388596 .218014
-3.381446 .238338
-3.373678 .258929
-3.365284 .279786
-3.356257 .300913
-3.346588 .322312
-3.336268 .343985
-3.325290 .365934
-3.313645 .388163
-3.301325 .410674
-3.288321 .433470
-3.274624 .456555
-3.260226 .479932
-3.245118 .503605
-3.229291 .527577
-3.212735 .551851
-3.195442 .576433
-3.177402 .601327
-3.158606 .626535
-3.139044 .652063
-3.118707 .677915
-3.097584 .704095
-3.075666 .730606
-3.052942 .757454
-3.029403 .784641
-3.005038 .812171
-2.979837 .840048
-2.953788 .868273
-2.926883 .896850
-2.899110 .925780
-2.870458 .955063
-2.840917 .984701
-2.810476 1.014692
-2.779125 1.045035
-2.746853 1.075725
-2.713650 1.106760
-2.679506 1.138132
-2.644411 1.169835
-2.608355 1.201858
-2.571330 1.234189
-2.533325 1.266816
-2.494334 1.299721
-2.454347 1.332885
-2.413359 1.366286
-2.371362 1.399898
-2.328351 1.433694
-2.284322 1.467640
-2.239271 1.501701
-2.193195 1.535837
-2.146095 1.570004
-2.097971 1.604152
-2.048824 1.638229
-1.998659 1.672177
-1.947481 1.705934
-1.895298 1.739433
-1.842120 1.772600
-1.787959 1.805361
-1.732830 1.837632
-1.676750 1.869329
-1.619739 1.900361
-1.561820 1.930634
-1.503019 1.960051
-1.443363 1.988510
-1.382886 2.015907
-1.321622 2.042138
-1.259609 2.067095
-1.196889 2.090672
-1.133506 2.112760
-1.069508 2.133254
-1.004947 2.152049
-.939876 2.169045
-.874351 2.184144
-.808434 2.197255
-.742185 2.208290
-.675670 2.217171
-.608955 2.223826
-.542109 2.228192
-.475203 2.230216
-.408307 2.229853
-.341495 2.227071
-.274840 2.221848
-.208414 2.214172
-.142293 2.204045
-.076549 2.191477
-.011254 2.176492
.053520 2.159123
.117702 2.139414
.181225 2.117418
.244021 2.093200
.306025 2.066829
.367177 2.038385
.427416 2.007952
.486684 1.975621
.544929 1.941487
.602098 1.905650
.658145 1.868209
.713023 1.829270
.766691 1.788934
.819110 1.747305
.870244 1.704487
.920062 1.660579
.968532 1.615680
1.015629 1.569886
1.061327 1.523288
1.105607 1.475975
1.148448 1.428030
1.189834 1.379532
1.229750 1.330557
1.268185 1.281173
1.305129 1.231446
1.340572 1.181436
1.374508 1.131197
1.406931 1.080780
1.437838 1.030231
1.467226 .979590
1.495093 .928894
1.521438 .878176
1.546262 .827463
1.569565 .776782
1.591350 .726153
1.611618 .675594
1.630371 .625120
1.647614 .574745
1.663348 .524477
1.677578 .474325
1.690307 .424295
1.701538 .374390
1.711277 .324613
1.719526 .274965
1.726289 .225447
1.731571 .176058
1.735375 .126797
1.737705 .077662
1.738564 .028652
1.737957 -.020236
1.735887 -.069003
1.732357 -.117650
1.727372 -.166178
1.720935 -.214586
1.713048 -.262875
1.703717 -.311042
1.692944 -.359084
1.680735 -.406995
1.667091 -.454771
1.652019 -.502403
1.635523 -.549882
1.617607 -.597195
1.598277 -.644329
1.577539 -.691268
1.555399 -.737992
1.531865 -.784482
1.506944 -.830713
1.480644 -.876658
1.452975 -.922288
1.423948 -.967572
1.393574 -1.012473
1.361865 -1.056953
1.328836 -1.100971
1.294502 -1.144483
1.258878 -1.187441
1.221985 -1.229797
1.183840 -1.271495
1.144465 -1.312483
1.103884 -1.352700
1.062122 -1.392088
1.019204 -1.430584
.975160 -1.468124
.930021 -1.504644
.883819 -1.540077
.836588 -1.574358
.788365 -1.607418
.739190 -1.639194
.689101 -1.669618
.638142 -1.698628
.586357 -1.726161
.533793 -1.752160
.480496 -1.776568
.426516 -1.799333
.371903 -1.820408
.316711 -1.839750
.260991 -1.857322
.204798 -1.873092
.148187 -1.887034
.091213 -1.899131
.033932 -1.909370
-.023600 -1.917748
-.081328 -1.924265
-.139196 -1.928934
-.197149 -1.931770
-.255133 -1.932798
-.313095 -1.932051
-.370982 -1.929565
-.428743 -1.925388
-.486330 -1.919568
-.543695 -1.912163
-.600792 -1.903235
-.657578 -1.892850
-.714010 -1.881079
-.770050 -1.867995
-.825660 -1.853676
-.880806 -1.838200
-.935456 -1.821648
-.989579 -1.804101
-1.043148 -1.785642
-1.096139 -1.766353
-1.148528 -1.746315
-1.200296 -1.725609
-1.251426 -1.704312
-1.301901 -1.682502
-1.351708 -1.660254
-1.400838 -1.637639
-1.449279 -1.614726
-1.497027 -1.591581
-1.544075 -1.568266
-1.590420 -1.544841
-1.636061 -1.521361
-1.680997 -1.497878
-1.725230 -1.474441
-1.768763 -1.451093
-1.811599 -1.427877
-1.853744 -1.404830
-1.895204 -1.381986
-1.935985 -1.359376
-1.976096 -1.337027
-2.015545 -1.314964
-2.054341 -1.293207
-2.092494 -1.271776
-2.130015 -1.250685
-2.166913 -1.229949
-2.203201 -1.209577
-2.238888 -1.189578
-2.273987 -1.169958
-2.308509 -1.150721
-2.342465 -1.131870
-2.375867 -1.113406
-2.408727 -1.095326
-2.441055 -1.077629
-2.472865 -1.060311
-2.504166 -1.043367
-2.534970 -1.026791
-2.565287 -1.010576
-2.595128 -.994714
-2.624504 -.979196
-2.653425 -.964013
-2.681899 -.949155
-2.709938 -.934610
-2.737549 -.920369
-2.764741 -.906420
-2.791524 -.892751
-2.817904 -.879349
-2.843890 -.866204
-2.869489 -.853302
-2.894708 -.840632
-2.919554 -.828180
-2.944032 -.815934
-2.968148 -.803881
-2.991908 -.792010
-3.015318 -.780307
-3.038380 -.768760
-3.061101 -.757357
-3.083484 -.746087
-3.105532 -.734937
-3.127249 -.723895
-3.148637 -.712950
-3.169700 -.702091
-3.190439 -.691307
-3.210857 -.680587
-3.230954 -.669921
-3.250733 -.659298
-3.270195 -.648708
-3.289339 -.638142
-3.308167 -.627591
-3.326678 -.617045
-3.344873 -.606495
-3.362751 -.595934
-3.380311 -.585353
-3.397554 -.574744
-3.414477 -.564101
-3.431079 -.553415
-3.447360 -.542680
-3.463316 -.531890
-3.478947 -.521038
-3.494251 -.510120
-3.509225 -.499128
-3.523867 -.488059
-3.538174 -.476907
-3.552144 -.465668
-3.565774 -.454338
-3.579061 -.442914
-3.592003 -.431391
-3.604596 -.419768
-3.616837 -.408040
-3.628724 -.396206
-3.640251 -.384263
-3.651418 -.372210
-3.662219 -.360046
-3.672652 -.347768
-3.682713 -.335377
-3.692400 -.322872
-3.701707 -.310252
-3.710633 -.297517
-3.719173 -.284669
-3.727324 -.271706
-3.735083 -.258631
-3.742446 -.245444
-3.749411 -.232146
-3.755973 -.218740
-3.762130 -.205226
-3.767878 -.191607
-3.773214 -.177885
-3.778136 -.164063
-3.782640 -.150142
-3.786724 -.136126
-3.790385 -.122018
-3.793619 -.107820
-3.796425 -.093535
-3.798800 -.079168
-3.800742 -.064721
-3.802248 -.050197
-3.803316 -.035601
-3.803944 -.020936
-3.804130 -.006205
-3.803873 .008588
-3.803169 .023439
-3.802019 .038344
-3.800420 .053300
-3.798371 .068304
-3.795871 .083350
-3.792917 .098437
-3.789511 .113560
-3.785649 .128716
-3.781332 .143901
-3.776559 .159113
-3.771328 .174348
-3.765640 .189603
-3.759494 .204875
-3.752889 .220162
-3.745825 .235461
-3.738302 .250769
-3.730320 .266084
-3.721878 .281404
-3.712976 .296728
-3.703614 .312053
-3.693793 .327378
-3.683512 .342702
-3.672771 .358024
-3.661571 .373343
-3.649911 .388659
-3.637792 .403970
-3.625213 .419278
-3.612176 .434581
-3.598680 .449881
-3.584724 .465178
-3.570310 .480472
-3.555437 .495765
-3.540105 .511058
-3.524315 .526352
-3.508065 .541649
-3.491357 .556951
-3.474189 .572260
-3.456562 .587578
-3.438475 .602907
-3.419927 .618250
-3.400919 .633610
-3.381449 .648990
-3.361517 .664392
-3.341123 .679819
-3.320265 .695274
-3.298942 .710761
-3.277153 .726283
-3.254898 .741842
-3.232175 .757442
-3.208982 .773086
-3.185319 .788777
-3.161183 .804517
-3.136574 .820309
-3.111489 .836155
-3.085928 .852058
-3.059887 .868020
-3.033366 .884041
-3.006362 .900124
-2.978874 .916269
-2.950900 .932475
-2.922437 .948743
-2.893485 .965073
-2.864041 .981461
-2.834104 .997906
-2.803672 1.014406
-2.772743 1.030955
-2.741317 1.047549
-2.709391 1.064183
-2.676966 1.080850
-2.644040 1.097542
-2.610612 1.114249
-2.576683 1.130961
-2.542253 1.147667
-2.507323 1.164354
-2.471893 1.181008
-2.435964 1.197611
-2.399540 1.214147
-2.362622 1.230597
-2.325214 1.246939
-2.287319 1.263152
-2.248943 1.279211
-2.210090 1.295089
-2.170767 1.310760
-2.130982 1.326193
-2.090741 1.341357
-2.050054 1.356219
-2.008932 1.370743
-1.967385 1.384893
-1.925426 1.398631
-1.883069 1.411916
-1.840328 1.424707
-1.797219 1.436961
-1.753760 1.448634
-1.709969 1.459680
-1.665868 1.470054
-1.621476 1.479709
-1.576819 1.488596
-1.531919 1.496668
-1.486802 1.503876
-1.441497 1.510174
-1.396032 1.515513
-1.350436 1.519846
-1.304742 1.523129
-1.258983 1.525316
-1.213192 1.526363
-1.167405 1.526231
-1.121659 1.524880
-1.075991 1.522273
-1.030439 1.518377
-.985044 1.513160
-.939847 1.506595
-.894887 1.498658
-.850207 1.489327
-.805849 1.478587
-.761857 1.466424
-.718272 1.452831
-.675138 1.437801
-.632498 1.421336
-.590395 1.403438
-.548871 1.384118
-.507969 1.363386
-.467732 1.341260
-.428199 1.317761
-.389411 1.292914
-.351409 1.266746
-.314230 1.239290
-.277913 1.210581
-.242493 1.180658
-.208006 1.149563
-.174486 1.117339
-.141965 1.084033
-.110474 1.049694
-.080043 1.014373
-.050699 .978121
-.022470 .940993
.004622 .903044
.030551 .864328
.055299 .824903
.078843 .784826
.101168 .744153
.122256 .702942
.142094 .661250
.160668 .619134
.177967 .576651
.193983 .533857
.208707 .490807
.222134 .447557
.234259 .404160
.245079 .360670
.254593 .317139
.262802 .273620
.269706 .230163
.275311 .186818
.279620 .143633
.282640 .100658
.284378 .057939
.284844 .015522
.284047 -.026547
.282000 -.068224
.278716 -.109465
.274210 -.150227
.268496 -.190468
.261591 -.230148
.253514 -.269226
.244284 -.307664
.233922 -.345422
.222448 -.382463
.209885 -.418750
.196258 -.454248
.181590 -.488922
.165908 -.522739
.149238 -.555665
.131608 -.587670
.113046 -.618723
.093583 -.648795
.073247 -.677857
.052070 -.705885
.030085 -.732852
.007323 -.758736
-.016183 -.783514
-.040398 -.807166
-.065288 -.829674
-.090819 -.851021
-.116954 -.871192
-.143660 -.890175
-.170898 -.907958
-.198634 -.924533
-.226831 -.939893
-.255452 -.954032
-.284461 -.966949
-.313820 -.978643
-.343493 -.989115
-.373444 -.998370
-.403637 -1.006412
-.434034 -1.013250
-.464601 -1.018893
-.495302 -1.023353
-.526101 -1.026643
-.556964 -1.028780
-.587858 -1.029778
-.618747 -1.029658
-.649601 -1.028440
-.680385 -1.026143
-.711069 -1.022792
-.741621 -1.018409
-.772011 -1.013019
-.802211 -1.006648
-.832191 -.999322
-.861923 -.991067
-.891380 -.981911
-.920536 -.971880
-.949366 -.961004
-.977846 -.949308
-1.005950 -.936822
-1.033657 -.923572
-1.060945 -.909585
-1.087792 -.894888
-1.114177 -.879508
-1.140081 -.863470
-1.165485 -.846798
-1.190371 -.829518
-1.214720 -.811653
-1.238517 -.793225
-1.261745 -.774257
-1.284388 -.754768
-1.306431 -.734780
-1.327860 -.714310
-1.348662 -.693377
-1.368822 -.671998
-1.388327 -.650188
-1.407166 -.627963
-1.425326 -.605336
-1.442796 -.582320
-1.459564 -.558928
-1.475619 -.535170
-1.490950 -.511056
-1.505548 -.486596
-1.519402 -.461798
-1.532502 -.436669
-1.544839 -.411217
-1.556402 -.385448
-1.567183 -.359367
-1.577173 -.332979
-1.586361 -.306288
-1.594740 -.279298
-1.602301 -.252013
-1.609034 -.224436
-1.614931 -.196568
-1.619983 -.168414
-1.624182 -.139974
-1.627520 -.111251
-1.629987 -.082247
-1.631576 -.052963
-1.632278 -.023403
-1.632085 .006433
-1.630989 .036541
-1.628981 .066920
-1.626054 .097566
-1.622200 .128476
-1.617411 .159647
-1.611679 .191074
-1.604996 .222751
-1.597356 .254675
-1.588751 .286837
-1.579174 .319232
-1.568618 .351850
-1.557078 .384684
-1.544546 .417721
-1.531017 .450952
-1.516487 .484364
-1.500948 .517943
-1.484398 .551672
-1.466832 .585537
-1.448246 .619518
-1.428639 .653596
-1.408006 .687749
-1.386348 .721953
-1.363662 .756185
-1.339949 .790417
-1.315211 .824620
-1.289448 .858764
-1.262663 .892817
-1.234861 .926745
-1.206046 .960510
-1.176224 .994076
-1.145401 1.027402
-1.113588 1.060446
-1.080793 1.093167
-1.047028 1.125517
-1.012304 1.157452
-.976636 1.188923
-.940040 1.219881
-.902532 1.250277
-.864130 1.280060
-.824854 1.309178
-.784727 1.337580
-.743771 1.365214
-.702010 1.392029
-.659471 1.417973
-.616181 1.442997
-.572169 1.467051
-.527467 1.490088
-.482105 1.512062
-.436117 1.532931
-.389537 1.552652
-.342402 1.571189
-.294746 1.588505
-.246609 1.604571
-.198029 1.619357
-.149043 1.632842
-.099693 1.645005
-.050018 1.655832
-.000059 1.665314
.050145 1.673444
.100551 1.680223
.151121 1.685656
.201814 1.689751
.252589 1.692524
.303409 1.693993
.354234 1.694182
.405028 1.693120
.455753 1.690840
.506375 1.687377
.556858 1.682773
.607170 1.677071
.657279 1.670319
.707156 1.662565
.756772 1.653862
.806100 1.644264
.855115 1.633826
.903793 1.622607
.952113 1.610663
1.000055 1.598054
1.047600 1.584838
1.094732 1.571074
1.141437 1.556820
1.187701 1.542133
1.233513 1.527070
1.278863 1.511687
1.323744 1.496037
1.368150 1.480173
1.412074 1.464145
1.455514 1.448000
1.498468 1.431787
1.540934 1.415549
1.582914 1.399327
1.624409 1.383162
1.665421 1.367090
1.705956 1.351148
1.746017 1.335367
1.785610 1.319777
1.824742 1.304407
1.863421 1.289282
1.901654 1.274425
1.939449 1.259859
1.976817 1.245602
2.013768 1.231671
2.050310 1.218082
2.086455 1.204848
2.122215 1.191981
2.157600 1.179490
2.192621 1.167385
2.227291 1.155672
2.261622 1.144357
2.295625 1.133443
2.329313 1.122934
2.362698 1.112832
2.395792 1.103138
2.428608 1.093850
2.461157 1.084968
2.493452 1.076490
2.525504 1.068413
2.557326 1.060734
2.588930 1.053448
2.620326 1.046551
2.651527 1.040036
2.682544 1.033899
2.713388 1.028134
2.744070 1.022732
2.774601 1.017688
2.804991 1.012993
2.835250 1.008641
2.865388 1.004622
2.895416 1.000930
2.925343 .997554
2.955178 .994488
2.984929 .991721
3.014607 .989244
3.044218 .987049
3.073772 .985126
3.103276 .983465
3.132737 .982057
3.162164 .980891
3.191563 .979958
3.220940 .979248
3.250303 .978750
3.279656 .978455
3.309007 .978350
3.338360 .978427
3.367720 .978673
3.397092 .979078
3.426481 .979631
3.455891 .980320
3.485325 .981134
3.514787 .982061
3.544279 .983089
3.573806 .984207
3.603368 .985401
3.632967 .986660
3.662606 .987970
3.692286 .989319
3.722007 .990693
3.751769 .992080
3.781573 .993465
3.811418 .994835
3.841304 .996176
3.871228 .997473
3.901189 .998712
3.931185 .999878
3.961214 1.000957
3.991272 1.001932
4.021356 1.002790
4.051461 1.003513
4.081584 1.004088
4.111719 1.004498
4.141861 1.004728
4.172003 1.004760
4.202141 1.004581
4.232266 1.004173
4.262372 1.003521
4.292450 1.002609
4.322493 1.001421
4.352491 .999941
4.382435 .998155
4.412317 .996046
4.442125 .993600
4.471849 .990802
4.501478 .987639
4.531001 .984095
4.560406 .980158
4.589680 .975814
4.618812 .971052
4.647787 .965860
4.676594 .960227
4.705218 .954142
4.733646 .947596
4.761864 .940580
4.789856 .933087
4.817610 .925110
4.845109 .916643
4.872339 .907681
4.899286 .898220
4.925934 .888258
4.952267 .877793
4.978272 .866824
5.003933 .855352
5.029234 .843380
5.054161 .830910
5.078700 .817946
5.102835 .804495
5.126552 .790562
5.149836 .776156
5.172675 .761286
5.195054 .745963
5.216960 .730197
5.238380 .714001
5.259301 .697390
5.279713 .680378
5.299602 .662980
5.318959 .645215
5.337772 .627099
5.356031 .608652
5.373728 .589893
5.390853 .570842
5.407399 .551522
5.423357 .531953
5.438722 .512159
5.453487 .492163
5.467647 .471989
5.481197 .451660
5.494133 .431202
5.506452 .410640
5.518152 .389999
5.529231 .369304
5.539688 .348582
5.549524 .327858
5.558739 .307158
5.567334 .286509
5.575312 .265936
5.582676 .245465
5.589430 .225121
5.595578 .204931
5.601125 .184920
5.606079 .165112
5.610445 .145532
5.614231 .126205
5.617445 .107154
5.620098 .088403
5.622197 .069975
5.623753 .051891
5.624779 .034174
5.625284 .016845
5.625282 -.000075
5.624785 -.016568
5.623806 -.032612
5.622361 -.048190
5.620462 -.063285
5.618126 -.077878
5.615367 -.091953
5.612202 -.105496
5.608648 -.118490
5.604720 -.130923
5.600437 -.142780
5.595815 -.154050
5.590873 -.164721
5.585630 -.174782
5.580103 -.184223
5.574312 -.193034
5.568276 -.201208
5.562014 -.208737
5.555545 -.215614
5.548891 -.221833
5.542069 -.227389
5.535101 -.232277
5.528006 -.236494
5.520805 -.240037
5.513517 -.242904
5.506165 -.245093
5.498767 -.246602
5.491344 -.247433
5.483916 -.247586
5.476504 -.247061
5.469128 -.245862
5.461809 -.243989
5.454565 -.241446
5.447418 -.238236
5.440387 -.234365
5.433492 -.229835
5.426753 -.224653
5.420188 -.218824
5.413817 -.212354
5.407660 -.205249
5.401734 -.197517
5.396059 -.189165
5.390653 -.180200
5.385534 -.170631
5.380720 -.160466
5.376229 -.149714
5.372077 -.138385
5.368283 -.126488
5.364862 -.114032
5.361831 -.101029
5.359206 -.087488
5.357004 -.073420
5.355239 -.058838
5.353926 -.043751
5.353081 -.028173
5.352717 -.012114
5.352850 .004411
5.353492 .021391
5.354656 .038813
5.356356 .056662
5.358604 .074926
5.361411 .093589
5.364790 .112637
5.368752 .132056
5.373307 .151829
5.378465 .171941
5.384236 .192377
5.390630 .213118
5.397654 .234148
5.405318 .255449
5.413628 .277004
5.422592 .298793
5.432216 .320798
5.442506 .342999
5.453467 .365376
5.465104 .387907
5.477421 .410573
5.490422 .433351
5.504109 .456219
5.518483 .479154
5.533547 .502133
5.549301 .525132
5.565745 .548126
5.582878 .571092
5.600698 .594003
5.619203 .616833
5.638389 .639558
5.658254 .662150
5.678791 .684582
5.699996 .706827
5.721862 .728859
5.744381 .750649
5.767547 .772171
5.791348 .793396
5.815777 .814297
5.840823 .834846
5.866473 .855017
5.892717 .874782
5.919540 .894116
5.946930 .912991
5.974871 .931383
6.003349 .949266
6.032348 .966617
6.061850 .983412
6.091839 .999629
6.122296 1.015247
6.153204 1.030247
6.184542 1.044608
6.216292 1.058315
6.248432 1.071350
6.280943 1.083700
6.313804 1.095351
.063807 1.106293
.097303 1.116516
.131083 1.126013
.165126 1.134776
.199410 1.142802
.233913 1.150089
.268612 1.156637
.303485 1.162446
.338511 1.167520
.373667 1.171864
.408932 1.175485
.444283 1.178391
.479701 1.180593
.515164 1.182102
.550652 1.182931
.586145 1.183096
.621623 1.182613
.657068 1.181498
.692461 1.179772
.727785 1.177453
.763022 1.174561
.798155 1.171119
.833170 1.167149
.868050 1.162674
.902782 1.157716
.937351 1.152299
.971744 1.146448
1.005950 1.140187
1.039956 1.133539
1.073752 1.126529
1.107327 1.119181
1.140673 1.111519
1.173780 1.103566
1.206640 1.095345
1.239246 1.086879
1.271592 1.078190
1.303671 1.069298
1.335478 1.060226
1.367008 1.050993
1.398256 1.041618
1.429220 1.032120
1.459895 1.022517
1.490280 1.012824
1.520372 1.003059
1.550169 .993235
1.579670 .983368
1.608874 .973470
1.637780 .963554
1.666389 .953631
1.694701 .943711
1.722715 .933805
1.750432 .923920
1.777854 .914065
1.804982 .904246
1.831816 .894470
1.858358 .884743
1.884610 .875068
1.910574 .865450
1.936251 .855892
1.961642 .846396
1.986751 .836963
2.011579 .827596
2.036128 .818294
2.060400 .809058
2.084396 .799886
2.108120 .790777
2.131572 .781731
2.154754 .772744
2.177668 .763814
2.200316 .754937
2.222700 .746111
2.244820 .737332
2.266678 .728595
2.288274 .719896
2.309611 .711230
2.330689 .702592
2.351508 .693976
2.372070 .685378
2.392373 .676790
2.412420 .668208
2.432208 .659625
2.451739 .651034
2.471012 .642429
2.490026 .633803
2.508781 .625150
2.527275 .616463
2.545507 .607734
2.563475 .598957
2.581179 .590124
2.598616 .581228
2.615784 .572262
2.632680 .563218
2.649303 .554090
2.665649 .544869
2.681716 .535549
2.697499 .526122
2.712997 .516581
2.728204 .506917
2.743118 .497125
2.757734 .487197
2.772048 .477124
2.786055 .466901
2.799750 .456519
2.813129 .445971
2.826187 .435251
2.838917 .424352
2.851315 .413265
2.863375 .401985
2.875090 .390504
2.886454 .378815
2.897462 .366912
2.908105 .354787
2.918378 .342435
2.928274 .329848
2.937785 .317021
2.946903 .303945
2.955621 .290616
2.963932 .277027
2.971827 .263172
2.979299 .249044
2.986338 .234637
2.992936 .219945
2.999085 .204963
3.004776 .189685
3.009999 .174104
3.014745 .158215
3.019006 .142012
3.022770 .125489
3.026029 .108641
3.028773 .091463
3.030992 .073948
3.032674 .056091
3.033811 .037888
3.034391 .019331
3.034404 .000417
3.033838 -.018861
3.032682 -.038508
3.030927 -.058529
3.028559 -.078929
3.025567 -.099714
3.021941 -.120890
3.017667 -.142461
3.012734 -.164433
3.007129 -.186812
3.000841 -.209602
2.993857 -.232809
2.986164 -.256439
2.977749 -.280496
2.968599 -.304987
2.958702 -.329917
2.948043 -.355290
2.936610 -.381112
2.924388 -.407389
2.911364 -.434125
2.897525 -.461326
2.882855 -.488996
2.867341 -.517141
2.850968 -.545764
2.833722 -.574869
2.815588 -.604462
2.796551 -.634545
2.776598 -.665121
2.755712 -.696194
2.733879 -.727765
2.711084 -.759835
2.687312 -.792406
2.662547 -.825477
2.636776 -.859047
2.609983 -.893113
2.582153 -.927672
2.553271 -.962719
2.523324 -.998246
2.492296 -1.034247
2.460175 -1.070710
2.426946 -1.107624
2.392597 -1.144972
2.357115 -1.182739
2.320488 -1.220903
2.282704 -1.259443
2.243754 -1.298330
2.203628 -1.337536
2.162318 -1.377028
2.119815 -1.416766
2.076113 -1.456711
2.031209 -1.496815
1.985098 -1.537028
1.937779 -1.577294
1.889253 -1.617553
1.839520 -1.657739
1.788587 -1.697782
1.736459 -1.737605
1.683145 -1.777128
1.628657 -1.816264
1.573009 -1.854922
1.516219 -1.893005
1.458307 -1.930414
1.399295 -1.967044
1.339212 -2.002787
1.278086 -2.037531
1.215951 -2.071162
1.152844 -2.103567
1.088805 -2.134627
1.023878 -2.164228
.958111 -2.192255
.891553 -2.218593
.824259 -2.243135
.756286 -2.265775
.687693 -2.286413
.618545 -2.304956
.548905 -2.321319
.478842 -2.335426
.408426 -2.347209
.337728 -2.356613
.266820 -2.363594
.195776 -2.368119
.124671 -2.370168
.053579 -2.369735
-.017426 -2.366826
-.088270 -2.361460
-.158880 -2.353669
-.229185 -2.343498
-.299115 -2.331003
-.368602 -2.316251
-.437582 -2.299320
-.505991 -2.280297
-.573769 -2.259279
-.640860 -2.236367
-.707210 -2.211671
-.772769 -2.185304
-.837491 -2.157383
-.901332 -2.128029
-.964252 -2.097362
-1.026218 -2.065503
-1.087195 -2.032574
-1.147156 -1.998693
-1.206075 -1.963977
-1.263931 -1.928537
-1.320706 -1.892484
-1.376383 -1.855921
-1.430952 -1.818948
-1.484401 -1.781659
-1.536726 -1.744142
-1.587920 -1.706478
-1.637982 -1.668746
-1.686913 -1.631013
-1.734713 -1.593346
-1.781387 -1.555801
-1.826940 -1.518432
-1.871379 -1.481284
-1.914711 -1.444400
-1.956945 -1.407814
-1.998092 -1.371558
-2.038162 -1.335657
-2.077166 -1.300133
-2.115116 -1.265004
-2.152024 -1.230283
-2.187903 -1.195979
-2.222766 -1.162099
-2.256626 -1.128646
-2.289494 -1.095620
-2.321385 -1.063019
-2.352310 -1.030839
-2.382282 -.999073
-2.411314 -.967712
-2.439416 -.936747
-2.466601 -.906164
-2.492880 -.875952
-2.518262 -.846095
-2.542760 -.816579
-2.566381 -.787388
-2.589137 -.758505
-2.611034 -.729913
-2.632082 -.701593
-2.652288 -.673528
-2.671659 -.645699
-2.690201 -.618087
-2.707921 -.590674
-2.724825 -.563441
-2.740916 -.536368
-2.756199 -.509438
-2.770678 -.482631
-2.784356 -.455929
-2.797235 -.429314
-2.809318 -.402767
-2.820606 -.376271
-2.831100 -.349807
-2.840801 -.323358
-2.849708 -.296908
-2.857822 -.270438
-2.865140 -.243934
-2.871661 -.217378
-2.877384 -.190755
-2.882305 -.164048
-2.886422 -.137243
-2.889732 -.110325
-2.892230 -.083279
-2.893913 -.056089
-2.894775 -.028744
-2.894812 -.001227
-2.894018 .026473
-2.892387 .054371
-2.889913 .082479
-2.886588 .110810
-2.882407 .139377
-2.877361 .168191
-2.871443 .197265
-2.864645 .226611
-2.856958 .256238
-2.848373 .286160
-2.838881 .316386
-2.828474 .346926
-2.817140 .377792
-2.804870 .408992
-2.791654 .440536
-2.777481 .472432
-2.762340 .504691
-2.746221 .537318
-2.729111 .570322
-2.711000 .603709
-2.691875 .637486
-2.671726 .671658
-2.650539 .706229
-2.628303 .741202
-2.605005 .776581
-2.580634 .812367
-2.555177 .848559
-2.528623 .885156
-2.500958 .922155
-2.472172 .959552
-2.442251 .997339
-2.411186 1.035509
-2.378965 1.074050
-2.345576 1.112949
-2.311010 1.152190
-2.275258 1.191754
-2.238309 1.231618
-2.200156 1.271757
-2.160792 1.312143
-2.120210 1.352742
-2.078404 1.393517
-2.035372 1.434428
-1.991109 1.475429
-1.945615 1.516469
-1.898890 1.557494
-1.850937 1.598443
-1.801759 1.639252
-1.751364 1.679851
-1.699759 1.720163
-1.646955 1.760110
-1.592967 1.799605
-1.537810 1.838558
-1.481504 1.876875
-1.424070 1.914457
-1.365534 1.951199
-1.305925 1.986997
-1.245272 2.021742
-1.183613 2.055320
-1.120984 2.087621
-1.057428 2.118531
-.992990 2.147938
-.927718 2.175728
-.861664 2.201795
-.794883 2.226032
-.727433 2.248338
-.659375 2.268618
-.590771 2.286783
-.521689 2.302754
-.452195 2.316459
-.382360 2.327835
-.312255 2.336832
-.241952 2.343411
-.171526 2.347542
-.101050 2.349212
-.030597 2.348418
.039758 2.345169
.109942 2.339488
.179885 2.331410
.249514 2.320984
.318762 2.308267
.387562 2.293328
.455849 2.276247
.523563 2.257112
.590643 2.236019
.657036 2.213071
.722687 2.188376
.787548 2.162046
.851574 2.134199
.914723 2.104953
.976956 2.074426
1.038238 2.042739
1.098538 2.010010
1.157829 1.976354
1.216085 1.941887
1.273287 1.906719
1.329416 1.870955
1.384456 1.834699
1.438398 1.798046
1.491230 1.761088
1.542948 1.723910
1.593546 1.686594
1.643022 1.649213
1.691377 1.611834
1.738613 1.574521
1.784733 1.537329
1.829742 1.500310
1.873647 1.463508
1.916456 1.426963
1.958177 1.390710
1.998821 1.354778
2.038396 1.319192
2.076916 1.283973
2.114390 1.249137
2.150831 1.214698
2.186251 1.180664
2.220662 1.147040
2.254077 1.113831
2.286508 1.081035
2.317967 1.048651
2.348467 1.016673
2.378020 .985095
2.406638 .953908
2.434331 .923102
2.461111 .892665
2.486988 .862584
2.511973 .832845
2.536076 .803433
2.559306 .774331
2.581672 .745523
2.603182 .716993
2.623843 .688721
2.643664 .660691
2.662651 .632884
2.680809 .605281
2.698145 .577863
2.714663 .550613
2.730369 .523512
2.745265 .496540
2.759355 .469679
2.772643 .442912
2.785129 .416218
2.796817 .389582
2.807706 .362984
2.817798 .336407
2.827093 .309835
2.835591 .283249
2.843290 .256633
2.850189 .229971
2.856286 .203246
2.861580 .176443
2.866066 .149546
2.869742 .122540
2.872605 .095409
2.874649 .068140
2.875870 .040717
2.876264 .013127
2.875825 -.014645
2.874546 -.042611
2.872423 -.070785
2.869448 -.099179
2.865613 -.127808
2.860913 -.156682
2.855338 -.185815
2.848882 -.215217
2.841535 -.244901
2.833288 -.274877
2.824134 -.305158
2.814061 -.335752
2.803061 -.366671
2.791123 -.397924
2.778238 -.429521
2.764394 -.461471
2.749580 -.493783
2.733786 -.526464
2.717001 -.559522
2.699212 -.592964
2.680408 -.626796
2.660577 -.661023
2.639708 -.695651
2.617787 -.730682
2.594803 -.766120
2.570745 -.801965
2.545598 -.838218
2.519352 -.874877
2.491993 -.911940
2.463511 -.949402
2.433894 -.987256
2.403129 -1.025494
2.371206 -1.064105
2.338114 -1.103076
2.303842 -1.142390
2.268381 -1.182030
2.231722 -1.221973
2.193856 -1.262193
2.154776 -1.302663
2.114476 -1.343349
2.072949 -1.384215
2.030193 -1.425220
1.986203 -1.466319
1.940979 -1.507462
1.894521 -1.548594
1.846832 -1.589656
1.797914 -1.630584
1.747775 -1.671307
1.696422 -1.711751
1.643867 -1.751836
1.590123 -1.791477
1.535205 -1.830585
1.479133 -1.869065
1.421929 -1.906818
1.363617 -1.943743
1.304225 -1.979734
1.243784 -2.014681
1.182330 -2.048475
1.119900 -2.081003
1.056535 -2.112152
.992281 -2.141810
.927185 -2.169865
.861299 -2.196209
.794677 -2.220737
.727376 -2.243347
.659458 -2.263945
.590985 -2.282441
.522022 -2.298756
.452637 -2.312817
.382901 -2.324562
.312882 -2.333940
.242655 -2.340910
.172292 -2.345444
.101866 -2.347527
.031451 -2.347154
-.038879 -2.344335
-.109051 -2.339092
-.178995 -2.331460
-.248640 -2.321485
-.317917 -2.309224
-.386759 -2.294746
-.455103 -2.278130
-.522887 -2.259463
-.590052 -2.238841
-.656543 -2.216365
-.722307 -2.192144
-.787296 -2.166291
-.851464 -2.138921
-.914768 -2.110152
-.977171 -2.080104
-1.038638 -2.048896
-1.099137 -2.016646
-1.158642 -1.983472
-1.217126 -1.949487
-1.274570 -1.914802
-1.330956 -1.879524
-1.386269 -1.843756
-1.440496 -1.807593
-1.493630 -1.771129
-1.545664 -1.734449
-1.596593 -1.697635
-1.646416 -1.660760
-1.695132 -1.623894
-1.742745 -1.587099
-1.789258 -1.550432
-1.834677 -1.513945
-1.879007 -1.477683
-1.922258 -1.441686
-1.964437 -1.405990
-2.005556 -1.370624
-2.045625 -1.335615
-2.084654 -1.300983
-2.122657 -1.266745
-2.159644 -1.232915
-2.195629 -1.199503
-2.230624 -1.166513
-2.264643 -1.133950
-2.297697 -1.101814
-2.329800 -1.070103
-2.360965 -1.038812
-2.391203 -1.007935
-2.420527 -.977464
-2.448948 -.947388
-2.476479 -.917696
-2.503131 -.888376
-2.528913 -.859412
-2.553837 -.830792
-2.577912 -.802498
-2.601147 -.774514
-2.623552 -.746823
-2.645134 -.719408
-2.665902 -.692252
-2.685862 -.665335
-2.705021 -.638640
-2.723385 -.612147
-2.740960 -.585840
-2.757751 -.559698
-2.773762 -.533705
-2.788998 -.507840
-2.803460 -.482087
-2.817153 -.456427
-2.830078 -.430842
-2.842238 -.405316
-2.853633 -.379829
-2.864264 -.354366
-2.874131 -.328909
-2.883234 -.303443
-2.891573 -.277950
-2.899145 -.252415
-2.905950 -.226823
-2.911985 -.201157
-2.917247 -.175404
-2.921733 -.149548
-2.925440 -.123576
-2.928365 -.097472
-2.930501 -.071223
-2.931846 -.044817
-2.932393 -.018238
-2.932137 .008524
-2.931073 .035484
-2.929193 .062654
-2.926492 .090045
-2.922962 .117670
-2.918595 .145540
-2.913385 .173667
-2.907324 .202062
-2.900401 .230737
-2.892610 .259700
-2.883941 .288965
-2.874385 .318539
-2.863932 .348434
-2.852572 .378659
-2.840296 .409224
-2.827092 .440136
-2.812950 .471406
-2.797858 .503041
-2.781807 .535049
-2.764784 .567437
-2.746777 .600212
-2.727776 .633381
-2.707767 .666948
-2.686740 .700918
-2.664681 .735296
-2.641579 .770083
-2.617420 .805283
-2.592193 .840895
-2.565886 .876918
-2.538485 .913352
-2.509979 .950191
-2.480357 .987430
-2.449605 1.025063
-2.417712 1.063079
-2.384668 1.101467
-2.350462 1.140211
-2.315083 1.179295
-2.278522 1.218700
-2.240770 1.258400
-2.201819 1.298370
-2.161662 1.338579
-2.120292 1.378993
-2.077705 1.419574
-2.033896 1.460278
-1.988864 1.501058
-1.942609 1.541862
-1.895130 1.582634
-1.846430 1.623310
-1.796516 1.663825
-1.745392 1.704106
-1.693070 1.744075
-1.639561 1.783650
-1.584878 1.822744
-1.529040 1.861264
-1.472067 1.899114
-1.413981 1.936191
-1.354809 1.972393
-1.294581 2.007609
-1.233329 2.041731
-1.171090 2.074645
-1.107903 2.106238
-1.043811 2.136396
-.978861 2.165005
-.913102 2.191954
-.846588 2.217135
-.779375 2.240442
-.711522 2.261776
-.643090 2.281042
-.574146 2.298156
-.504754 2.313038
-.434986 2.325619
-.364911 2.335841
-.294601 2.343656
-.224130 2.349028
-.153572 2.351933
-.083001 2.352361
-.012492 2.350311
.057882 2.345800
.128048 2.338853
.197933 2.329510
.267468 2.317823
.336583 2.303853
.405213 2.287674
.473294 2.269368
.540765 2.249026
.607568 2.226748
.673647 2.202637
.738951 2.176804
.803432 2.149364
.867045 2.120434
.929749 2.090132
.991506 2.058579
1.052283 2.025894
1.112049 1.992194
1.170777 1.957596
1.228443 1.922211
1.285028 1.886150
1.340513 1.849517
1.394885 1.812412
1.448133 1.774930
1.500248 1.737160
1.551224 1.699187
1.601056 1.661087
1.649744 1.622932
1.697288 1.584789
1.743690 1.546717
1.788953 1.508771
1.833083 1.470999
1.876086 1.433443
1.917970 1.396141
1.958744 1.359126
1.998417 1.322426
2.036999 1.286063
2.074500 1.250057
2.110933 1.214422
2.146308 1.179170
2.180637 1.144308
2.213933 1.109841
2.246206 1.075769
2.277468 1.042093
2.307733 1.008808
2.337010 .975908
2.365312 .943387
2.392649 .911234
2.419032 .879438
2.444471 .847986
2.468977 .816866
2.492559 .786062
2.515226 .755559
2.536986 .725340
2.557848 .695387
2.577818 .665685
2.596905 .636213
2.615113 .606955
2.632450 .577891
2.648920 .549003
2.664528 .520271
2.679278 .491677
2.693175 .463201
2.706219 .434826
2.718415 .406532
2.729764 .378300
2.740268 .350112
2.749926 .321950
2.758740 .293795
2.766709 .265630
2.773832 .237438
2.780108 .209201
2.785535 .180901
2.790111 .152523
2.793832 .124050
2.796696 .095466
2.798699 .066755
2.799836 .037901
2.800103 .008890
2.799494 -.020294
2.798004 -.049666
2.795627 -.079238
2.792356 -.109026
2.788185 -.139042
2.783106 -.169301
2.777111 -.199815
2.770193 -.230596
2.762344 -.261657
2.753553 -.293010
2.743813 -.324665
2.733114 -.356635
2.721446 -.388929
2.708800 -.421557
2.695164 -.454529
2.680528 -.487855
2.664882 -.521541
2.648214 -.555596
2.630513 -.590027
2.611768 -.624840
2.591967 -.660039
2.571098 -.695629
2.549150 -.731613
2.526110 -.767993
2.501967 -.804769
2.476709 -.841940
2.450323 -.879505
2.422800 -.917457
2.394126 -.955792
2.364291 -.994501
2.333284 -1.033573
2.301094 -1.072995
2.267711 -1.112752
2.233127 -1.152824
2.197331 -1.193191
2.160316 -1.233828
2.122075 -1.274705
2.082601 -1.315790
2.041890 -1.357048
1.999937 -1.398437
1.956739 -1.439914
1.912296 -1.481429
1.866609 -1.522927
1.819678 -1.564350
1.771509 -1.605634
1.722108 -1.646711
1.671483 -1.687506
1.619644 -1.727942
1.566606 -1.767933
1.512385 -1.807392
1.456998 -1.846226
1.400468 -1.884338
1.342819 -1.921627
1.284079 -1.957990
1.224280 -1.993318
1.163454 -2.027505
1.101641 -2.060438
1.038881 -2.092008
.975218 -2.122103
.910699 -2.150616
.845376 -2.177438
.779302 -2.202467
.712534 -2.225603
.645132 -2.246754
.577157 -2.265832
.508674 -2.282759
.439750 -2.297463
.370453 -2.309884
.300854 -2.319972
.231024 -2.327687
.161034 -2.333001
.090957 -2.335900
.020865 -2.336379
-.049168 -2.334448
-.119072 -2.330130
-.188776 -2.323457
-.258210 -2.314476
-.327307 -2.303245
-.396002 -2.289830
-.464232 -2.274310
-.531935 -2.256770
-.599054 -2.237306
-.665534 -2.216019
-.731325 -2.193015
-.796377 -2.168406
-.860646 -2.142307
-.924091 -2.114835
-.986675 -2.086109
-1.048362 -2.056247
-1.109123 -2.025367
-1.168931 -1.993585
-1.227761 -1.961015
-1.285594 -1.927768
-1.342413 -1.893949
-1.398202 -1.859661
-1.452952 -1.825002
-1.506654 -1.790062
-1.559302 -1.754930
-1.610893 -1.719686
-1.661425 -1.684404
-1.710900 -1.649155
-1.759320 -1.614001
-1.806690 -1.579001
-1.853016 -1.544205
-1.898306 -1.509661
-1.942568 -1.475410
-1.985813 -1.441487
-2.028050 -1.407923
-2.069293 -1.374746
-2.109552 -1.341976
-2.148841 -1.309632
-2.187173 -1.277728
-2.224561 -1.246275
-2.261019 -1.215278
-2.296562 -1.184743
-2.331202 -1.154670
-2.364954 -1.125059
-2.397831 -1.095905
-2.429847 -1.067204
-2.461015 -1.038946
-2.491349 -1.011124
-2.520861 -.983726
-2.549563 -.956740
-2.577467 -.930153
-2.604586 -.903951
-2.630930 -.878118
-2.656509 -.852639
-2.681334 -.827498
-2.705414 -.802678
-2.728759 -.778160
-2.751377 -.753929
-2.773276 -.729966
-2.794463 -.706254
-2.814947 -.682774
-2.834732 -.659509
-2.853825 -.636440
-2.872232 -.613551
-2.889956 -.590824
-2.907003 -.568241
-2.923377 -.545786
-2.939080 -.523441
-2.954116 -.501190
-2.968486 -.479016
-2.982194 -.456905
-2.995239 -.434840
-3.007623 -.412805
-3.019347 -.390787
-3.030410 -.368770
-3.040812 -.346740
-3.050552 -.324683
-3.059630 -.302587
-3.068043 -.280437
-3.075790 -.258221
-3.082867 -.235926
-3.089274 -.213541
-3.095005 -.191052
-3.100059 -.168450
-3.104430 -.145723
-3.108116 -.122859
-3.111112 -.099848
-3.113412 -.076679
-3.115012 -.053344
-3.115907 -.029830
-3.116091 -.006129
-3.115558 .017768
-3.114302 .041872
-3.112316 .066190
-3.109594 .090733
-3.106129 .115510
-3.101913 .140527
-3.096939 .165796
-3.091200 .191323
-3.084686 .217118
-3.077390 .243187
-3.069304 .269541
-3.060419 .296186
-3.050725 .323131
-3.040213 .350384
-3.028875 .377952
-3.016699 .405843
-3.003677 .434064
-2.989799 .462624
-2.975053 .491529
-2.959429 .520786
-2.942917 .550402
-2.925506 .580385
-2.907183 .610739
-2.887939 .641472
-2.867762 .672588
-2.846639 .704093
-2.824559 .735992
-2.801510 .768288
-2.777481 .800985
-2.752458 .834085
-2.726431 .867590
-2.699386 .901501
-2.671311 .935816
-2.642195 .970535
-2.612025 1.005652
-2.580791 1.041164
-2.548479 1.077064
-2.515078 1.113343
-2.480579 1.149989
-2.444969 1.186990
-2.408239 1.224330
-2.370379 1.261989
-2.331381 1.299945
-2.291236 1.338174
-2.249936 1.376647
-2.207476 1.415330
-2.163851 1.454188
-2.119055 1.493180
-2.073088 1.532259
-2.025946 1.571376
-1.977632 1.610476
-1.928147 1.649499
-1.877496 1.688380
-1.825684 1.727048
-1.772721 1.765429
-1.718618 1.803441
-1.663388 1.840998
-1.607048 1.878010
-1.549617 1.914381
-1.491116 1.950011
-1.431572 1.984795
-1.371014 2.018627
-1.309472 2.051396
-1.246982 2.082989
-1.183583 2.113291
-1.119318 2.142186
-1.054231 2.169562
-.988372 2.195302
-.921793 2.219296
-.854550 2.241436
-.786701 2.261617
-.718309 2.279742
-.649437 2.295719
-.580154 2.309465
-.510526 2.320904
-.440627 2.329971
-.370529 2.336612
-.300305 2.340783
-.230032 2.342454
-.159784 2.341605
-.089637 2.338231
-.019667 2.332337
.050052 2.323944
.119444 2.313082
.188438 2.299796
.256962 2.284141
.324948 2.266184
.392328 2.245999
.459038 2.223673
.525017 2.199298
.590206 2.172975
.654550 2.144808
.717998 2.114909
.780499 2.083390
.842010 2.050368
.902489 2.015960
.961898 1.980283
1.020201 1.943453
1.077369 1.905584
1.133372 1.866789
1.188188 1.827176
1.241793 1.786849
1.294170 1.745908
1.345304 1.704450
1.395181 1.662562
1.443791 1.620331
1.491126 1.577833
1.537180 1.535143
1.581950 1.492326
1.625433 1.449443
1.667629 1.406551
1.708540 1.363698
1.748168 1.320928
1.786517 1.278280
1.823590 1.235788
1.859395 1.193481
1.893936 1.151381
1.927222 1.109511
1.959258 1.067884
1.990053 1.026514
2.019616 .985409
2.047953 .944574
2.075073 .904010
2.100985 .863719
2.125696 .823697
2.149214 .783939
2.171547 .744437
2.192702 .705182
2.212687 .666165
2.231509 .627372
2.249172 .588791
2.265685 .550407
2.281051 .512205
2.295276 .474169
2.308364 .436281
2.320320 .398525
2.331146 .360883
2.340847 .323337
2.349423 .285868
2.356876 .248459
2.363209 .211090
2.368421 .173743
2.372513 .136401
2.375485 .099044
2.377334 .061655
2.378061 .024217
2.377662 -.013288
2.376136 -.050877
2.373479 -.088566
2.369688 -.126371
2.364759 -.164307
2.358687 -.202389
2.351468 -.240629
2.343097 -.279043
2.333568 -.317640
2.322874 -.356434
2.311011 -.395434
2.297972 -.434648
2.283749 -.474086
2.268337 -.513753
2.251727 -.553656
2.233913 -.593797
2.214888 -.634179
2.194644 -.674802
2.173174 -.715666
2.150471 -.756766
2.126528 -.798097
2.101338 -.839652
2.074896 -.881420
2.047194 -.923388
2.018228 -.965541
1.987992 -1.007860
1.956482 -1.050324
1.923695 -1.092907
1.889628 -1.135581
1.854278 -1.178315
1.817646 -1.221073
1.779732 -1.263814
1.740537 -1.306496
1.700065 -1.349071
1.658320 -1.391487
1.615309 -1.433688
1.571041 -1.475614
1.525525 -1.517199
1.478774 -1.558374
1.430802 -1.599068
1.381626 -1.639204
1.331265 -1.678699
1.279741 -1.717472
1.227077 -1.755435
1.173303 -1.792497
1.118446 -1.828568
1.062539 -1.863554
1.005618 -1.897361
.947721 -1.929894
.888889 -1.961058
.829167 -1.990761
.768599 -2.018912
.707237 -2.045422
.645130 -2.070207
.582335 -2.093187
.518906 -2.114288
.454903 -2.133443
.390385 -2.150591
.325415 -2.165679
.260055 -2.178663
.194370 -2.189510
.128424 -2.198194
.062283 -2.204700
-.003988 -2.209024
-.070323 -2.211174
-.136658 -2.211166
-.202929 -2.209027
-.269073 -2.204795
-.335028 -2.198518
-.400736 -2.190253
-.466138 -2.180066
-.531179 -2.168030
-.595806 -2.154227
-.659968 -2.138743
-.723618 -2.121673
-.786711 -2.103113
-.849206 -2.083165
-.911064 -2.061933
-.972250 -2.039523
-1.032731 -2.016042
-1.092479 -1.991597
-1.151468 -1.966293
-1.209675 -1.940236
-1.267081 -1.913527
-1.323669 -1.886268
-1.379426 -1.858554
-1.434340 -1.830479
-1.488404 -1.802130
-1.541612 -1.773593
-1.593960 -1.744946
-1.645448 -1.716265
-1.696077 -1.687619
-1.745849 -1.659073
-1.794769 -1.630686
-1.842845 -1.602514
-1.890083 -1.574606
-1.936493 -1.547007
-1.982086 -1.519757
-2.026873 -1.492892
-2.070866 -1.466444
-2.114079 -1.440439
-2.156526 -1.414900
-2.198222 -1.389848
-2.239180 -1.365298
-2.279418 -1.341262
-2.318951 -1.317752
-2.357794 -1.294773
-2.395964 -1.272330
-2.433477 -1.250425
-2.470348 -1.229057
-2.506595 -1.208223
-2.542233 -1.187920
-2.577277 -1.168141
-2.611743 -1.148880
-2.645647 -1.130127
-2.679003 -1.111873
-2.711827 -1.094106
-2.744131 -1.076815
-2.775931 -1.059987
-2.807239 -1.043608
-2.838069 -1.027665
-2.868433 -1.012144
-2.898344 -.997029
-2.927813 -.982306
-2.956852 -.967958
-2.985471 -.953971
-3.013681 -.940329
-3.041491 -.927017
-3.068912 -.914018
-3.095951 -.901317
-3.122618 -.888899
-3.148921 -.876747
-3.174866 -.864848
-3.200462 -.853185
-3.225714 -.841744
-3.250630 -.830511
-3.275214 -.819471
-3.299472 -.808610
-3.323409 -.797914
-3.347030 -.787370
-3.370339 -.776965
-3.393340 -.766686
-3.416036 -.756521
-3.438429 -.746457
-3.460524 -.736484
-3.482322 -.726589
-3.503824 -.716763
-3.525034 -.706994
-3.545952 -.697272
-3.566580 -.687588
-3.586918 -.677933
-3.606967 -.668297
-3.626727 -.658672
-3.646199 -.649051
-3.665381 -.639425
-3.684275 -.629788
-3.702879 -.620132
-3.721192 -.610452
-3.739215 -.600741
-3.756945 -.590994
-3.774381 -.581206
-3.791522 -.571372
-3.808366 -.561488
-3.824913 -.551550
-3.841160 -.541556
-3.857105 -.531501
-3.872746 -.521384
-3.888082 -.511202
-3.903111 -.500953
-3.917830 -.490637
-3.932238 -.480253
-3.946332 -.469799
-3.960110 -.459276
-3.973570 -.448685
-3.986711 -.438025
-3.999530 -.427298
-4.012025 -.416506
-4.024195 -.405650
-4.036037 -.394732
-4.047549 -.383756
-4.058731 -.372723
-4.069580 -.361637
-4.080095 -.350502
-4.090275 -.339321
-4.100118 -.328100
-4.109623 -.316841
-4.118790 -.305550
-4.127617 -.294233
-4.136103 -.282894
-4.144250 -.271539
-4.152055 -.260174
-4.159519 -.248804
-4.166642 -.237437
-4.173424 -.226079
-4.179866 -.214736
-4.185969 -.203415
-4.191733 -.192123
-4.197159 -.180869
-4.202248 -.169658
-4.207003 -.158498
-4.211425 -.147397
-4.215516 -.136364
-4.219278 -.125404
-4.222714 -.114527
-4.225826 -.103741
-4.228618 -.093052
-4.231092 -.082471
-4.233252 -.072003
-4.235102 -.061659
-4.236645 -.051445
-4.237886 -.041370
-4.238830 -.031442
-4.239480 -.021668
-4.239841 -.012058
-4.239920 -.002619
-4.239721 .006640
-4.239249 .015713
-4.238512 .024592
-4.237514 .033267
-4.236262 .041733
-4.234762 .049981
-4.233022 .058003
-4.231048 .065793
-4.228848 .073343
-4.226429 .080646
-4.223798 .087695
-4.220963 .094482
-4.217933 .101001
-4.214716 .107246
-4.211320 .113209
-4.207753 .118884
-4.204025 .124265
-4.200145 .129346
-4.196121 .134120
-4.191964 .138581
-4.187682 .142723
-4.183286 .146541
-4.178785 .150029
-4.174189 .153181
-4.169510 .155992
-4.164756 .158456
-4.159939 .160568
-4.155069 .162324
-4.150158 .163717
-4.145215 .164743
-4.140254 .165397
-4.135283 .165674
-4.130316 .165570
-4.125364 .165079
-4.120438 .164197
-4.115550 .162919
-4.110713 .161241
-4.105938 .159158
-4.101238 .156667
-4.096626 .153761
-4.092112 .150438
-4.087712 .146692
-4.083436 .142520
-4.079299 .137917
-4.075312 .132879
-4.071490 .127402
-4.067846 .121481
-4.064392 .115112
-4.061144 .108291
-4.058113 .101014
-4.055315 .093277
-4.052763 .085075
-4.050470 .076405
-4.048453 .067261
-4.046723 .057641
-4.045297 .047540
-4.044189 .036953
-4.043412 .025878
-4.042983 .014309
-4.042916 .002243
-4.043225 -.010324
-4.043927 -.023396
-4.045037 -.036977
-4.046569 -.051071
-4.048539 -.065680
-4.050963 -.080810
-4.053857 -.096464
-4.057237 -.112644
-4.061117 -.129353
-4.065515 -.146596
-4.070446 -.164375
-4.075927 -.182693
-4.081974 -.201551
-4.088602 -.220953
-4.095829 -.240899
-4.103671 -.261393
-4.112144 -.282434
-4.121265 -.304024
-4.131050 -.326163
-4.141515 -.348851
-4.152678 -.372087
-4.164554 -.395871
-4.177160 -.420200
-4.190512 -.445072
-4.204627 -.470484
-4.219520 -.496431
-4.235207 -.522910
-4.251704 -.549913
-4.269027 -.577434
-4.287191 -.605465
-4.306211 -.633997
-4.326102 -.663020
-4.346877 -.692520
-4.368552 -.722486
-4.391139 -.752903
-4.414652 -.783752
-4.439102 -.815017
-4.464502 -.846678
-4.490864 -.878711
-4.518197 -.911093
-4.546510 -.943797
-4.575814 -.976794
-4.606116 -1.010054
-4.637422 -1.043543
-4.669739 -1.077224
-4.703071 -1.111060
-4.737421 -1.145008
-4.772792 -1.179025
-4.809184 -1.213064
-4.846596 -1.247076
-4.885026 -1.281008
-4.924470 -1.314806
-4.964923 -1.348412
-5.006376 -1.381767
-5.048820 -1.414807
-5.092244 -1.447469
-5.136635 -1.479687
-5.181976 -1.511391
-5.228252 -1.542513
-5.275441 -1.572981
-5.323523 -1.602724
-5.372473 -1.631669
-5.422265 -1.659745
-5.472872 -1.686880
-5.524262 -1.713002
-5.576403 -1.738043
-5.629261 -1.761935
-5.682799 -1.784613
-5.736980 -1.806015
-5.791762 -1.826083
-5.847105 -1.844763
-5.902965 -1.862004
-5.959298 -1.877763
-6.016058 -1.891999
-6.073199 -1.904682
-6.130672 -1.915783
-6.188431 -1.925282
-6.246426 -1.933168
-6.304609 -1.939434
-.079746 -1.944080
-.138159 -1.947117
-.196616 -1.948559
-.255069 -1.948429
-.313472 -1.946757
-.371779 -1.943579
-.429947 -1.938939
-.487934 -1.932884
-.545698 -1.925470
-.603200 -1.916754
-.660404 -1.906800
-.717275 -1.895677
-.773778 -1.883455
-.829885 -1.870207
-.885565 -1.856011
-.940793 -1.840942
-.995546 -1.825081
-1.049801 -1.808506
-1.103540 -1.791296
-1.156746 -1.773530
-1.209404 -1.755286
-1.261503 -1.736640
-1.313033 -1.717667
-1.363987 -1.698440
-1.414357 -1.679027
-1.464142 -1.659498
-1.513340 -1.639917
-1.561950 -1.620345
-1.609975 -1.600841
-1.657419 -1.581460
-1.704287 -1.562253
-1.750585 -1.543271
-1.796322 -1.524557
-1.841506 -1.506154
-1.886149 -1.488101
-1.930262 -1.470431
-1.973858 -1.453179
-2.016949 -1.436373
-2.059550 -1.420038
-2.101676 -1.404200
-2.143342 -1.388877
-2.184565 -1.374089
-2.225360 -1.359850
-2.265746 -1.346174
-2.305738 -1.333072
-2.345354 -1.320554
-2.384613 -1.308625
-2.423532 -1.297292
-2.462129 -1.286558
-2.500421 -1.276425
-2.538428 -1.266893
-2.576167 -1.257962
-2.613656 -1.249630
-2.650913 -1.241893
-2.687955 -1.234748
-2.724801 -1.228188
-2.761467 -1.222208
-2.797971 -1.216801
-2.834330 -1.211959
-2.870560 -1.207672
-2.906678 -1.203933
-2.942700 -1.200731
-2.978642 -1.198056
-3.014519 -1.195896
-3.050346 -1.194240
-3.086138 -1.193076
-3.121910 -1.192390
-3.157675 -1.192171
-3.193447 -1.192403
-3.229239 -1.193073
-3.265064 -1.194167
-3.300934 -1.195668
-3.336861 -1.197561
-3.372856 -1.199829
-3.408930 -1.202457
-3.445092 -1.205425
-3.481354 -1.208716
-3.517723 -1.212312
-3.554209 -1.216193
-3.590819 -1.220338
-3.627561 -1.224728
-3.664441 -1.229340
-3.701466 -1.234153
-3.738640 -1.239143
-3.775969 -1.244286
-3.813455 -1.249558
-3.851103 -1.254934
-3.888915 -1.260387
-3.926892 -1.265890
-3.965034 -1.271414
-4.003342 -1.276932
-4.041814 -1.282414
-4.080449 -1.287828
-4.119244 -1.293144
-4.158194 -1.298329
-4.197294 -1.303351
-4.236539 -1.308175
-4.275922 -1.312768
-4.315435 -1.317095
-4.355069 -1.321120
-4.394813 -1.324808
-4.434657 -1.328122
-4.474587 -1.331025
-4.514592 -1.333482
-4.554656 -1.335456
-4.594763 -1.336909
-4.634897 -1.337807
-4.675040 -1.338111
-4.715174 -1.337789
-4.755278 -1.336803
-4.795332 -1.335121
-4.835313 -1.332709
-4.875199 -1.329536
-4.914966 -1.325572
-4.954590 -1.320786
-4.994044 -1.315152
-5.033304 -1.308644
-5.072341 -1.301238
-5.111128 -1.292913
-5.149638 -1.283650
-5.187841 -1.273431
-5.225708 -1.262243
-5.263210 -1.250072
-5.300317 -1.236910
-5.337000 -1.222751
-5.373228 -1.207590
-5.408970 -1.191427
-5.444198 -1.174263
-5.478882 -1.156105
-5.512990 -1.136958
-5.546495 -1.116834
-5.579368 -1.095747
-5.611579 -1.073712
-5.643102 -1.050748
-5.673908 -1.026876
-5.703971 -1.002121
-5.733267 -.976508
-5.761769 -.950066
-5.789453 -.922826
-5.816298 -.894820
-5.842280 -.866082
-5.867380 -.836650
-5.891577 -.806560
-5.914852 -.775851
-5.937189 -.744565
-5.958571 -.712742
-5.978984 -.680425
-5.998414 -.647658
-6.016848 -.614483
-6.034277 -.580947
-6.050690 -.547092
-6.066079 -.512966
-6.080437 -.478613
-6.093759 -.444078
-6.106042 -.409407
-6.117281 -.374645
-6.127476 -.339838
-6.136627 -.305029
-6.144735 -.270263
-6.151802 -.235584
-6.157833 -.201035
-6.162833 -.166659
-6.166808 -.132497
-6.169766 -.098592
-6.171715 -.064984
-6.172667 -.031712
-6.172631 .001185
-6.171621 .033668
-6.169650 .065700
-6.166733 .097245
-6.162885 .128268
-6.158123 .158734
-6.152464 .188611
-6.145928 .217866
-6.138534 .246468
-6.130303 .274387
-6.121255 .301595
-6.111413 .328064
-6.100800 .353768
-6.089439 .378681
-6.077356 .402780
-6.064575 .426042
-6.051121 .448447
-6.037022 .469973
-6.022304 .490604
-6.006994 .510321
-5.991121 .529110
-5.974712 .546956
-5.957797 .563845
-5.940404 .579768
-5.922563 .594714
-5.904302 .608675
-5.885653 .621644
-5.866645 .633615
-5.847307 .644584
-5.827671 .654549
-5.807765 .663509
-5.787621 .671464
-5.767269 .678415
-5.746738 .684365
-5.726059 .689319
-5.705260 .693281
-5.684372 .696259
-5.663425 .698260
-5.642446 .699293
-5.621465 .699369
-5.600510 .698496
-5.579609 .696688
-5.558790 .693957
-5.538081 .690317
-5.517507 .685780
-5.497097 .680362
-5.476874 .674079
-5.456866 .666945
-5.437097 .658977
-5.417591 .650192
-5.398373 .640605
-5.379466 .630235
-5.360893 .619098
-5.342676 .607211
-5.324839 .594592
-5.307401 .581258
-5.290384 .567226
-5.273809 .552513
-5.257695 .537136
-5.242061 .521113
-5.226927 .504459
-5.212312 .487191
-5.198232 .469325
-5.184706 .450876
-5.171750 .431861
-5.159381 .412295
-5.147615 .392191
-5.136468 .371566
-5.125955 .350433
-5.116091 .328806
-5.106890 .306698
-5.098366 .284124
-5.090534 .261096
-5.083405 .237627
-5.076993 .213730
-5.071310 .189416
-5.066369 .164700
-5.062182 .139592
-5.058759 .114104
-5.056111 .088250
-5.054250 .062040
-5.053185 .035487
-5.052927 .008603
-5.053485 -.018599
-5.054868 -.046108
-5.057086 -.073910
-5.060145 -.101993
-5.064056 -.130342
-5.068824 -.158945
-5.074458 -.187788
-5.080963 -.216855
-5.088347 -.246131
-5.096615 -.275601
-5.105773 -.305248
-5.115824 -.335054
-5.126774 -.365003
-5.138627 -.395076
-5.151384 -.425252
-5.165050 -.455511
-5.179625 -.485832
-5.195110 -.516193
-5.211507 -.546570
-5.228816 -.576940
-5.247034 -.607276
-5.266161 -.637552
-5.286193 -.667741
-5.307127 -.697815
-5.328960 -.727743
-5.351684 -.757497
-5.375296 -.787043
-5.399786 -.816349
-5.425148 -.845383
-5.451371 -.874110
-5.478446 -.902495
-5.506361 -.930503
-5.535104 -.958097
-5.564661 -.985242
-5.595018 -1.011899
-5.626159 -1.038033
-5.658067 -1.063605
-5.690724 -1.088578
-5.724112 -1.112916
-5.758209 -1.136583
-5.792996 -1.159541
-5.828448 -1.181757
-5.864544 -1.203196
-5.901259 -1.223826
-5.938567 -1.243614
-5.976443 -1.262530
-6.014860 -1.280547
-6.053789 -1.297638
-6.093202 -1.313779
-6.133071 -1.328949
-6.173365 -1.343127
-6.214053 -1.356296
-6.255107 -1.368444
-6.296494 -1.379558
-.054997 -1.389631
-.096957 -1.398657
-.139156 -1.406634
-.181563 -1.413563
-.224146 -1.419448
-.266875 -1.424297
-.309719 -1.428119
-.352647 -1.430929
-.395629 -1.432742
-.438636 -1.433577
-.481640 -1.433456
-.524612 -1.432404
-.567525 -1.430447
-.610354 -1.427614
-.653072 -1.423937
-.695655 -1.419448
-.738081 -1.414181
-.780326 -1.408173
-.822370 -1.401461
-.864192 -1.394082
-.905775 -1.386076
-.947099 -1.377483
-.988149 -1.368341
-1.028910 -1.358691
-1.069367 -1.348574
-1.109508 -1.338027
-1.149321 -1.327092
-1.188795 -1.315807
-1.227921 -1.304209
-1.266691 -1.292336
-1.305098 -1.280225
-1.343135 -1.267909
-1.380798 -1.255424
-1.418082 -1.242801
-1.454984 -1.230072
-1.491502 -1.217267
-1.527635 -1.204415
-1.563381 -1.191542
-1.598741 -1.178674
-1.633716 -1.165835
-1.668308 -1.153046
-1.702518 -1.140330
-1.736349 -1.127705
-1.769804 -1.115190
-1.802888 -1.102800
-1.835605 -1.090550
-1.867959 -1.078455
-1.899954 -1.066526
-1.931598 -1.054775
-1.962894 -1.043210
-1.993849 -1.031841
-2.024469 -1.020674
-2.054761 -1.009715
-2.084730 -.998971
-2.114383 -.988444
-2.143727 -.978137
-2.172769 -.968054
-2.201515 -.958195
-2.229972 -.948560
-2.258146 -.939150
-2.286045 -.929963
-2.313675 -.920998
-2.341042 -.912253
-2.368154 -.903724
-2.395016 -.895410
-2.421636 -.887305
-2.448018 -.879405
-2.474169 -.871707
-2.500095 -.864205
-2.525802 -.856893
-2.551295 -.849766
-2.576579 -.842819
-2.601661 -.836045
-2.626544 -.829437
-2.651234 -.822990
-2.675734 -.816696
-2.700051 -.810549
-2.724187 -.804542
-2.748147 -.798668
-2.771935 -.792919
-2.795554 -.787289
-2.819007 -.781770
-2.842297 -.776354
-2.865428 -.771036
-2.888402 -.765806
-2.911222 -.760659
-2.933890 -.755586
-2.956407 -.750580
-2.978776 -.745635
-3.000999 -.740742
-3.023075 -.735895
-3.045008 -.731086
-3.066797 -.726309
-3.088444 -.721556
-3.109949 -.716821
-3.131311 -.712096
-3.152533 -.707376
-3.173612 -.702652
-3.194550 -.697920
-3.215345 -.693171
-3.235997 -.688400
-3.256505 -.683601
-3.276868 -.678767
-3.297085 -.673893
-3.317154 -.668972
-3.337074 -.663998
-3.356843 -.658967
-3.376459 -.653872
-3.395920 -.648709
-3.415224 -.643471
-3.434369 -.638154
-3.453352 -.632753
-3.472170 -.627263
-3.490820 -.621680
-3.509300 -.616000
-3.527607 -.610217
-3.545736 -.604328
-3.563686 -.598329
-3.581453 -.592217
-3.599032 -.585988
-3.616422 -.579639
-3.633617 -.573166
-3.650614 -.566567
-3.667409 -.559839
-3.683998 -.552980
-3.700378 -.545988
-3.716544 -.538861
-3.732491 -.531596
-3.748217 -.524194
-3.763717 -.516651
-3.778986 -.508969
-3.794020 -.501145
-3.808816 -.493179
-3.823368 -.485072
-3.837672 -.476823
-3.851725 -.468433
-3.865522 -.459902
-3.879059 -.451231
-3.892332 -.442422
-3.905336 -.433476
-3.918068 -.424395
-3.930524 -.415180
-3.942699 -.405834
-3.954589 -.396360
-3.966192 -.386761
-3.977503 -.377039
-3.988519 -.367198
-3.999237 -.357241
-4.009652 -.347173
-4.019762 -.336998
-4.029563 -.326719
-4.039054 -.316343
-4.048230 -.305873
-4.057089 -.295315
-4.065629 -.284674
-4.073848 -.273956
-4.081743 -.263167
-4.089312 -.252312
-4.096554 -.241398
-4.103467 -.230432
-4.110050 -.219419
-4.116301 -.208367
-4.122219 -.197283
-4.127805 -.186173
-4.133056 -.175045
-4.137973 -.163907
-4.142556 -.152765
-4.146805 -.141627
-4.150720 -.130502
-4.154302 -.119396
-4.157551 -.108318
-4.160470 -.097275
-4.163058 -.086275
-4.165318 -.075327
-4.167251 -.064439
-4.168860 -.053618
-4.170146 -.042872
-4.171112 -.032211
-4.171761 -.021640
-4.172096 -.011170
-4.172121 -.000807
-4.171837 .009440
-4.171250 .019564
-4.170364 .029556
-4.169181 .039409
-4.167708 .049115
-4.165948 .058667
-4.163906 .068057
-4.161588 .077277
-4.158998 .086320
-4.156143 .095179
-4.153028 .103847
-4.149658 .112317
-4.146041 .120582
-4.142182 .128635
-4.138088 .136469
-4.133765 .144078
-4.129221 .151456
-4.124464 .158596
-4.119499 .165492
-4.114335 .172139
-4.108979 .178529
-4.103439 .184659
-4.097723 .190521
-4.091840 .196110
-4.085797 .201422
-4.079604 .206450
-4.073268 .211190
-4.066799 .215637
-4.060206 .219785
-4.053497 .223631
-4.046682 .227168
-4.039770 .230394
-4.032771 .233302
-4.025694 .235889
-4.018550 .238151
-4.011347 .240083
-4.004097 .241681
-3.996808 .242940
-3.989493 .243858
-3.982160 .244429
-3.974820 .244651
-3.967485 .244518
-3.960164 .244027
-3.952869 .243175
-3.945610 .241957
-3.938399 .240370
-3.931247 .238409
-3.924164 .236072
-3.917164 .233354
-3.910256 .230252
-3.903453 .226761
-3.896767 .222878
-3.890209 .218600
-3.883791 .213922
-3.877526 .208841
-3.871426 .203352
-3.865502 .197452
-3.859768 .191137
-3.854236 .184403
-3.848918 .177246
-3.843829 .169662
-3.838979 .161646
-3.834383 .153196
-3.830054 .144305
-3.826005 .134971
-3.822249 .125190
-3.818801 .114955
-3.815673 .104265
-3.812879 .093113
-3.810434 .081496
-3.808352 .069409
-3.806647 .056848
-3.805333 .043808
-3.804424 .030284
-3.803936 .016273
-3.803883 .001769
-3.804280 -.013232
-3.805142 -.028735
-3.806484 -.044743
-3.808322 -.061263
-3.810671 -.078298
-3.813546 -.095853
-3.816964 -.113932
-3.820941 -.132539
-3.825491 -.151679
-3.830632 -.171357
-3.836379 -.191575
-3.842749 -.212338
-3.849759 -.233649
-3.857424 -.255513
-3.865762 -.277932
-3.874789 -.300909
-3.884523 -.324448
-3.894979 -.348550
-3.906176 -.373217
-3.918129 -.398451
-3.930857 -.424253
-3.944375 -.450624
-3.958702 -.477563
-3.973854 -.505070
-3.989849 -.533143
-4.006702 -.561781
-4.024431 -.590979
-4.043054 -.620734
-4.062585 -.651041
-4.083042 -.681893
-4.104440 -.713282
-4.126796 -.745201
-4.150125 -.777637
-4.174442 -.810579
-4.199763 -.844014
-4.226101 -.877924
-4.253469 -.912294
-4.281882 -.947101
-4.311352 -.982325
-4.341890 -1.017941
-4.373508 -1.053921
-4.406215 -1.090235
-4.440021 -1.126850
-4.474933 -1.163730
-4.510958 -1.200836
-4.548101 -1.238126
-4.586368 -1.275554
-4.625760 -1.313071
-4.666279 -1.350624
-4.707924 -1.388156
-4.750692 -1.425609
-4.794579 -1.462917
-4.839580 -1.500016
-4.885685 -1.536834
-4.932884 -1.573297
-4.981164 -1.609330
-5.030509 -1.644852
-5.080903 -1.679782
-5.132324 -1.714035
-5.184749 -1.747525
-5.238154 -1.780165
-5.292510 -1.811867
-5.347787 -1.842542
-5.403950 -1.872103
-5.460964 -1.900460
-5.518789 -1.927530
-5.577386 -1.953230
-5.636711 -1.977478
-5.696717 -2.000199
-5.757356 -2.021322
-5.818580 -2.040780
-5.880335 -2.058514
-5.942569 -2.074471
-6.005227 -2.088604
-6.068254 -2.100876
-6.131591 -2.111258
-6.195183 -2.119729
-6.258972 -2.126278
-6.322899 -2.130903
-.103722 -2.133611
-.167754 -2.134419
-.231755 -2.133353
-.295668 -2.130448
-.359441 -2.125749
-.423020 -2.119308
-.486356 -2.111184
-.549399 -2.101444
-.612104 -2.090162
-.674426 -2.077418
-.736325 -2.063295
-.797762 -2.047883
-.858700 -2.031273
-.919107 -2.013559
-.978952 -1.994838
-1.038208 -1.975208
-1.096851 -1.954766
-1.154859 -1.933609
-1.212214 -1.911834
-1.268900 -1.889534
-1.324904 -1.866804
-1.380216 -1.843731
-1.434828 -1.820404
-1.488736 -1.796905
-1.541935 -1.773314
-1.594426 -1.749706
-1.646211 -1.726153
-1.697292 -1.702722
-1.747677 -1.679475
-1.797371 -1.656471
-1.846384 -1.633764
-1.894726 -1.611404
-1.942409 -1.589436
-1.989446 -1.567900
-2.035851 -1.546835
-2.081639 -1.526272
-2.126826 -1.506243
-2.171430 -1.486771
-2.215466 -1.467880
-2.258954 -1.449589
-2.301911 -1.431913
-2.344357 -1.414866
-2.386311 -1.398458
-2.427792 -1.382696
-2.468819 -1.367587
-2.509413 -1.353133
-2.549593 -1.339336
-2.589379 -1.326195
-2.628790 -1.313708
-2.667847 -1.301871
-2.706567 -1.290678
-2.744971 -1.280122
-2.783076 -1.270196
-2.820903 -1.260891
-2.858469 -1.252196
-2.895792 -1.244101
-2.932890 -1.236594
-2.969780 -1.229661
-3.006478 -1.223291
-3.043002 -1.217467
-3.079368 -1.212177
-3.115590 -1.207405
-3.151684 -1.203135
-3.187665 -1.199351
-3.223546 -1.196036
-3.259341 -1.193173
-3.295063 -1.190745
-3.330725 -1.188734
-3.366339 -1.187120
-3.401915 -1.185887
-3.437466 -1.185013
-3.473000 -1.184481
-3.508528 -1.184268
-3.544059 -1.184356
-3.579601 -1.184724
-3.615161 -1.185349
-3.650747 -1.186211
-3.686366 -1.187288
-3.722023 -1.188555
-3.757723 -1.189992
-3.793470 -1.191573
-3.829268 -1.193276
-3.865120 -1.195075
-3.901029 -1.196946
-3.936994 -1.198863
-3.973019 -1.200801
-4.009101 -1.202733
-4.045239 -1.204633
-4.081434 -1.206474
-4.117681 -1.208227
-4.153977 -1.209866
-4.190317 -1.211363
-4.226698 -1.212688
-4.263112 -1.213813
-4.299554 -1.214710
-4.336014 -1.215350
-4.372485 -1.215703
-4.408958 -1.215741
-4.445421 -1.215435
-4.481863 -1.214755
-4.518274 -1.213674
-4.554638 -1.212164
-4.590944 -1.210197
-4.627177 -1.207745
-4.663320 -1.204782
-4.699359 -1.201283
-4.735275 -1.197221
-4.771053 -1.192575
-4.806672 -1.187319
-4.842115 -1.181433
-4.877362 -1.174895
-4.912393 -1.167688
-4.947186 -1.159792
-4.981722 -1.151192
-5.015978 -1.141874
-5.049933 -1.131823
-5.083564 -1.121030
-5.116848 -1.109486
-5.149764 -1.097182
-5.182287 -1.084115
-5.214396 -1.070280
-5.246066 -1.055677
-5.277275 -1.040306
-5.308000 -1.024172
-5.338219 -1.007279
-5.367908 -.989634
-5.397045 -.971247
-5.425609 -.952130
-5.453578 -.932297
-5.480931 -.911762
-5.507647 -.890543
-5.533707 -.868661
-5.559091 -.846135
-5.583781 -.822989
-5.607758 -.799248
-5.631006 -.774937
-5.653509 -.750085
-5.675250 -.724720
-5.696217 -.698872
-5.716394 -.672572
-5.735769 -.645854
-5.754332 -.618750
-5.772071 -.591295
-5.788976 -.563524
-5.805041 -.535472
-5.820256 -.507174
-5.834616 -.478669
-5.848116 -.449993
-5.860751 -.421182
-5.872519 -.392274
-5.883419 -.363306
-5.893448 -.334317
-5.902608 -.305341
-5.910901 -.276418
-5.918328 -.247583
-5.924895 -.218873
-5.930604 -.190324
-5.935463 -.161971
-5.939479 -.133850
-5.942659 -.105995
-5.945012 -.078440
-5.946548 -.051217
-5.947279 -.024361
-5.947216 .002099
-5.946372 .028130
-5.944761 .053703
-5.942398 .078788
-5.939297 .103358
-5.935475 .127385
-5.930950 .150842
-5.925739 .173705
-5.919860 .195948
-5.913334 .217549
-5.906179 .238486
-5.898417 .258736
-5.890069 .278281
-5.881156 .297102
-5.871700 .315180
-5.861725 .332499
-5.851254 .349044
-5.840310 .364801
-5.828917 .379756
-5.817101 .393898
-5.804884 .407215
-5.792293 .419700
-5.779353 .431342
-5.766089 .442136
-5.752527 .452075
-5.738692 .461154
-5.724611 .469369
-5.710309 .476719
-5.695813 .483201
-5.681149 .488815
-5.666342 .493561
-5.651419 .497441
-5.636405 .500458
-5.621327 .502615
-5.606209 .503916
-5.591078 .504367
-5.575959 .503974
-5.560877 .502742
-5.545856 .500681
-5.530922 .497798
-5.516099 .494101
-5.501411 .489602
-5.486882 .484308
-5.472535 .478232
-5.458393 .471383
-5.444480 .463774
-5.430818 .455416
-5.417428 .446321
-5.404333 .436502
-5.391554 .425971
-5.379112 .414742
-5.367027 .402827
-5.355320 .390240
-5.344010 .376995
-5.333117 .363104
-5.322659 .348581
-5.312656 .333441
-5.303125 .317697
-5.294084 .301363
-5.285551 .284452
-5.277541 .266979
-5.270073 .248957
-5.263160 .230401
-5.256821 .211323
-5.251069 .191739
-5.245919 .171663
-5.241386 .151107
-5.237483 .130086
-5.234224 .108615
-5.231623 .086708
-5.229692 .064378
-5.228443 .041641
-5.227887 .018511
-5.228037 -.004998
-5.228903 -.028870
-5.230496 -.053090
-5.232825 -.077644
-5.235901 -.102514
-5.239731 -.127684
-5.244326 -.153140
-5.249691 -.178863
-5.255837 -.204836
-5.262768 -.231042
-5.270492 -.257463
-5.279014 -.284079
-5.288340 -.310871
-5.298475 -.337820
-5.309422 -.364904
-5.321185 -.392104
-5.333767 -.419396
-5.347170 -.446759
-5.361395 -.474168
-5.376443 -.501601
-5.392314 -.529033
-5.409007 -.556438
-5.426521 -.583790
-5.444852 -.611062
-5.463999 -.638227
-5.483957 -.665257
-5.504721 -.692123
-5.526284 -.718794
-5.548642 -.745243
-5.571785 -.771437
-5.595705 -.797345
-5.620393 -.822937
-5.645839 -.848181
-5.672030 -.873045
-5.698955 -.897496
-5.726600 -.921503
-5.754951 -.945034
-5.783993 -.968056
-5.813709 -.990538
-5.844082 -1.012450
-5.875095 -1.033759
-5.906728 -1.054438
-5.938962 -1.074456
-5.971776 -1.093786
-6.005148 -1.112401
-6.039056 -1.130275
-6.073477 -1.147383
-6.108388 -1.163705
-6.143765 -1.179217
-6.179582 -1.193902
-6.215814 -1.207741
-6.252436 -1.220721
-6.289421 -1.232827
-.043557 -1.244049
-.081188 -1.254379
-.119103 -1.263809
-.157273 -1.272338
-.195672 -1.279962
-.234272 -1.286683
-.273047 -1.292505
-.311970 -1.297434
-.351015 -1.301478
-.390154 -1.304648
-.429363 -1.306957
-.468615 -1.308420
-.507887 -1.309054
-.547153 -1.308878
-.586391 -1.307914
-.625576 -1.306186
-.664688 -1.303716
-.703704 -1.300531
-.742603 -1.296659
-.781367 -1.292127
-.819976 -1.286965
-.858412 -1.281204
-.896659 -1.274875
-.934699 -1.268007
