.4801805902652984 -.2565337820291565
-.5570610176122884 .4575575677816695
.5239621077065163 -.4886364144452826
-.5060324974047657 .4807029088300286
.5033645414124779 -.4743525319889668
-.5049048936901122 .4723256630277493
.4921631955146151 -.4793470405130871
-.4934566456440181 .4788896157464059
.4946128885769842 -.4783370780124876
-.4957522494628095 .4777395470921030
.4968972646877230 -.4771337314308238
-.4980448589051895 .4765282272041267
.4991918146730754 -.4759227231382562
-.5003372528159780 .4753163082641453
.5014811533404507 -.4747086847165941
-.5026235889122083 .4740998320273759
.5037645855580424 -.4734897728462255
-.5049041437923750 .4728785195630573
.4916461665414668 -.4798697571923273
-.4928007904068746 .4792712603671649
.4939540014111531 -.4786715404663889
-.4951057966086578 .4780706005498155
.4962561730639632 -.4774684437428159
-.4974051278330958 .4768650731779919
.4985526579734774 -.4762604919862129
