1.75946292 -.26143567
-3.94722207 -1.13030844
-5.23232634 -.10675882
-3.11003969 -.49910348
1.18346753 1.38302940
-3.14612826 -.71095693
-1.40955720 1.54139813
-1.68324031 .02728359
3.78897475 1.02333238
5.36543516 .18715426
2.94955192 .36682537
-2.42181006 -.80275315
2.84741779 .78074569
-1.52112559 -1.17971562
3.25913873 .80015566
4.22897868 .33134321
4.15094278 1.29090933
5.04481135 .05285273
3.35474771 .67276312
4.04940094 .24419276
4.12643160 1.28962459
5.07602984 .07394472
3.31238387 .64643159
3.31299286 -.25531907
2.61075160 .78955609
-2.43678535 -.79008154
2.83778458 .78318852
-1.55787754 -1.16200262
3.26492480 .81049525
4.37337874 .39792898
4.12380992 1.25763878
5.07405209 .08420878
3.32029073 .64804127
3.40045472 -.18806511
2.95539008 .82057184
-.37481862 -1.72400354
2.74523198 .41808314
-2.84228802 -.79732005
1.47612858 1.20502134
-3.24847085 -.78902416
-4.02642225 -.22096171
-4.09104792 -1.28343622
-5.08089160 -.05630119
-3.31080909 -.63852395
-3.11682398 .39702073
-1.40410674 -1.23979286
3.23075540 .76082950
3.43041703 -.16732990
3.05217219 .84713357
1.51448717 -1.49590972
1.62540739 -.02486754
-3.73452939 -.98763962
-5.39064594 -.20786786
-2.91064264 -.34498666
2.57178339 .79885917
-2.51198674 -.79044579
2.69546645 .75826436
-2.27113798 -.81463746
3.08108747 .81459055
1.52669795 -1.48663012
1.61048584 -.03340829
-3.72921621 -.97851190
-5.39857416 -.22108720
-2.90477237 -.33611368
2.61139622 .79185719
-2.42496096 -.79742994
2.84562986 .78845737
-1.47308949 -1.21568527
3.24308303 .79386103
4.06968212 .25708201
4.13810068 1.29333089
5.06854155 .07348082
3.32184931 .65341627
3.52225633 -.10327986
3.32084156 .93849073
5.17749555 .54387812
3.30376956 .61277683
2.82922603 -.62443227
1.65407923 -.49243664
-3.97526535 -1.13180526
-5.21109743 -.09679958
-3.14817280 -.51233508
.87147830 1.52471968
-3.00460061 -.58445711
1.50768183 1.18053050
-3.25981067 -.79044946
-4.10429279 -.27077445
-4.14009094 -1.29566760
-5.05733465 -.06248306
-3.32730745 -.66488850
-3.78250785 -.06914362
-3.84416693 -1.17681066
-5.26626612 -.10364863
-3.06297123 -.46724327
1.66347437 1.08863822
-3.29098525 -.82056726
-4.56329095 -.48441334
-4.05422218 -1.18103338
-5.16025155 -.09549697
-3.20758549 -.56708754
-.44775095 1.82220375
-2.28775920 -.17655061
3.74650990 1.10405630
5.34964016 .15302647
2.95957613 .38538656
-2.33058274 -.83470217
2.97686434 .78852301
-.45537194 -1.69299681
2.78521800 .43631795
-2.72126336 -.77832009
2.12284398 .86968542
-3.19351106 -.84344022
-3.84566613 -.11521838
-3.93827420 -1.21652159
-5.20240338 -.08847210
-3.14806309 -.52752471
.66449105 1.63387171
-2.90476548 -.53376706
2.12044720 .89611522
-3.18588657 -.83460294
-3.58297108 .05531417
-3.48520679 -1.00156014
-5.43703009 -.36258961
-2.87754407 -.30291748
2.75225380 .79066705
-1.95776434 -.94490084
3.26192754 .85608676
4.61311590 .49264198
3.99501715 1.14477172
5.19701303 .09454397
3.15231269 .53382138
-.58795474 -1.64561689
2.85610225 .48030728
-2.44401191 -.78736933
2.83420639 .77262296
-1.65006287 -1.09843732
3.28733187 .82308250
4.58068899 .48550214
4.02938822 1.16737003
5.17327061 .09240229
3.18594689 .55570316
.05343597 -1.82165050
2.51754636 .29755089
-3.40739995 -.96865805
-5.38960683 -.44602209
-2.97160905 -.36109851
2.37492712 .80411697
-2.93349390 -.78687844
.87633719 1.52590427
-3.00850452 -.59339572
1.42121572 1.23731173
-3.23293006 -.77286555
-3.66907583 .00480703
-3.65298473 -1.08704167
-5.39767738 -.19063928
-2.89770492 -.33912999
2.63943656 .77318608
-2.40548935 -.78173621
2.91591337 .78204146
-1.07426766 -1.42172189
3.10232606 .65864131
-.08465313 -1.79389101
2.58578272 .32428332
-3.28207113 -.91333076
-4.97753300 -.56027900
-3.59491371 -.83581631
-5.40293045 -.37806699
-2.91753193 -.33981683
2.56205278 .80180605
-2.55203157 -.76125425
2.65355829 .75989727
-2.39218125 -.78810702
2.92808942 .78659430
-.92823189 -1.50020866
3.03386564 .61131215
-1.14737535 -1.39133990
3.13334604 .69011139
.82835524 -1.76236228
2.06820892 .09269402
-3.86743623 -1.14152802
-5.26765713 -.10979099
-3.06154448 -.46588194
1.67629709 1.08181204
-3.29220312 -.82298373
-4.58693039 -.49223843
-4.03665624 -1.16729507
-5.17568692 -.09953234
-3.18823451 -.55224694
.00378705 1.80982732
-2.54395109 -.30503487
3.36603817 .94769322
5.29722367 .49359483
3.10088429 .46697191
-1.41485579 -1.25466809
3.24800208 .76967085
3.71694089 .03651200
3.76001875 1.12730544
5.34591780 .15690787
2.97313052 .38559054
-2.30243752 -.82628699
3.01629895 .80665316
.36051126 -1.82643611
2.33844536 .20074505
-3.69200200 -1.08253259
-5.38199927 -.17810931
-2.91789469 -.35419955
2.52884531 .80462957
-2.62832077 -.75817531
2.46805801 .77390057
-2.80981500 -.76992319
1.78506825 1.02416024
-3.29521266 -.84341791
-4.73795245 -.53058396
-3.89145550 -1.05962268
-5.29383604 -.13911327
-3.03476552 -.43861749
1.89683460 .98876009
-3.26259478 -.85535518
-4.63924996 -.49601148
-3.99553918 -1.12876797
-5.22195942 -.12092120
-3.13605614 -.50599095
1.00250545 1.46303926
-3.06866428 -.63467436
.69160820 1.61230838
-2.91511831 -.53016931
2.10816299 .88874571
-3.18576373 -.84499554
-3.81012437 -.08863653
-3.88492210 -1.19555038
-5.23572812 -.09279520
-3.10169046 -.49670304
1.28269773 1.30491409
-3.18974433 -.72255653
-2.20609874 1.07234028
-1.08657343 .12134316
3.16585797 .53196252
-.49247296 -1.69040869
2.81043239 .46201698
-2.59927551 -.78602757
2.47289327 .78818903
-2.76669227 -.78003567
1.91615185 .97437232
-3.26226343 -.85878477
-4.67849276 -.52426813
-3.97102994 -1.11136841
-5.24089264 -.12593955
-3.11065828 -.48784058
1.29639409 1.30467151
-3.19286293 -.73285342
-2.48755572 .87583477
-.88972689 .24100663
2.91306856 .34164494
-2.57607145 -.79447062
2.51370086 .78605058
-2.68002912 -.77997956
2.23804678 .84924779
-3.09727726 -.81509163
-1.79867057 1.33337689
-1.40949392 .06648246
3.54750799 .82873594
5.37235545 .43916998
2.98648108 .37814885
-2.27400952 -.83681998
3.04315822 .81396960
.92902308 -1.73498565
2.00757296 .07252580
-3.87568819 -1.13712012
-5.26471518 -.10948787
-3.07898616 -.45908996
1.64378413 1.09999820
-3.28822245 -.81709879
-4.52378361 -.47011365
-4.07987718 -1.20200788
-5.13661128 -.08905672
-3.23645730 -.58981787
-1.24305121 1.62374702
-1.80859730 -.01402107
3.84147240 1.08355600
5.30727624 .13610376
3.01386023 .42661534
-2.01721757 -.93947529
3.24184539 .84466763
4.30861798 .38194394
4.17170157 1.28247226
5.05432343 .07362324
3.33854872 .66702256
3.87835372 .13555869
3.97689121 1.23288097
5.17512671 .08312198
3.18339956 .55345102
-.01690337 -1.81208508
2.55550808 .31685340
-3.33208098 -.93869287
-5.22036016 -.52115070
-3.23336866 -.54962559
-.54981300 1.80515907
-2.21793754 -.13528487
3.81821406 1.12641486
5.31272923 .13965238
3.01364064 .41876948
-2.06044109 -.90933593
3.21120989 .84871384
4.12971917 .28068043
4.13864129 1.29593907
5.05083962 .05412890
3.32872982 .67172691
3.92070980 .16844890
4.03351410 1.25239082
5.14521256 .08712934
3.22896887 .58038689
.92371561 -1.73206387
2.00119203 .06081908
-3.88739336 -1.13705300
-5.26625852 -.11787987
-3.06955194 -.46526125
1.62502724 1.12983789
-3.27237446 -.82359816
-4.52064873 -.45720869
-4.05198814 -1.19515282
-5.14133828 -.09893399
-3.23786181 -.58405143
-1.09713066 1.67436767
-1.89052240 -.02459149
3.87984701 1.11349151
5.28281486 .12972927
3.05103917 .44840479
-1.79497415 -1.03475065
3.28156687 .84677727
4.70082524 .51570123
3.91307970 1.08286359
5.26579257 .11863726
3.07806003 .45807597
-1.65182313 -1.09604509
3.28891700 .81888037
4.54168831 .47627716
4.06754035 1.19243643
5.14714825 .09126158
3.22311912 .57979777
.87407328 -1.74960496
2.03808997 .07959891
-3.87629577 -1.14027850
-5.26561778 -.11173939
-3.06601305 -.46725095
1.62031621 1.13910511
-3.29160181 -.81726074
-4.53785114 -.47712432
-4.07572088 -1.19609630
-5.14418561 -.09370428
-3.22941165 -.58216042
-.98288577 1.71622908
-1.96829190 -.05366857
3.88356089 1.13162917
5.26807357 .11682925
3.06532863 .46411902
-1.64575024 -1.12144139
3.27251670 .82896902
4.58074927 .49423051
4.05162960 1.17404318
5.17012460 .10361304
3.19982392 .55668467
.16159121 -1.82101001
2.44580279 .24668230
-3.55549913 -1.02082984
-5.44044852 -.28776344
-2.85500181 -.29682351
2.81228950 .80371200
-1.60731275 -1.13583978
3.27216397 .82211159
4.51705558 .45479086
4.08754952 1.20163815
5.13955274 .09691399
3.23874854 .58598696
1.15609759 -1.65370688
1.85536084 .01720548
-3.86789574 -1.10199393
-5.29238175 -.13346736
-3.03778880 -.43943933
1.88559488 .99118707
-3.26810357 -.85388710
-4.65781126 -.50315768
-3.95011606 -1.11287737
-5.23178243 -.10314510
-3.12072638 -.49215810
1.21680956 1.34485633
-3.16315573 -.70404589
-1.46566541 1.51846310
-1.65380690 .02479968
3.76047484 1.00549033
5.37828834 .19554605
2.92880278 .35595547
-2.50086139 -.79976747
2.68517182 .77701367
-2.23183283 -.84853790
3.08319391 .83023514
1.97896115 -1.22049255
1.26663553 -.08858044
-3.39032992 -.70294948
-4.58734691 -.49000408
-4.03338186 -1.16584735
-5.17708576 -.09887199
-3.18563459 -.55107603
.04322127 1.80511589
-2.56680934 -.31884094
3.31520964 .92927092
5.15060775 .54296660
3.33307091 .64008317
3.65301418 -.02145768
3.64169690 1.06966774
5.41933727 .22704047
2.88350261 .31368710
-2.71950735 -.78423131
2.11060832 .87568421
-3.19921582 -.84542552
-3.94164761 -.17438004
-4.03683653 -1.26031148
-5.12664522 -.06985154
-3.24091292 -.60023122
-1.55922106 1.48006071
-1.60730868 .01620142
3.73816802 .97643002
5.40323162 .23204744
2.90674885 .32923844
-2.62982450 -.78038344
2.40965643 .78848113
-2.89443794 -.78491718
1.19702954 1.36148108
-3.15450438 -.70583956
-1.42672216 1.54282340
-1.69112579 .00766844
3.77514781 1.02631521
5.35846171 .17089214
2.94732760 .37740974
-2.40932543 -.79331001
2.89121466 .77703868
-1.29081809 -1.30098853
3.19294748 .72887878
2.40246407 -.93610528
.93751101 -.18914360
-2.97359711 -.38718607
2.29053652 .83500399
-3.02007778 -.81144694
-.52505162 1.81777643
-2.24891456 -.16586683
3.77210635 1.11689282
5.33137533 .15693382
2.99659214 .39819308
-2.19780967 -.84841076
3.13400983 .82644341
2.70613854 -.71061073
1.00490236 -.49966956
-3.14192617 -.49064686
1.01620361 1.46417643
-3.07527025 -.64797235
.46259627 1.70578296
-2.79810445 -.46126688
2.62651348 .79299627
-2.37280011 -.81388815
2.93558319 .78269277
-.91533990 -1.50101815
3.02673411 .60028716
-1.28406185 -1.30912241
3.18909212 .72828531
2.34293591 -.97985469
.98303205 -.15776689
-3.02984935 -.43199763
1.94540702 .96320603
-3.25297059 -.85511270
-4.56053407 -.47266287
-4.02783803 -1.17426736
-5.16545899 -.10643989
-3.20903894 -.56056215
-.30716719 1.82132103
-2.35876512 -.19900820
3.68408857 1.07296457
5.39655329 .19905338
2.90711690 .33727861
-2.60527909 -.78889780
2.45146938 .78988681
-2.80815899 -.78204071
1.71767822 1.07501350
-3.28232533 -.84108852
-4.69392344 -.51042312
-3.94355124 -1.08927939
-5.26595932 -.13692918
-3.07972568 -.46307388
1.60969093 1.12491813
-3.27931454 -.81342909
-4.45524916 -.44023884
-4.10941733 -1.23165671
-5.10229880 -.07567116
-3.27394622 -.62311077
-2.46767233 .89497292
-.90566729 .21502602
2.92693221 .35840459
-2.49321033 -.80856225
2.70338284 .75880831
-2.24297367 -.82395589
3.10697319 .82110056
2.12659167 -1.12760778
1.15543340 -.10120537
-3.24956710 -.59887318
-1.61230485 1.44697703
-1.56004822 .03288393
3.67938779 .94395659
5.41578815 .25280738
2.88010823 .32130894
-2.69942513 -.80029760
2.13835277 .85460986
-3.19630650 -.83876447
-3.77599462 -.07490484
-3.85348994 -1.17276533
-5.27595271 -.12009819
-3.06087297 -.45440875
1.72993694 1.06571984
-3.28559163 -.83757175
-4.66794112 -.50889432
-3.94893446 -1.10835130
-5.23836717 -.10962996
-3.10096254 -.49374705
1.27146848 1.33661632
-3.20053814 -.72958760
-2.48670110 .87141015
-.88345943 .25423842
2.91230752 .33397566
-2.60245000 -.78416204
2.47394035 .78159676
-2.77970047 -.77535678
1.88658519 .98202787
-3.27567548 -.85540545
-4.70875848 -.51770208
-3.90516115 -1.07685984
-5.27233263 -.12151817
-3.06948945 -.45161021
1.72187381 1.05793938
-3.29496349 -.83089943
-4.65310900 -.51218307
-3.98146044 -1.12485912
-5.22342304 -.11371557
-3.12775101 -.50613257
1.03437275 1.45474930
-3.08355753 -.65431024
.30543325 1.75287244
-2.71363916 -.40864262
2.92017832 .81910974
-.68261684 -1.62754091
2.93127079 .52950635
-2.06634865 -.89176740
3.22702394 .84551655
4.20048281 .32514688
4.16771863 1.29690756
5.04528763 .06553690
3.34478016 .67576276
4.05587526 .23937600
4.11155875 1.28881838
5.07105045 .05897696
3.30669138 .65271191
3.42116019 -.18406001
3.01944330 .82935862
.57770565 -1.79899732
2.19943280 .12575038
-3.83269716 -1.13083211
-5.30453796 -.13701588
-3.02514988 -.42641146
1.99272851 .93604786
-3.24378101 -.85232954
-4.44909609 -.43449873
-4.10348443 -1.23202544
-5.10002555 -.06955348
-3.27208709 -.62598496
-2.53293039 .85019967
-.87240477 .27851009
2.90389332 .32301338
-2.65127201 -.77906182
2.35179681 .79872664
-2.97932159 -.79755429
.28456572 1.75103676
-2.69716975 -.39072996
2.98828002 .82625595
.18565321 -1.82743319
2.44018418 .25333902
-3.54962827 -1.02446857
-5.43666384 -.27632774
-2.86077946 -.28870484
2.82573088 .78916059
-1.63815788 -1.09992037
3.28926643 .81836819
4.54872687 .47753768
4.05972140 1.18773959
5.15180495 .09073353
3.21594851 .57560319
.71434372 -1.78760038
2.13522045 .11625546
-3.84672565 -1.13928532
-5.28074777 -.11499399
-3.04546605 -.45299755
1.81064832 1.00930285
-3.29624998 -.84132873
-4.70989800 -.52878951
-3.93212743 -1.08545505
-5.26802470 -.13250856
-3.07250875 -.46232716
1.63640725 1.11697202
-3.27838896 -.82231777
-4.53202624 -.46531574
-4.05479141 -1.19207650
-5.14377603 -.07957953
-3.21841857 -.58472707
-.96878809 1.72965975
-1.99471804 -.04853857
3.89949381 1.13702119
5.26795038 .12660261
3.07400625 .46160205
-1.63957699 -1.11157541
3.28132369 .82104119
4.53200689 .46751258
4.06041269 1.19369639
5.14306323 .08258036
3.22188592 .58489221
.99907247 -1.71816335
1.97108511 .06689060
-3.90341013 -1.13377301
-5.27010030 -.13067381
-3.07367400 -.45880851
1.66101162 1.09607419
-3.28640690 -.82314282
-4.56793740 -.48231194
-4.04147107 -1.17560216
-5.16450795 -.09144707
-3.19803614 -.56385843
-.30865781 1.83217841
-2.37257625 -.22171986
3.64378352 1.06488836
5.40409297 .20039513
2.89716489 .32094179
-2.67407086 -.77776975
2.28699177 .81294723
-3.05974350 -.81222564
-1.12444757 1.66602497
-1.87801143 -.02594566
3.87128135 1.10928050
5.28529821 .12749281
3.04484848 .44696084
-1.82062248 -1.02650258
3.27484443 .85107182
4.69640296 .51157682
3.94216944 1.08779081
5.26777576 .13814503
3.07779923 .46119015
-1.62955017 -1.11324559
3.28266512 .81708948
4.50243945 .45897524
4.08474532 1.21037860
5.12569944 .08169568
3.24595886 .60089436
1.62652904 -1.44210567
1.55587043 -.02804475
-3.67038948 -.94074314
-5.41561826 -.25298785
-2.88633350 -.30947627
2.72419848 .78005681
-2.11200273 -.87000100
3.20534047 .84376730
3.96686056 .19241424
4.06349876 1.26923651
5.11226109 .07179532
3.26212179 .61318071
2.09278975 -1.15701017
1.19578057 -.08277094
-3.29031378 -.63829492
-2.99760718 .49990530
-5.34405350 -1.72245997
1.98188500 .04506215
-3.89886665 -1.13502259
-5.26870445 -.12674976
-3.07275095 -.46096346
1.64789244 1.10746484
-3.28198210 -.82284171
-4.54962300 -.47346795
-4.04787515 -1.18397581
-5.15381350 -.08497215
-3.20832194 -.57470380
-.63731729 1.80571688
-2.18731371 -.14364745
3.84517224 1.13287599
5.30179410 .14023967
3.03244748 .42783533
-1.96721679 -.94113715
3.25990481 .85097608
4.54176893 .47329139
4.05908005 1.19003699
5.14808321 .08663524
3.21796561 .57966330
.83267258 -1.76344098
2.06850796 .09551430
-3.86415556 -1.14129958
-5.27139380 -.13188511
-3.07386239 -.45691187
1.67458908 1.08543336
-3.29009729 -.82399390
-4.58757761 -.49081583
-4.03197017 -1.16563890
-5.17673431 -.09756590
-3.18506512 -.55163031
.03549105 1.80723813
-2.56352296 -.31831867
3.32005804 .93203332
5.17249597 .53715405
3.29696992 .61381182
2.79534960 -.64008833
1.45165627 -.55174503
-3.80340486 -.98556280
-5.37032068 -.19845810
-2.94449529 -.36203393
2.44865364 .79819652
-2.80299903 -.77580602
1.77925126 1.03597058
-3.28770157 -.84640825
-4.73435200 -.52422538
-3.88092310 -1.05757042
-5.29350139 -.13273741
-3.02970399 -.44068936
1.92563846 .95376837
-3.27853909 -.84871136
-4.63793045 -.50853025
-3.99605160 -1.13552802
-5.21161131 -.11042232
-3.14320767 -.51746852
.82457244 1.55771620
-2.98363184 -.58121360
1.61092576 1.13482872
-3.27230310 -.82073489
-4.49861817 -.44959009
-4.06692194 -1.20668655
-5.12873529 -.09676809
-3.25412865 -.59604587
-1.55340641 1.47252415
-1.58956308 .03926286
3.71507419 .96486095
5.40796166 .23689646
2.89535249 .32662669
-2.65776141 -.78933941
2.29584171 .82348646
-3.02751904 -.81486414
-.70562477 1.79116705
-2.14505811 -.12506598
3.83596905 1.13798590
5.28697748 .13562110
3.05263297 .44197390
-1.83285197 -1.00354985
3.28944480 .84553106
4.70626496 .52447354
3.92680148 1.08519166
5.26667295 .12782123
3.07069966 .46465749
-1.62407670 -1.12917431
3.27308922 .82278756
4.51627505 .45633508
4.05659542 1.19793786
5.13860290 .09934217
3.24214030 .58653705
1.19702001 -1.63619917
1.82615855 .00691200
-3.86093220 -1.09154141
-5.30252993 -.14119656
-3.02682665 -.42892067
1.97366243 .94707041
-3.24765588 -.85369453
-4.49910223 -.45252945
-4.07282469 -1.20824330
-5.12522285 -.07332684
-3.23979527 -.60256872
-1.58255976 1.45510751
-1.56483663 .04704746
3.69837045 .94821113
5.41798788 .25799490
2.88663977 .31648707
-2.70319364 -.78724595
2.15507228 .86356743
-3.16356660 -.84067548
-3.45522150 .15455893
-3.11692066 -.87415971
-3.18284570 .35750001
-1.87378959 -1.00617482
3.28645627 .84601792
4.66165471 .51802522
3.98226395 1.12177313
5.22845014 .11954197
3.12480844 .50038992
-1.11247315 -1.40886263
3.11837330 .67601617
.37712360 -1.82624983
2.32877578 .19589245
-3.70342854 -1.08699387
-5.37571676 -.17266307
-2.92609501 -.36019600
2.49240604 .80773064
-2.70729881 -.75813993
2.23284742 .82611143
-3.11781251 -.82292731
-2.34819710 .97317657
-.97430411 .16604883
3.02192481 .42258344
-2.01659361 -.92676242
3.23293976 .85156482
4.35627569 .39428054
4.13786634 1.26510518
5.06575359 .06086337
3.31219995 .65803109
3.56849214 -.06464205
3.45315294 .98503862
5.41785011 .40763913
2.91772968 .32645811
-2.60528486 -.78250934
2.47147833 .78008550
-2.78839805 -.77440086
1.85446042 .99605277
-3.28272032 -.85285922
-4.73292102 -.52469093
-3.88421205 -1.05933846
-5.29191317 -.13267143
-3.03239746 -.44201423
1.91097653 .95956869
-3.28299010 -.84795441
-4.65974183 -.51554216
-3.97892002 -1.12145180
-5.22784529 -.11682878
-3.12347492 -.50150237
1.10504789 1.41561707
-3.11493498 -.67623906
-.35047670 1.82920166
-2.34670517 -.20722586
3.67878322 1.07835488
5.38736958 .18200776
2.90959868 .34957900
-2.58318018 -.77595991
2.54864642 .76470006
-2.65269772 -.76294470
2.38454507 .79293533
-2.93254609 -.78994362
.84995817 1.54110846
-2.99596960 -.58727620
1.51909773 1.18435925
-3.25684543 -.79954276
-4.20434293 -.31849546
-4.14905334 -1.29331871
-5.04434720 -.05197055
-3.35489539 -.67322522
-4.05736631 -.24851342
-4.13005499 -1.29091112
-5.07309600 -.07314209
-3.31558409 -.64923543
-3.39538248 .19509026
-2.92815089 -.82018154
.64848769 1.63239111
-2.89427948 -.52019882
2.20538068 .85997919
-3.10486212 -.83145515
-2.40501202 .94156535
-.94895296 .17108888
2.98979037 .39009785
-2.24429546 -.83341738
3.09314740 .81677015
1.79535822 -1.33807557
1.41778442 -.06022294
-3.55129107 -.83551013
-5.38086811 -.42397815
-2.96563432 -.36708248
2.36424114 .82070991
-2.92031244 -.79607799
.87015401 1.54095042
-3.00763080 -.60575416
1.35908802 1.25882273
-3.21845737 -.74512101
-3.01514243 .47474118
-6.06887844 -1.82256398
2.41434152 .22890336
-3.60616983 -1.04121875
-5.42972207 -.24792378
-2.86591097 -.30605949
2.77028983 .79733852
-1.84681687 -1.00476220
3.27887314 .85443192
4.73362455 .52154730
3.87502188 1.05588006
5.29872939 .15357773
3.03925739 .43060350
-1.93260555 -.95475578
3.27232518 .85024997
4.61851547 .50009440
4.00558453 1.14600720
5.19847910 .10282331
3.15688759 .53086111
-.56309985 -1.67051191
2.85086967 .49457327
-2.40760050 -.81279338
2.85212383 .79087280
-1.44888363 -1.20412891
3.24872933 .77074225
3.74908039 .05699798
3.81192749 1.15281315
5.30734225 .13437111
3.02124971 .42363606
-2.01769775 -.92514850
3.23385977 .85117457
4.35665586 .39507851
4.13928279 1.26533694
5.06581716 .06187160
3.31294485 .65785926
3.57084853 -.07780063
3.45547021 .98532552
5.41926731 .40677288
2.91633635 .32484048
-2.61322333 -.78134869
2.45332267 .78169934
-2.82258065 -.77661016
1.68266188 1.08598345
-3.28666424 -.83170994
-4.64474290 -.50201335
-3.96884495 -1.12410741
-5.22052143 -.10271914
-3.12313800 -.51108637
1.03604691 1.43896719
-3.08408865 -.63928218
.52912724 1.66998353
-2.82621609 -.46444522
2.55897556 .77981898
-2.59562867 -.76852573
2.52482516 .77644977
-2.67899860 -.77147649
2.27405651 .82910362
-3.05231394 -.81915352
-1.19880334 1.64435030
-1.84382359 -.02945255
3.84719830 1.09663443
5.29818013 .14687903
3.03950090 .43091695
-1.93140494 -.95474997
3.27323339 .85004887
4.62171792 .50141563
4.00383532 1.14423644
5.20065146 .10395567
3.15453695 .52867215
-.60898091 -1.65267633
2.87467967 .50984193
-2.29595811 -.83650733
3.00723706 .81384669
.39866833 -1.83214126
2.33244450 .18145953
-3.72167313 -1.08624392
-5.37933810 -.18535033
-2.93174153 -.35281910
2.50791742 .78982012
-2.69381732 -.76872858
2.23584927 .83771838
-3.09506945 -.82626819
-2.08908814 1.15862637
-1.19880599 .08192997
3.29366452 .64118099
3.09108742 -.42935782
.98041079 1.46941064
-3.05760722 -.62064019
.92856285 1.49752803
-3.03324726 -.60674043
1.19583400 1.36014578
-3.15413033 -.70171906
-1.31659304 1.59095928
-1.75903194 -.00125892
3.81986711 1.06175744
5.32777264 .15011726
2.98888977 .40630768
-2.17592761 -.87739201
3.11888537 .83700511
2.76034909 -.66571394
1.22456222 -.56274774
-3.50026951 -.75450013
-5.21145511 -.53315435
-3.25742401 -.57377807
-1.36929991 1.56721492
-1.72324560 .00738461
3.80134213 1.04405813
5.34424323 .16274966
2.96887695 .38997399
-2.29102534 -.84194773
3.00685644 .81405883
.34680401 -1.81635507
2.33161944 .18179481
-3.72159240 -1.08658851
-5.37872579 -.18439890
-2.93204883 -.35358493
2.50466627 .79087299
-2.69861746 -.76949531
2.21699636 .84436844
-3.11116630 -.83021591
-2.45595883 .90208925
-.91158399 .20837096
2.93463859 .36399706
-2.45849434 -.81217398
2.77274680 .76182937
-1.98372122 -.92141871
3.26703445 .85175926
4.58140069 .48969861
4.03824387 1.16985627
5.17221191 .09705845
3.19132388 .55585626
.09012060 -1.82132873
2.49267810 .27889044
-3.46326743 -.98742927
-5.42236550 -.37058004
-2.88773530 -.31978919
2.70520665 .77565432
-2.19532858 -.83641086
3.15239094 .83005497
3.04654675 -.45149473
.41446249 1.71396039
-2.76662183 -.43094152
2.77106568 .78801494
-1.88455033 -.98095461
3.27812756 .85475376
4.71501429 .52035029
3.90187409 1.07308161
5.27697847 .12503012
3.05118557 .45657713
-1.76879295 -1.03116405
3.29748375 .83663309
4.69382705 .52455135
3.94733717 1.09722783
5.25495375 .12694191
3.08903879 .47510618
-1.48451275 -1.20273354
3.24943367 .78903558
4.02285631 .22024504
4.09180978 1.28297340
5.08281338 .05886268
3.29117869 .64196964
3.07454981 -.44262010
.72351788 1.59250233
-2.92868386 -.53093439
2.06797224 .89413513
-3.22234718 -.84625845
-4.17489720 -.31008069
-4.16044116 -1.29760786
-5.04630894 -.06257812
-3.34122158 -.67505693
-4.02880801 -.22215401
-4.09333151 -1.28364914
-5.08078356 -.05762850
-3.29284833 -.64398646
-3.12284922 .39174318
-1.47110662 -1.20003229
3.25106766 .77801194
3.86882279 .13299373
3.97226171 1.22871221
5.18357201 .08922141
3.17608412 .54454771
-.23301688 -1.76867371
2.67173463 .37955206
-3.05309929 -.84539656
-1.60596122 1.45346825
-1.57287282 .02287450
3.68213540 .95240819
5.41739422 .25701073
2.89128227 .31576284
-2.69761877 -.78096984
2.19931573 .84168560
-3.13924680 -.83127613
-2.89828710 .56725208
-2.81202830 -.14269380
3.16849877 .88708637
3.99815083 .20612139
4.07568994 1.27749889
5.09345288 .05979071
3.27781992 .63212148
2.71094221 -.70346092
1.02903137 -.51918930
-3.19466265 -.52364663
.26116684 1.75512578
-2.68143615 -.37673866
3.04402025 .83559735
1.19995382 -1.63903470
1.83390630 .01824505
-3.85332821 -1.09370568
-5.29833500 -.13208309
-3.02618154 -.43498188
1.94081850 .97169226
-3.24711226 -.85727726
-4.56909632 -.48970770
-4.05788312 -1.18013297
-5.16273915 -.10031767
-3.20793195 -.56402971
-.37879148 1.82334477
-2.32313399 -.18810564
3.71681696 1.08978282
5.37244810 .17306532
2.93355998 .36209085
-2.47149280 -.80484483
2.73886295 .77999105
-2.02699696 -.92650840
3.24663596 .84678771
4.36406654 .40786818
4.16012534 1.26831894
5.06735374 .07715149
3.32356941 .65485559
3.56563304 -.07300026
3.43213468 .98407456
5.40508560 .41142701
2.92719653 .34052829
-2.53925293 -.79713247
2.60059180 .77917069
-2.47912077 -.79334284
2.74102776 .78363705
-2.02887894 -.89912780
3.25318870 .84937497
4.45159122 .44322538
4.12152848 1.23596226
5.09963859 .08117235
3.28220756 .62486185
2.57559852 -.81211160
.86936733 -.32121502
-2.89581021 -.32452270
2.65688438 .79432838
-2.28043415 -.83293498
3.03544702 .82018515
.91130564 -1.72863244
1.99798784 .04971137
-3.89917320 -1.13750721
-5.26766871 -.12618709
-3.07415279 -.46193781
1.63666257 1.11350983
-3.28073439 -.82065463
-4.52648560 -.46532340
-4.06348757 -1.19645082
-5.13988923 -.08148735
-3.22554948 -.58795962
-1.10913818 1.68092985
-1.90341132 -.04769405
3.89422265 1.11824710
5.28110423 .13620907
3.05956598 .44811689
-1.77409046 -1.03550349
3.29138856 .84029562
4.69692015 .52094839
3.93299753 1.09116343
5.25956931 .12347992
3.07861216 .47189221
-1.54356353 -1.17596719
3.25886889 .80708687
4.29949383 .36356539
4.14046852 1.27767645
5.05513484 .07918068
3.34215023 .66579026
3.87298968 .13531952
3.97728599 1.23039143
5.18094065 .08952146
3.18011458 .54690987
-.16538256 -1.78274838
2.63382414 .35618867
-3.15726946 -.87444641
-3.75653944 -.05288799
-3.80478258 -1.15935472
-5.29413114 -.11457432
-3.03971542 -.43016792
1.93695406 .94964514
-3.27450739 -.84928402
-4.61760013 -.50165306
-4.01106980 -1.14806990
-5.19706002 -.10485397
-3.16070540 -.53176180
.52955544 1.68046462
-2.83196731 -.47956820
2.49975241 .79680689
-2.69246598 -.77814918
2.20312606 .85868431
-3.10777843 -.83593783
-2.54386037 .82770722
-.86559154 .30913785
2.89763770 .31823895
-2.67495750 -.78228065
2.26787160 .82297800
-3.07197096 -.81813693
-1.48184012 1.51349914
-1.64989732 .01872110
3.75063775 1.00263798
5.37885600 .19286047
2.92396309 .35682313
-2.50676598 -.80559022
2.67916624 .75689678
-2.32580222 -.79993451
3.02095379 .80152506
.29873825 -1.82172903
2.36557364 .20470898
-3.67215249 -1.06939906
-5.40065312 -.20228143
-2.90033311 -.33394568
2.62803815 .79118053
-2.37919028 -.80580391
2.91651905 .79726580
-.89160088 -1.53159451
3.01807037 .61426410
-1.23500266 -1.33055293
3.17144111 .70757680
1.64438246 -1.42370362
1.52604843 -.04796206
-3.65930408 -.92016028
-5.42625489 -.28948599
-2.87669242 -.31019176
2.73693575 .79361394
-2.00336105 -.92917621
3.24052948 .85667209
4.47626741 .44173777
4.08057339 1.21767369
5.11666234 .09440509
3.26931188 .60755453
1.99727667 -1.21187007
1.25694319 -.08610222
-3.37547786 -.69418979
-4.44222783 -.43405580
-4.11593627 -1.23686299
-5.09713278 -.07519402
-3.28077475 -.62788210
-2.64664668 .76217557
-.89982379 .39863180
2.94928635 .36169780
-2.41991242 -.81817776
2.84083219 .76829714
-1.64550881 -1.09511726
3.29078762 .81920848
4.56092363 .48241485
4.05290560 1.18147609
5.15916598 .09356723
3.20757986 .56839604
.47870308 -1.82079778
2.27163191 .17119844
-3.75892447 -1.10976325
-5.33988140 -.14540539
-2.97084137 -.39531756
2.28993485 .81688900
-3.05233797 -.80509256
-.83575780 1.75119298
-2.04845173 -.07098232
3.88902599 1.14195480
5.26765934 .12170231
3.07108223 .46284133
-1.63903796 -1.11680841
3.27779651 .82348092
4.53973045 .46727702
4.04768113 1.18736826
5.14865883 .07972559
3.21150882 .58026884
.74802987 -1.77032210
2.09779890 .08501984
-3.88162862 -1.14283431
-5.27433418 -.12635610
-3.06483104 -.45560025
1.70947610 1.07459732
-3.28654245 -.83360882
-4.64574304 -.50388269
-3.97197075 -1.12472105
-5.22056930 -.10473721
-3.12472495 -.51060257
.99237597 1.48489918
-3.06464227 -.64921039
.56641599 1.65432932
-2.84524260 -.47467614
2.48624771 .78375544
-2.75416651 -.76735354
2.02909518 .90940192
-3.24055341 -.85248502
-4.41108309 -.42047969
-4.12457410 -1.24812592
-5.08384831 -.06846967
-3.29361532 -.64080095
-3.06705747 .44639913
-.58618466 -1.66850104
2.88065007 .49518276
-2.33607915 -.80560540
2.99670537 .79630237
-.10536592 -1.78666346
2.59448201 .32560569
-3.26856546 -.90584352
-4.87777140 -.55537897
-3.73136726 -.93778116
-5.40291647 -.23503749
-2.89778125 -.33290523
2.63310162 .79572804
-2.34864323 -.81729707
2.94938473 .80609343
-.50953464 -1.67363579
2.81425340 .45405322
-2.61434781 -.77511284
2.46528850 .77845278
-2.80517502 -.77350059
1.78485990 1.02910287
-3.29098234 -.84541252
-4.73715267 -.52734500
-3.88441189 -1.05754925
-5.29464978 -.13611637
-3.03069544 -.43878383
1.90601662 .98923811
-3.28063604 -.84752480
-4.63215784 -.50921562
-4.00712671 -1.14126983
-5.20631925 -.11189979
-3.15251786 -.52198964
.71867122 1.60191386
-2.92913035 -.53998694
2.02405425 .92255338
-3.23038012 -.85259469
-4.34847368 -.38982089
-4.13772625 -1.26687829
-5.06363255 -.05887780
-3.31346522 -.66016168
-3.62044164 .02929301
-3.57143370 -1.03855037
-5.44254782 -.27915157
-2.85726902 -.29262220
2.82134642 .79597080
-1.61415530 -1.12191074
3.27998576 .81805206
4.51067981 .45859849
4.07107954 1.20387752
5.13117569 .07797990
3.23513543 .59644440
1.41691519 -1.55234996
1.70573144 -.02664840
-3.80743970 -1.03611706
-5.35519920 -.18068781
-2.96466727 -.37602281
2.35659153 .81116874
-2.95249729 -.79291408
.62642313 1.63929348
-2.88180252 -.50942069
2.27960747 .83544174
-3.03544171 -.81539448
-.84550273 1.75972074
-2.06162896 -.09422440
3.86423131 1.14107028
5.27035999 .13058574
3.07434733 .45817594
-1.66405496 -1.09254604
3.28805773 .82277062
4.57076984 .48439938
4.04231390 1.17483888
5.16593547 .09342131
3.19756393 .56221865
.26854747 -1.83115295
2.39379629 .23033296
-3.61799483 -1.05310963
-5.41709443 -.22065910
-2.88211891 -.30763577
2.73916906 .77967373
-2.05966270 -.88916556
3.23572963 .84849747
4.30966900 .37894112
4.16317079 1.28052738
5.05444047 .06801353
3.33366529 .66744828
3.86314531 .12268593
3.95308794 1.22506468
5.18679269 .08077958
3.16476305 .54328299
-.31929448 -1.75467034
2.73684627 .40258548
-2.89452982 -.79551945
1.16541008 1.37076434
-3.14260316 -.68818422
-.88154770 1.74334098
-2.02687736 -.06944393
3.88520991 1.13990138
5.26600170 .11703143
3.06959885 .46558384
-1.62254824 -1.13157678
3.27180685 .82332093
4.51610827 .45532569
4.05429333 1.19734218
5.13876049 .09798675
3.24078186 .58657442
1.18761025 -1.64077290
1.83384546 .01038481
-3.86206976 -1.09433466
-5.29961031 -.13844580
-3.02953356 -.43209397
1.94920888 .95974265
-3.25376068 -.85454064
-4.55659265 -.47231887
-4.03320471 -1.17726753
-5.15937748 -.08089217
-3.21382094 -.56312341
-.39777583 1.81746356
-2.30510448 -.17230545
3.74589769 1.09794215
5.36138737 .16926097
2.95233775 .37105395
-2.40179942 -.80761830
2.87623665 .78549667
-1.30920360 -1.30269004
3.19609269 .74419538
2.79359979 -.65237759
1.34374308 -.54744872
-3.63011905 -.86830061
-5.42748821 -.33755729
-2.89066990 -.30981770
2.71104506 .78167436
-2.15124290 -.85808260
3.17616646 .83923663
3.56832489 -.07060937
3.43881300 .98789319
5.41157439 .40043270
2.91426750 .33278943
-2.59041444 -.79562945
2.47176510 .79292445
-2.75784295 -.78374321
1.96117140 .92828961
-3.27769670 -.85090689
-4.63892657 -.50984543
-3.99776401 -1.13569277
-5.21191041 -.11181027
-3.14390375 -.51692225
.82892145 1.55439895
-2.98549155 -.58112311
1.60465711 1.13679010
-3.27242934 -.81865827
-4.48012195 -.44345602
-4.07986017 -1.21617985
-5.11584245 -.06893563
-3.26763134 -.60546688
-1.92515165 1.25722743
-1.31301124 .07889116
3.44144152 .74518181
5.02868991 .56158111
3.53382672 .78435605
5.31665480 .47811690
3.07469510 .44388486
-1.68882774 -1.09356013
3.27932611 .83388158
4.62485331 .49302258
3.97774935 1.13476266
5.21055586 .11929569
3.15224304 .51672090
-.79440110 -1.56237891
2.96602692 .55894367
-1.81223770 -1.01497232
3.29003266 .84555729
4.71984714 .52582845
3.90837137 1.07320550
5.27889538 .13107997
3.05319417 .45334346
-1.75466194 -1.06139871
3.27820334 .84468702
4.68698307 .50858870
3.95009021 1.09439167
5.26024827 .13445028
3.08690099 .46869047
-1.54421620 -1.16199071
3.26700090 .79923127
4.24851459 .34666998
4.16372207 1.29066396
5.04645646 .06242249
3.34015288 .67510929
4.02582028 .21964737
4.08992649 1.28288508
5.08178466 .05648745
3.30974346 .63766948
3.08920110 -.41786069
1.09317425 1.41373943
-3.11004239 -.66321818
-.05388632 1.81140462
-2.50636698 -.27826857
3.45087368 .97713169
5.41184752 .40059446
2.91536992 .33243715
-2.58968158 -.79393042
2.47899423 .79016740
-2.74857616 -.78169174
1.98170055 .94705903
-3.26434341 -.84942655
-4.52823717 -.47433039
-4.08287244 -1.20145177
-5.13830483 -.09264462
-3.23699092 -.58774236
-1.19035586 1.64299087
-1.83844388 -.01753855
3.85709073 1.09552579
5.29716005 .13283480
3.02890492 .43571240
-1.92988462 -.97474198
3.25256980 .85655785
4.58225870 .47733300
4.04015674 1.16464078
5.18086281 .10696540
3.18671291 .54622441
-.13227374 -1.78428937
2.61074255 .33632853
-3.22747387 -.89227628
-4.56168657 -.47887537
-4.04091937 -1.17783109
-5.16082720 -.08738429
-3.20008438 -.56791083
-.41598115 1.83034859
-2.31450021 -.19777155
3.73994502 1.09210616
5.37137878 .18098912
2.94397052 .35975281
-2.46004631 -.79173639
2.79376017 .77083600
-1.84967755 -.99450865
3.28718150 .85101365
4.73850191 .52846624
3.88493467 1.05715663
5.29539307 .13731592
3.03046603 .43783246
-1.91226037 -.98513302
3.25491303 .85705488
4.62446058 .50757453
4.01529183 1.14678372
5.20042877 .11099104
3.16070599 .52753980
-.59627952 -1.65092988
2.86485582 .49573935
-2.37118699 -.81074921
2.92557575 .79351941
-.85989528 -1.54197791
3.00197386 .59755035
-1.41491441 -1.25027751
3.22690446 .77767124
3.70907584 .03260527
3.74894916 1.12060564
5.35591361 .16514314
2.96198557 .37525855
-2.36672073 -.80925800
2.93813938 .79066031
-.78819599 -1.57043390
2.96521552 .56640054
-1.76996343 -1.04667613
3.28338863 .84509060
4.70705098 .51654447
3.90525725 1.07759212
5.27127574 .12034268
3.07028317 .45284413
-1.71113806 -1.06465572
3.29366036 .82966498
4.64085901 .50802586
3.99055691 1.13258787
5.21441314 .10990558
3.13848471 .51503797
-.87789093 -1.53401023
3.01011177 .60154591
-1.34863988 -1.28559676
3.20758292 .75771291
3.18502710 -.35772032
1.90764666 .96204107
-3.28303546 -.84702300
-4.65228735 -.51390448
-3.98676319 -1.12693511
-5.22191043 -.11541497
-3.13151218 -.50714450
1.00703065 1.46655746
-3.07103174 -.64251915
.56984356 1.66603106
-2.85385040 -.49520716
2.39836805 .81318770
-2.86939389 -.79184949
1.29549451 1.31853976
-3.21078655 -.73646660
-2.75744799 .66930841
-1.20297654 .55950829
3.46522129 .72900069
5.06146253 .55949376
3.48642966 .74803911
5.17418417 .53835959
3.30710138 .61515801
2.90829163 -.56405468
2.94059979 .23935984
-2.71320166 -.80091457
2.06403447 .90999747
-3.22957539 -.84366919
-4.17820846 -.31709450
-4.17285573 -1.29931817
-5.04705671 -.07144695
-3.34763643 -.67356344
-4.03151868 -.22886190
-4.10583938 -1.28523695
-5.08131101 -.06630737
-3.29916811 -.64242126
-3.13670607 .39153000
-1.50349201 -1.20106019
3.24908352 .79839392
4.14356340 .28364454
4.17187110 1.30006429
5.05045302 .07500614
3.34639926 .67008241
3.96689161 .19262037
4.06563019 1.26879572
5.11385220 .07478090
3.26234537 .61129661
2.04106646 -1.18971682
1.23499776 -.07824600
-3.33951747 -.67465430
-4.02664938 -.21900914
-4.08803550 -1.28282213
-5.08110319 -.05451888
-3.30908918 -.63856660
-3.10678463 .40561315
-1.28695422 -1.30844266
3.18972873 .72777579
2.33071059 -.98767108
.99083672 -.15481748
-3.04091520 -.43930616
1.87462117 .99499033
-3.27176225 -.85283040
-4.67090846 -.50773620
-3.94075441 -1.10449482
-5.24164558 -.10818376
-3.10903154 -.48210111
1.35691756 1.26406560
-3.21627966 -.74621043
-3.01539291 .47585424
-6.04114475 -1.82493950
2.40068854 .22448631
-3.62209083 -1.04941572
-5.42219302 -.23217657
-2.87289804 -.31373643
2.73672571 .79683290
-1.98835925 -.93963812
3.24165054 .85839649
4.51116434 .45273928
4.09075560 1.20461103
5.13602611 .09558476
3.24270273 .58943942
1.28074117 -1.60378236
1.77616051 -.00102876
-3.83505187 -1.07020423
-5.32139821 -.14994237
-3.00067126 -.41124840
2.12635424 .88861578
-3.16532973 -.84268435
-3.53949476 .09695205
-3.35184626 -.96008637
-5.31183062 -.50656918
-3.10697712 -.45695775
1.48654520 1.19198656
-3.25480934 -.78326230
-3.97222110 -.19578307
-4.06858414 -1.27077292
-5.10978269 -.07243578
-3.26599778 -.61537985
-2.18469542 1.09422447
-1.11818355 .10153331
3.19613602 .56432336
.31794975 -1.83474613
2.37090769 .22493864
-3.67200166 -1.06362321
-5.40922746 -.21725448
-2.89637864 -.32329819
2.66825928 .78154119
-2.29141008 -.81604032
3.04759031 .81270924
.95074810 -1.72609837
1.98983881 .06247578
-3.88141360 -1.13507241
-5.26596333 -.11375670
-3.06647482 -.46664625
1.62338468 1.13612812
-3.29287830 -.81716599
-4.54177779 -.47931870
-4.07515150 -1.19459793
-5.14626731 -.09536168
-3.22777996 -.57999514
-.91375902 1.73592484
-2.00909030 -.06515427
3.88491723 1.13789366
5.26581781 .11616119
3.06894365 .46605196
-1.62080920 -1.13396646
3.27058745 .82374289
4.51519399 .45412441
4.08874790 1.20260917
5.13846590 .09664359
3.24008573 .58703186
1.19471428 -1.63878397
1.83086733 .01112022
-3.85934642 -1.09307769
-5.30041871 -.13786674
-3.02760116 -.43160202
1.95671831 .95779825
-3.24973248 -.85497527
-4.53488656 -.46383984
-4.04580470 -1.18857357
-5.14623578 -.07606878
-3.22931918 -.57614532
-.82550961 1.75483958
-2.05492946 -.07322216
3.88798399 1.14222269
5.26826790 .12196875
3.07041002 .46221215
-1.64570364 -1.11294372
3.27869534 .82461534
4.55245757 .47185701
4.03928183 1.18045916
5.15647655 .08198772
3.20203304 .57279161
.49179936 -1.80921398
2.24852227 .14502053
-3.79968086 -1.11827398
-5.32831370 -.15005041
-2.99582678 -.40281664
2.17838671 .86248462
-3.13834752 -.83225570
-2.92816443 .54642016
-3.48933604 -.65098687
-4.92378119 -.54964825
-3.65814420 -.88678933
-5.41995062 -.29444568
-2.87740194 -.31865285
2.73237040 .77891469
-2.08790235 -.87735002
3.22180265 .84584506
4.15227952 .29948312
4.15916684 1.29841937
5.04890183 .06508532
3.34012671 .67240661
3.97894891 .19419007
4.06312654 1.27165242
5.10500634 .06386267
3.26557020 .62098283
2.33891675 -.99066225
.99537455 -.16179055
-3.05537189 -.44145682
1.82404322 1.00684001
-3.29133731 -.84430545
-4.70805780 -.52565186
-3.92696456 -1.08449133
-5.26779781 -.12919826
-3.07003075 -.46334105
1.63597455 1.12142072
-3.27536711 -.82441309
-4.53867985 -.46513357
-4.04387230 -1.18662861
-5.14861413 -.07716851
-3.22671563 -.57375134
-.74560063 1.77256151
-2.10217650 -.08949417
3.87676854 1.14247485
5.27477531 .12421690
3.06239045 .45575196
-1.71522931 -1.07444268
3.28445834 .83583471
4.65403183 .50445728
3.96003384 1.11757370
5.22775240 .10496966
3.11376562 .50417517
-1.15334616 -1.37622982
3.13703646 .67974488
.63053419 -1.79362166
2.17104494 .11672618
-3.84619432 -1.13582480
-5.29335063 -.13039594
-3.03796222 -.43783567
1.89589229 .98300155
-3.26935728 -.85312545
-4.65122862 -.50325043
-3.96098176 -1.11904317
-5.22576878 -.10341377
-3.11557092 -.50628119
1.12259765 1.39397522
-3.12349606 -.67029621
-.30747933 1.82148222
-2.35950512 -.20048782
3.68155120 1.07257583
5.39686668 .19875904
2.90593644 .33726860
-2.60741809 -.79007353
2.44181574 .79268379
-2.82185384 -.78439684
1.63340970 1.12277809
-3.27460960 -.82773067
-4.58847604 -.49679526
-4.04593616 -1.16953448
-5.17523120 -.10504127
-3.19347063 -.55173809
-.01786356 1.80811189
-2.52695784 -.28967219
3.41081869 .96102543
5.36891653 .45013580
2.98943147 .38321768
-2.24368275 -.85125627
3.06493364 .82247996
1.50784023 -1.50571171
1.64288013 -.00985857
-3.76521105 -.99916896
-5.38657853 -.21072415
-2.92651178 -.34529134
2.54193986 .78398687
-2.62902770 -.76609372
2.44134175 .78633264
-2.83710802 -.77996207
1.58508822 1.14283285
-3.27227196 -.81425612
-4.44332423 -.42984170
-4.10129590 -1.23306927
-5.09804702 -.06623594
-3.27213409 -.62822360
-2.56992648 .80960523
-.86518140 .33549335
2.90167845 .31955502
-2.66174273 -.78224311
2.30922604 .81208947
-3.02613311 -.80886689
-.53838843 1.81229332
-2.23519773 -.15375833
3.79108444 1.12126371
5.31995075 .13488308
2.99713152 .41435418
-2.12035327 -.89842225
3.18349455 .83328551
3.53026734 -.09208224
3.35394568 .94591186
5.26095376 .52426651
3.18151803 .51636632
-.45491926 -1.70272897
2.78997115 .44837629
-2.67952092 -.78525591
2.23613726 .84081811
-3.08947492 -.82751986
-2.03596954 1.19554202
-1.24620172 .07003150
3.34721650 .68551364
4.23837463 .34676946
4.17757950 1.29416914
5.04716290 .07270323
3.34796081 .67349579
4.03236133 .22954892
4.10675008 1.28544542
5.08103327 .06659953
3.29977255 .64264188
3.14587253 -.38444809
1.58970423 1.15213187
-3.26574934 -.81710647
-4.43230211 -.42213744
-4.13566189 -1.24119267
-5.09647873 -.08756167
-3.29196305 -.62703324
-2.70349858 .71259502
-.99959829 .49881385
3.13596894 .48495410
-1.10813707 -1.41379467
3.11625839 .67692573
.37616400 -1.82798496
2.33168910 .19980705
-3.69660947 -1.08551449
-5.37746785 -.17270925
-2.92227313 -.35911985
2.52674962 .77880646
-2.67800645 -.75989758
2.31872696 .80503652
-3.02342851 -.80449406
-.39885379 1.82091688
-2.31106633 -.18227260
3.72985833 1.09513199
5.36446756 .16673342
2.94367656 .36984414
-2.42333917 -.81172713
2.82489658 .78603959
-1.60373831 -1.14194186
3.29330540 .81448603
4.52940077 .47473069
4.08288719 1.20098096
5.13908221 .09342103
3.23652244 .58691277
1.16419378 -1.65275734
1.85432039 .02082365
-3.86324797 -1.10129339
-5.29213568 -.13055612
-3.03568531 -.44046798
1.88467736 .99554142
-3.26419770 -.85526332
-4.65259789 -.49929527
-3.98216514 -1.11911222
-5.23255792 -.12384268
-3.12201114 -.49578895
1.17370029 1.37227692
-3.14483101 -.69319052
-1.01262526 1.70620041
-1.94970766 -.04793173
3.88234504 1.12800577
5.27027810 .11815288
3.06261662 .46195871
-1.66945818 -1.10834004
3.27469067 .83298340
4.61934771 .50675317
4.02199251 1.15075882
5.19649040 .11121248
3.16684563 .53110695
-.50897088 -1.68179243
2.81759218 .46329085
-2.58066371 -.78322497
2.53096352 .77772571
-2.66099228 -.77367405
2.32245557 .81876180
-2.99236632 -.80937338
-.09653869 1.82551527
-2.49466436 -.28701716
3.47729216 .98003452
5.42660662 .39210866
2.90243385 .31568233
-2.66845352 -.78148896
2.29130767 .81570205
-3.04833110 -.81260860
-.95935739 1.72332535
-1.98422389 -.06036658
3.88182713 1.13423766
5.26636439 .11430068
3.06620361 .46618353
-1.62768365 -1.13339206
3.26912350 .82672711
4.54983005 .48239127
4.07032505 1.19044400
5.15103440 .09687912
3.22213808 .57536642
.75313940 -1.77538461
2.10511804 .09790051
-3.86689111 -1.14180700
-5.27445000 -.11831022
-3.05805956 -.45758562
1.71439193 1.08239077
-3.27835433 -.83917141
-4.65737336 -.50075617
-3.97856494 -1.11596886
-5.23627921 -.12560208
-3.11765731 -.49206224
1.22897245 1.34107913
-3.16746371 -.71057003
-1.67313723 1.41103962
-1.51224138 .04364670
3.64049244 .90963380
5.42569642 .29990307
2.87495615 .31211103
-2.73311835 -.79890233
1.99258674 .94025450
-3.23704117 -.85907391
-4.50368250 -.46613135
-4.10013192 -1.21430417
-5.12451009 -.09065391
-3.25504525 -.60075721
-1.69349522 1.39946168
-1.49628785 .04712040
3.62684289 .89767875
5.42584633 .31807055
2.87837399 .31251297
-2.72481193 -.79723888
2.03275865 .92141224
-3.22185488 -.85673718
-4.35318457 -.40422119
-4.16615712 -1.27213258
-5.06430693 -.07846611
-3.32887319 -.65750804
-3.64844160 .01440452
-3.62161971 -1.06660020
-5.42083596 -.22623391
-2.87553998 -.31448939
2.73047835 .79419384
-2.02526302 -.92092855
3.22987423 .85603029
4.38951881 .40530781
4.11817419 1.25229680
5.07929383 .08508970
3.31377477 .64313775
3.24998349 -.29914106
2.32904632 .81846541
-2.98730603 -.79816159
.17557745 1.77676776
-2.63719849 -.35521919
3.15425655 .87138604
3.66501170 -.00705771
3.64544356 1.08380066
5.40145048 .19496035
2.89283466 .33553740
-2.65957597 -.77377629
2.34504272 .79456480
-2.99851113 -.79687640
.07867599 1.79092650
-2.57916350 -.31642071
3.30446420 .91856452
5.07254403 .56104942
3.46672324 .73509884
5.09576638 .54981284
3.42199146 .70440440
4.82784843 .53882354
3.77455524 .97710025
5.37168375 .18937665
2.94070552 .35278906
-2.48899141 -.78432140
2.74915909 .76416177
-2.06242946 -.89222686
3.22918429 .84921427
4.27189122 .35867637
4.16284117 1.28712887
5.04847454 .06306596
3.33779491 .67327058
3.98468479 .19539712
4.06270646 1.27293322
5.10117646 .05952553
3.28583454 .61913727
2.43902427 -.90579692
.90698793 -.22210108
-2.94129708 -.35598915
2.47499855 .79150598
-2.76267740 -.76988634
1.98348286 .93205428
-3.25502867 -.85510327
-4.55245506 -.47359084
-4.04294935 -1.18161089
-5.15580732 -.08371520
-3.20440326 -.57310310
-.57023433 1.81687715
-2.23228593 -.13593412
3.81490330 1.12307492
5.32017072 .14733707
3.00760432 .41029657
-2.11670033 -.88184868
3.18619657 .84092772
3.73198513 .04067820
3.77338626 1.14029351
5.32491684 .13623753
2.99260459 .40878383
-2.15798341 -.88146756
3.13630489 .83929537
3.08865594 -.43075430
.94384435 1.48915042
-3.04006935 -.60913638
1.14127414 1.38726158
-3.13157199 -.68111271
-.61053486 1.80053454
-2.18892876 -.13009342
3.82824572 1.13228501
5.29943711 .12827397
3.02620427 .43326137
-1.95186522 -.96331867
3.24747951 .85612092
4.53763579 .46286100
4.07471705 1.19097225
5.15156996 .10023951
3.22414896 .57437430
.74266666 -1.77540672
2.10768615 .09522747
-3.87043956 -1.14197158
-5.27540240 -.12148880
-3.05917914 -.45590368
1.72309700 1.07401805
-3.28162715 -.83871025
-4.66374496 -.50484896
-3.94530762 -1.10887145
-5.23641810 -.10523740
-3.11502650 -.48749502
1.28446623 1.30640803
-3.18978194 -.72513496
-2.26961915 1.02952919
-1.03712945 .13595876
3.10143927 .48413058
-1.35950636 -1.27472060
3.21284265 .75600914
3.19128419 -.34962452
1.94601417 .96753651
-3.24791942 -.85548866
-4.53603344 -.46244835
-4.07622831 -1.19196492
-5.15054246 -.10021644
-3.22562090 -.57533024
-.77759254 1.76773798
-2.08661730 -.08730028
3.87722263 1.14255622
5.27164858 .12049804
3.06415739 .45950686
-1.68352307 -1.09514481
3.27995659 .83259426
4.61832944 .49165979
3.98476611 1.13950055
5.20191773 .09310513
3.15938183 .52152350
-.69324744 -1.60602546
2.91337127 .52184839
-2.14939463 -.86523054
3.17001519 .83687565
3.45233123 -.15302538
3.11739257 .86895766
3.06506982 -.44273153
.63364816 1.64420744
-2.88773088 -.51921766
2.22692249 .85646449
-3.07979745 -.82840569
-1.87836438 1.28339845
-1.34498084 .07818227
3.48069176 .77351344
5.20462056 .53737533
3.27102924 .58295878
1.73789723 -1.37456067
1.46460349 -.05071145
-3.59559195 -.87314915
-5.41772093 -.35620540
-2.89579488 -.32289223
2.65936930 .79549029
-2.26826063 -.83753027
3.04656869 .82318486
1.16997649 -1.64340942
1.83867850 .00584218
-3.87007569 -1.09668234
-5.29874545 -.14190280
-3.03410044 -.43182339
1.93955364 .95854568
-3.26285904 -.85266062
-4.59066082 -.48706812
-4.01676581 -1.15993803
-5.18061639 -.09166950
-3.17448203 -.54916968
.14672937 1.79401473
-2.64076727 -.34350829
3.17235489 .86564192
3.73675871 .04961117
3.79280865 1.14371167
5.32134834 .14160668
3.00350150 .40991749
-2.12832239 -.88129478
3.17336259 .84046187
3.58025082 -.06496503
3.46170877 1.00100691
5.42772884 .36339204
2.87999332 .31380703
-2.71455313 -.80131320
2.07901144 .87751327
-3.23085856 -.84573590
-4.22480183 -.33934801
-4.17339551 -1.29546677
-5.04549412 -.06870396
-3.34692356 -.67534166
-4.05825750 -.24237598
-4.11627751 -1.28956235
-5.07071887 -.06168440
-3.30932132 -.65269648
-3.43591074 .17185967
-3.04766212 -.85771641
-1.73169038 1.38576726
-1.48561198 .06032709
3.62797837 .89005293
5.42859782 .33661871
2.88558293 .30927601
-2.72137426 -.78672629
2.09334046 .88487200
-3.20602961 -.84810180
-4.05674343 -.24114855
-4.11271072 -1.28954933
-5.06973561 -.05837936
-3.30794566 -.65397928
-3.45625142 .15893255
-3.13371782 -.86263021
-3.12563354 .38943849
-1.49307989 -1.18959747
3.25583152 .78498647
4.00098236 .21276777
4.08913309 1.27885843
5.09461516 .06967825
3.28421584 .62974382
2.71388754 -.71075307
1.01016040 -.49371024
-3.13747425 -.49357191
.99657912 1.48263592
-3.06650894 -.65030779
.53817781 1.66452014
-2.82985285 -.46430690
2.55170478 .77758654
-2.61943088 -.76498679
2.47156436 .78015210
-2.78839757 -.77392361
1.85708283 .99419475
-3.28290017 -.85283179
-4.73221938 -.52487035
-3.88579790 -1.06018732
-5.29115638 -.13265690
-3.03369237 -.44264258
1.90392603 .96237808
-3.28499758 -.84752467
-4.66878526 -.51841362
-3.97171022 -1.11549180
-5.23472016 -.11972258
-3.11514318 -.49471468
1.21050257 1.35746414
-3.15890805 -.71001409
-1.56825767 1.47149838
-1.59405586 .02466311
3.70466257 .96696747
5.40304312 .22478736
2.89260183 .33405126
-2.66234621 -.77501074
2.33258759 .79867745
-3.01185332 -.80040395
-.15588471 1.81847392
-2.44777881 -.24653578
3.55402281 1.01965305
5.44101700 .29067743
2.85523274 .29617863
-2.81358875 -.80303069
1.60532997 1.13599927
-3.27251779 -.82119738
-4.51021069 -.45285461
-4.09341599 -1.20558476
-5.13546729 -.09679332
-3.24451592 -.58979226
-1.30445692 1.59272896
-1.75908291 .00629797
3.82807700 1.06241423
5.32897621 .15587217
2.99202158 .40353401
-2.18205921 -.86772297
3.12557306 .83357696
2.78211773 -.66028659
1.27583500 -.54906600
-3.53849264 -.79778567
-5.35574476 -.46261797
-3.02601744 -.40003284
2.08285305 .89036113
-3.21235011 -.84339309
-4.04015290 -.23590444
-4.11318412 -1.28767626
-5.07711817 -.06664415
-3.30499361 -.64623536
-3.26361253 .29600431
-2.36615542 -.82420597
2.91077504 .79594534
-.94961510 -1.50356849
3.06412116 .62188126
-.87438740 -1.52148495
3.00599809 .58449219
-1.50130993 -1.18335799
3.25865797 .78836015
4.06983459 .25187058
4.12676052 1.29211027
5.06686494 .06435369
3.31653542 .65592853
3.54617821 -.09134019
3.37244955 .96544028
5.33233160 .47063706
3.03990580 .42468363
-1.93678419 -.94771678
3.27674095 .84840754
4.62011819 .50382417
4.01261609 1.14759648
5.19829436 .10710534
3.16070562 .53021333
-.55432932 -1.66974183
2.84417601 .48555191
-2.45333646 -.80043668
2.78599812 .78041074
-1.82947097 -1.01684834
3.27779093 .85413379
4.73449981 .51991576
3.90119675 1.05743734
5.30032467 .15236665
3.03538133 .42958200
-1.94796541 -.95059883
3.26496284 .85132875
4.58334726 .48710359
4.02853796 1.16621043
5.17472473 .09331022
3.18454095 .55421843
.01401970 -1.81680031
2.53907233 .30874498
-3.36502385 -.95184274
-5.32105216 -.50042658
-3.09074218 -.44538050
1.63004818 1.11103466
-3.28405120 -.81599277
-4.49747822 -.45841847
-4.09097838 -1.21369147
-5.12271118 -.08292826
-3.25121066 -.60345836
-1.74025042 1.37701491
-1.47106180 .04237292
3.59477168 .87798264
5.41739082 .34392170
2.88863794 .32320556
-2.69478767 -.77653170
2.22605587 .82816484
-3.12386036 -.82464590
-2.48890485 .87159943
-.88539080 .24993376
2.91161955 .33658016
-2.59523820 -.78858913
2.48001681 .78505650
-2.75851472 -.77776617
1.96169598 .95084245
-3.25194546 -.85834751
-4.58218252 -.47832372
-4.04278340 -1.16546421
-5.18044116 -.10822041
-3.18838475 -.54640353
.11898847 1.78565926
-2.60223226 -.32997187
3.25061350 .89917803
4.74803780 .53308089
3.87992626 1.05138673
5.30226565 .14292668
3.02343137 .43059833
-1.97129518 -.95524781
3.24015020 .85605067
4.48362437 .44249365
4.10782372 1.21834126
5.12092035 .09226660
3.26148737 .60386964
1.83202222 -1.31700846
1.39015795 -.06402840
-3.52247693 -.81242948
-5.33503615 -.46695290
-3.04441000 -.42206389
1.91507586 .97767324
-3.26095672 -.85478037
-4.61555246 -.49051884
-3.98571492 -1.14092024
-5.20351854 -.11717790
-3.16119198 -.52357403
.65429928 1.62295594
-2.89320029 -.50907080
2.25327778 .83311240
-3.07953128 -.81783273
-1.60394221 1.44932910
-1.56327468 .03458105
3.68422360 .94634550
5.41529066 .25135632
2.88184443 .32139585
-2.69635427 -.79835982
2.13209037 .88471813
-3.18622348 -.83536524
-3.59347116 .04779456
-3.51020909 -1.01233967
-5.44390699 -.33560267
-2.86307739 -.29416130
2.80371191 .79554354
-1.70480642 -1.07343097
3.28855200 .83537462
4.67649911 .51099089
3.94056847 1.10210284
5.24527303 .11209664
3.09205342 .48711300
-1.36710079 -1.28297390
3.23307313 .75767214
3.39135319 -.19325134
2.92707668 .81343703
-.74970221 -1.58319192
2.94429642 .54722316
-1.94281321 -.95550681
3.26317092 .85379712
4.60282920 .49040513
4.00582868 1.15203087
5.18928634 .09349490
3.16305646 .54098507
-.36184908 -1.74271485
2.76004930 .41696914
-2.81844578 -.78375399
1.69618265 1.06860246
-3.29525389 -.82938452
-4.65587352 -.51126887
-3.97470188 -1.12157440
-5.22631033 -.11257787
-3.12231745 -.50378224
1.08344888 1.43122307
-3.10526274 -.67309214
-.20192030 1.83180657
-2.43470592 -.25465352
3.55197715 1.02786030
5.44302203 .28630187
2.86027025 .29158207
-2.81898507 -.79192700
1.65336530 1.09563212
-3.28839250 -.82345754
-4.58810016 -.48832535
-4.02479611 -1.16326397
-5.17810358 -.09431835
-3.18037348 -.55096126
.07697414 1.80374821
-2.58947759 -.33682610
3.25425379 .91126980
4.88391617 .56571275
3.74767726 .94078393
5.40525790 .24259086
2.90394779 .32796567
-2.63802674 -.78258548
2.37882677 .79679815
-2.93513005 -.79294607
.78886541 1.57217777
-2.96611892 -.56927099
1.74946144 1.06004753
-3.28153082 -.84370980
-4.69658711 -.51227926
-3.91124933 -1.08402716
-5.26762878 -.13899830
-3.07878324 -.46111831
1.62721976 1.11334083
-3.28314142 -.81600219
-4.49448502 -.45668217
-4.09119539 -1.21470693
-5.12129217 -.08170786
-3.25221568 -.60492897
-1.78992228 1.34842196
-1.43516439 .04625313
3.55824804 .84949019
5.39423885 .39239987
2.93973837 .33818111
-2.52505054 -.78029432
2.67840763 .76085348
-2.31407422 -.80727734
3.02700550 .80600402
.48317698 -1.81551551
2.26338193 .16194402
-3.77353584 -1.11299241
-5.33540131 -.14644291
-2.97996087 -.39838458
2.23272496 .85676179
-3.07191803 -.82571134
-1.71435399 1.39554939
-1.49774749 .05929175
3.64021173 .89939433
5.43009032 .32308496
2.88148084 .30684947
-2.73666098 -.78718023
2.03492961 .90813446
-3.23640773 -.85280332
-4.38520336 -.40839618
-4.13190106 -1.25667574
-5.07465139 -.06490758
-3.30333821 -.64954816
-3.33478837 .24703951
-2.69725583 -.77784035
2.21630988 .82950914
-3.13503721 -.82611277
-2.69609903 .71684329
-.98422658 .49052688
3.11085644 .46636536
-1.39218729 -1.25467589
3.22381125 .76400515
3.43795104 -.16677111
3.06336159 .85761404
1.97675882 -1.23338048
1.29311820 -.06320926
-3.40212885 -.72807588
-4.86257212 -.55933947
-3.77109038 -.95924759
-5.39240325 -.22371354
-2.91880506 -.34028557
2.57208264 .78449107
-2.55295228 -.77225590
2.62243123 .77116123
-2.44433292 -.79033238
2.82221660 .78226218
-1.64626650 -1.11304054
3.27796545 .82876803
4.59366701 .48202475
3.99971075 1.15352904
5.18846891 .11099649
3.17872352 .53852454
-.32017613 -1.73901188
2.71349896 .39546119
-2.95089650 -.81311854
.47609096 1.69421082
-2.80172167 -.45662992
2.63240845 .78601074
-2.37913913 -.80522070
2.91785793 .79686865
-.88538495 -1.53397104
3.01500794 .61139181
-1.27597115 -1.30669372
3.18778462 .72001888
2.12675022 -1.12613659
1.15161727 -.10518549
-3.24758000 -.59482265
-1.48251775 1.51246927
-1.64624068 .02263880
3.75147331 1.00064055
5.38127271 .19717584
2.92304847 .35376416
-2.51922034 -.80119009
2.63829746 .78033319
-2.36714180 -.81601778
2.94203696 .78415812
-.84401344 -1.53606231
2.99121291 .57549629
-1.62082475 -1.11754617
3.28165957 .81643123
4.49602776 .45572185
4.08641304 1.21290243
5.12250373 .07971482
3.24886349 .60410108
1.74028196 -1.37885451
1.47494411 -.03828268
-3.59514225 -.88090171
-5.42806013 -.35522335
-2.89425374 -.31047111
2.70163115 .78009972
-2.18959233 -.84354788
3.14920814 .83261929
3.07095154 -.43562717
.77387039 1.58044174
-2.95788771 -.56206807
1.82098245 1.02039263
-3.28010328 -.85027433
-4.71346591 -.51811352
-3.89878545 -1.07268411
-5.27660129 -.12277232
-3.06330695 -.44757779
1.76601594 1.03548885
-3.29510374 -.83750138
-4.69236681 -.52239294
-3.94413126 -1.09676291
-5.25461465 -.12463562
-3.08762300 -.47594571
1.48182072 1.20697291
-3.24736058 -.79009250
-4.02554630 -.22027867
-4.09014683 -1.28322349
-5.08119555 -.05604127
-3.31019302 -.63827462
-3.10680874 .40474797
-1.29686315 -1.30128176
3.19383114 .72956571
2.41581376 -.92577908
.92736837 -.19841391
-2.96175586 -.37706975
2.35590931 .81840217
-2.93980345 -.79621984
.69699600 1.61594338
-2.92063554 -.54185224
2.03851744 .92583595
-3.21184058 -.85454045
-4.24617468 -.35260497
-4.17949313 -1.29396170
-5.04670721 -.07325258
-3.34894759 -.67388391
-4.04309676 -.23605958
-4.11344461 -1.28755282
-5.07691302 -.06652236
-3.30514252 -.64644380
-3.26940799 .29176752
-2.39465709 -.81888012
2.86773501 .79035307
-1.31866264 -1.30433519
3.21931130 .74250227
2.97191515 -.50615126
4.97906736 1.59195202
-1.75680448 .00924394
3.82956368 1.06153445
5.33039853 .15844494
2.99176116 .40162610
-2.19141505 -.86214632
3.12160556 .83114716
2.65553194 -.75432106
.90914648 -.41183615
-2.96584649 -.37273356
2.34138137 .83317782
-2.96071243 -.78599938
.64985834 1.62129373
-2.89028390 -.50546509
2.27389839 .82599786
-3.06046009 -.81280915
-1.16045586 1.65345078
-1.85701097 -.02211408
3.86333149 1.10220449
5.29112876 .12945672
3.03647626 .44160821
-1.87572443 -1.00067653
3.26513818 .85517331
4.66094407 .50116168
3.97330919 1.11284645
5.23935977 .12568308
3.11286568 .48927206
-1.27445546 -1.31671793
3.18480661 .72584100
2.23544617 -1.05592562
1.07026119 -.12018067
-3.13991465 -.51721652
.83629643 1.55617166
-2.99027797 -.59012446
1.52169118 1.18977383
-3.25345375 -.80433176
-4.25560120 -.35714473
-4.17970270 -1.29260440
-5.04767808 -.07405091
-3.34824691 -.67294836
-4.02464522 -.22565146
-4.10342741 -1.28396641
-5.08444133 -.06808210
-3.29646658 -.63932493
-3.04345534 .46123224
-.21398244 -1.77693647
2.66421137 .37931864
-3.06519298 -.85209053
-1.98271936 1.23235710
-1.29165189 .08621841
3.42070010 .72580335
4.86598423 .55613573
3.75783214 .95273372
5.39556536 .22589321
2.91162326 .33831634
-2.59143672 -.78880549
2.48959698 .78392719
-2.74016395 -.77691354
2.03797107 .91726951
-3.22201359 -.85551705
-4.32266659 -.37452511
-4.17387162 -1.27779766
-5.05970460 -.07959307
-3.33617053 -.66160048
-3.76611559 -.06598782
-3.83490324 -1.16503228
-5.28772976 -.12342814
-3.04458818 -.44335084
1.84609557 1.00759271
-3.27769775 -.85062699
-4.69259080 -.51438495
-3.92287275 -1.08960770
-5.25866944 -.11636291
-3.07405195 -.47444336
1.57074964 1.14032783
-3.27635190 -.80146170
-4.31903088 -.38466324
-4.16546229 -1.27906064
-5.05657468 -.07137845
-3.33356243 -.66519602
-3.82112545 -.09752207
-3.90461835 -1.20158555
-5.22690734 -.09475466
-3.11657189 -.50406809
1.10789654 1.42287772
-3.11536393 -.68574508
-.49944598 1.80745742
-2.24324810 -.14204349
3.80470475 1.11992704
5.32553116 .14899370
2.99976883 .40539859
-2.15766786 -.86884671
3.15539780 .83549822
3.24236172 -.30898849
2.26669862 .84453757
-3.04195055 -.81620875
-.97210211 1.72431912
-1.98519201 -.06920281
3.87191895 1.13369486
5.26914081 .13145636
3.07606066 .45939677
-1.64990040 -1.10037346
3.28641697 .82017745
4.54347354 .47493173
4.06130343 1.19002051
5.14885140 .08885837
3.21868212 .57860708
.81067299 -1.76743312
2.07933649 .09702115
-3.86429247 -1.14162357
-5.26909207 -.10994106
-3.07314936 -.45477696
1.69184811 1.07363256
-3.29339841 -.82582551
-4.61263888 -.50031814
-4.01621185 -1.15149078
-5.19347306 -.10445808
-3.16578243 -.53510272
.44854339 1.70754874
-2.78834777 -.45072500
2.67617038 .78863474
-2.23400128 -.84530185
3.08522640 .82921561
2.01768856 -1.20943324
1.26246963 -.09127595
-3.38726071 -.69901301
-4.53526705 -.47349323
-4.07339688 -1.19600895
-5.14382346 -.09188181
-3.22844223 -.58275949
-.99146222 1.71466221
-1.96504917 -.05463611
3.88113781 1.13086682
5.26814950 .11542250
3.06399990 .46444002
-1.64715664 -1.12259423
3.27123058 .83019813
4.58606498 .49479837
4.04460988 1.17001347
5.17406095 .10302095
3.19352382 .55315108
.04727814 -1.81285265
2.51190354 .28332198
-3.43703541 -.97282628
-5.40077184 -.41371408
-2.93248225 -.34526794
2.51228851 .80106623
-2.65536677 -.77900649
2.31978382 .82604372
-3.00719353 -.79543731
.00281250 1.79950566
-2.53343331 -.28714329
3.40803430 .95586088
5.35877648 .46519498
3.01435585 .39670264
-2.12470290 -.88379190
3.17423350 .84107433
3.60476166 -.04831006
3.51800356 1.02592575
5.44068444 .30046811
2.85150934 .29825398
-2.81276757 -.81039916
1.59063016 1.12389532
-3.28313805 -.80689226
-4.41639388 -.42795386
-4.13620093 -1.24944036
-5.08534307 -.07761225
-3.29913283 -.63837280
-3.04285843 .45981626
-.24291803 -1.76761612
2.67782820 .38412385
-3.03386801 -.84117770
-1.19064557 1.64850956
-1.85095614 -.03313844
3.88052038 1.10166640
5.29553920 .14410918
3.04164058 .43387528
-1.90897351 -.96727624
3.27644276 .85022490
4.65093569 .50892526
3.97607788 1.12402983
5.22292580 .10982148
3.12528014 .50740283
-1.02908134 -1.46149695
3.08115773 .65670587
-.28458477 -1.76161147
2.70489822 .40744485
-2.96190255 -.80736224
.45532729 1.69365612
-2.78569791 -.43753100
2.71707865 .77901913
-2.13455636 -.86639514
3.18442398 .84219733
3.72543964 .03605022
3.76176526 1.13512736
5.33262477 .14035168
2.98249286 .40139595
-2.21426546 -.86354125
3.08763790 .82968577
2.05046070 -1.17372376
1.20825171 -.09875201
-3.32111466 -.64837293
-3.42546748 .17055825
-3.03771038 -.84156726
-1.14345488 1.65924582
-1.86677111 -.02373083
