1.7587321167348799 -.2616205007469540
-3.9467551349727810 -1.1299177174212840
-5.2327479319502528 -.1069186593810691
-3.1095097237872942 -.4986949578995219
1.1898335744882993 1.3795321244541674
-3.1486371920504124 -.7129500452286222
-1.4868022930425995 1.5038762134635753
-1.6309890852849651 .0365413383128641
3.7517691890623488 .9920801965875331
5.3906299755592615 .2131177332016413
2.9183784953998444 .3424349509669953
-2.5663814859888885 -.7873883547724252
2.5593063278002095 .7743308726139634
-2.6011470021475174 -.7745137088155233
2.4925590779806726 .7860620992493516
-2.7287588372411133 -.7781604589769278
2.0750732734831550 .9040104812739228
-3.2004618403693552 -.8531851224172614
-4.1121441015993803 -.2824339750905986
-4.1581935114506656 -1.2983289039315540
-5.0570857030422047 -.0739101918762745
-3.3370739276241674 -.6639983818459116
-3.8135464775256800 -.0958527194356245
-3.9010285882877822 -1.1969457171447453
-5.2359008049700488 -.1025135456418130
