.2092523897175836 -.0062373507245328
.4803541758686679 -.2568212493445420
-.5570268049311723 .4576180423877943
.5239350669021772 -.4886310268594142
-.5060256951466098 .4806951073667028
.5033645940532685 -.4743501561436630
-.5049055494647687 .4723255293155567
.4921634224934133 -.4793472169891565
-.4934566662354453 .4788896901363769
.4946128748493320 -.4783370884489650
-.4957522425750552 .4777395439334400
.4968972634763943 -.4771337293175260
-.4980448591091719 .4765282267350603
.4991918148593747 -.4759227231659462
-.5003372528637664 .4753163083181892
.5014811533397197 -.4747086847339188
-.5026235889067868 .4740998320290122
.5037645855553899 -.4734897728456481
-.5049041437911005 .4728785195631753
.4916461665403534 -.4798697571929262
-.4928007904056305 .4792712603679078
.4939540014097863 -.4786715404671718
-.4951057966071973 .4780706005506332
.4962561730624181 -.4774684437436769
-.4974051278314681 .4768650731788996
.4985526579717664 -.4762604919871675
