.000000 .000000 1000.000000 7.071068 -7.071068
.010000 .070640 999.928345 7.063997 -7.163997
.020000 .141209 999.855774 7.056933 -7.256833
.030000 .211708 999.782288 7.049876 -7.349576
.040000 .282136 999.707886 7.042826 -7.442226
.050000 .352494 999.632568 7.035783 -7.534784
.060000 .422782 999.556274 7.028748 -7.627250
.070000 .492999 999.479065 7.021719 -7.719623
.080000 .563146 999.400940 7.014697 -7.811903
.090000 .633223 999.321899 7.007682 -7.904091
.100000 .703229 999.241943 7.000675 -7.996187
.110000 .773166 999.161072 6.993674 -8.088190
.120000 .843033 999.079285 6.986681 -8.180102
.130000 .912830 998.996582 6.979694 -8.271922
.140000 .982557 998.912964 6.972714 -8.363650
.150000 1.052214 998.828430 6.965742 -8.455287
.160000 1.121802 998.742981 6.958776 -8.546832
.170000 1.191320 998.656616 6.951817 -8.638286
.180000 1.260769 998.569336 6.944865 -8.729648
.190000 1.330148 998.481140 6.937921 -8.820918
.200000 1.399458 998.392029 6.930983 -8.912097
.210000 1.468699 998.302002 6.924052 -9.003185
.220000 1.537870 998.211060 6.917128 -9.094182
.230000 1.606972 998.119202 6.910211 -9.185088
.240000 1.676005 998.026428 6.903300 -9.275903
.250000 1.744969 997.932739 6.896397 -9.366627
.260000 1.813864 997.838196 6.889501 -9.457260
.270000 1.882690 997.742737 6.882611 -9.547803
.280000 1.951447 997.646362 6.875729 -9.638255
.290000 2.020136 997.549072 6.868853 -9.728617
.300000 2.088756 997.450867 6.861984 -9.818888
.310000 2.157307 997.351746 6.855122 -9.909069
.320000 2.225790 997.251770 6.848267 -9.999160
.330000 2.294204 997.150879 6.841419 -10.089161
.340000 2.362550 997.049072 6.834578 -10.179071
.350000 2.430827 996.946411 6.827743 -10.268892
.360000 2.499036 996.842834 6.820915 -10.358624
.370000 2.567177 996.738342 6.814095 -10.448265
.380000 2.635250 996.632935 6.807281 -10.537817
.390000 2.703255 996.526672 6.800473 -10.627279
.400000 2.771191 996.419495 6.793673 -10.716652
.410000 2.839060 996.311462 6.786879 -10.805935
.420000 2.906861 996.202515 6.780092 -10.895129
.430000 2.974594 996.092651 6.773312 -10.984234
.440000 3.042259 995.981934 6.766539 -11.073250
.450000 3.109857 995.870300 6.759772 -11.162176
.460000 3.177387 995.757812 6.753013 -11.251014
.470000 3.244850 995.644409 6.746260 -11.339763
.480000 3.312245 995.530151 6.739513 -11.428423
.490000 3.379573 995.414978 6.732774 -11.516994
.500000 3.446833 995.298950 6.726041 -11.605477
.510000 3.514026 995.182007 6.719315 -11.693871
.520000 3.581152 995.064209 6.712595 -11.782178
.530000 3.648211 994.945496 6.705883 -11.870396
.540000 3.715203 994.825928 6.699177 -11.958526
.550000 3.782128 994.705444 6.692478 -12.046567
.560000 3.848986 994.584106 6.685786 -12.134521
.570000 3.915777 994.461853 6.679100 -12.222386
.580000 3.982501 994.338745 6.672421 -12.310163
.590000 4.049159 994.214783 6.665749 -12.397853
.600000 4.115749 994.089905 6.659083 -12.485456
.610000 4.182273 993.964172 6.652424 -12.572970
.620000 4.248731 993.837585 6.645772 -12.660398
.630000 4.315123 993.710083 6.639126 -12.747737
.640000 4.381447 993.581726 6.632487 -12.834990
.650000 4.447706 993.452515 6.625854 -12.922154
.660000 4.513898 993.322449 6.619229 -13.009233
.670000 4.580024 993.191467 6.612609 -13.096223
.680000 4.646084 993.059631 6.605997 -13.183126
.690000 4.712078 992.926941 6.599391 -13.269943
.700000 4.778006 992.793396 6.592791 -13.356673
.710000 4.843868 992.658936 6.586198 -13.443316
.720000 4.909664 992.523621 6.579612 -13.529873
.730000 4.975394 992.387451 6.573033 -13.616343
.740000 5.041059 992.250427 6.566460 -13.702726
.750000 5.106658 992.112549 6.559893 -13.789023
.760000 5.172191 991.973816 6.553333 -13.875235
.770000 5.237659 991.834229 6.546780 -13.961359
.780000 5.303061 991.693726 6.540233 -14.047398
.790000 5.368398 991.552368 6.533693 -14.133350
.800000 5.433669 991.410156 6.527159 -14.219217
.810000 5.498876 991.267090 6.520632 -14.304998
.820000 5.564017 991.123169 6.514112 -14.390694
.830000 5.629093 990.978394 6.507597 -14.476303
.839999 5.694104 990.832764 6.501090 -14.561827
.849999 5.759049 990.686279 6.494589 -14.647264
.859999 5.823930 990.538940 6.488094 -14.732617
.869999 5.888746 990.390747 6.481606 -14.817884
.879999 5.953497 990.241699 6.475124 -14.903067
.889999 6.018184 990.091797 6.468649 -14.988164
.899999 6.082806 989.941040 6.462181 -15.073175
.909999 6.147363 989.789429 6.455719 -15.158102
.919999 6.211855 989.637024 6.449263 -15.242944
.929999 6.276284 989.483765 6.442813 -15.327701
.939999 6.340647 989.329651 6.436370 -15.412373
.949999 6.404946 989.174683 6.429934 -15.496961
.959999 6.469182 989.018860 6.423504 -15.581464
.969999 6.533352 988.862183 6.417080 -15.665882
.979999 6.597459 988.704651 6.410663 -15.750216
.989999 6.661501 988.546326 6.404253 -15.834466
.999999 6.725480 988.387146 6.397848 -15.918632
1.009999 6.789394 988.227112 6.391450 -16.002712
1.019999 6.853245 988.066223 6.385059 -16.086710
1.029999 6.917031 987.904541 6.378674 -16.170624
1.039999 6.980754 987.742004 6.372295 -16.254454
1.049999 7.044414 987.578613 6.365923 -16.338200
1.059999 7.108009 987.414368 6.359557 -16.421862
1.069999 7.171541 987.249329 6.353198 -16.505440
1.079999 7.235010 987.083435 6.346844 -16.588934
1.089999 7.298415 986.916687 6.340497 -16.672344
1.099999 7.361756 986.749146 6.334157 -16.755672
1.109999 7.425035 986.580750 6.327823 -16.838917
1.119999 7.488249 986.411499 6.321495 -16.922077
1.129999 7.551401 986.241455 6.315174 -17.005156
1.139999 7.614490 986.070557 6.308858 -17.088150
1.149999 7.677515 985.898865 6.302549 -17.171062
1.159999 7.740478 985.726318 6.296247 -17.253891
1.169999 7.803377 985.552979 6.289951 -17.336637
1.179999 7.866214 985.378784 6.283661 -17.419300
1.189999 7.928988 985.203735 6.277377 -17.501881
1.199999 7.991698 985.027893 6.271100 -17.584379
1.209999 8.054346 984.851196 6.264829 -17.666796
1.219999 8.116932 984.673706 6.258564 -17.749128
1.229999 8.179455 984.495422 6.252306 -17.831379
1.239999 8.241916 984.316284 6.246053 -17.913548
1.249999 8.304314 984.136353 6.239807 -17.995634
1.259999 8.366650 983.955566 6.233567 -18.077639
1.269999 8.428923 983.773987 6.227334 -18.159561
1.279999 8.491134 983.591553 6.221106 -18.241402
1.289999 8.553283 983.408325 6.214885 -18.323160
1.299999 8.615370 983.224304 6.208670 -18.404837
1.309999 8.677395 983.039429 6.202461 -18.486431
1.319999 8.739357 982.853760 6.196258 -18.567945
1.329999 8.801258 982.667236 6.190062 -18.649378
1.339999 8.863097 982.479919 6.183872 -18.730728
1.349999 8.924874 982.291809 6.177688 -18.811998
1.359999 8.986589 982.102905 6.171510 -18.893187
1.369999 9.048243 981.913147 6.165338 -18.974293
1.379999 9.109835 981.722595 6.159173 -19.055319
1.389999 9.171365 981.531250 6.153013 -19.136263
1.399999 9.232834 981.339050 6.146860 -19.217127
1.409999 9.294241 981.146057 6.140713 -19.297909
1.419999 9.355587 980.952271 6.134573 -19.378611
1.429999 9.416871 980.757690 6.128438 -19.459232
1.439999 9.478094 980.562317 6.122310 -19.539774
1.449999 9.539256 980.366089 6.116188 -19.620234
1.459999 9.600357 980.169067 6.110071 -19.700613
1.469999 9.661397 979.971252 6.103961 -19.780912
1.479999 9.722376 979.772644 6.097857 -19.861132
1.489999 9.783294 979.573242 6.091759 -19.941271
1.499999 9.844151 979.373047 6.085668 -20.021330
1.509999 9.904946 979.172058 6.079582 -20.101309
1.519999 9.965681 978.970276 6.073502 -20.181208
1.529999 10.026356 978.767639 6.067429 -20.261026
1.539999 10.086969 978.564209 6.061361 -20.340765
1.549999 10.147522 978.359985 6.055300 -20.420424
1.559999 10.208014 978.154968 6.049244 -20.500004
1.569999 10.268446 977.949158 6.043195 -20.579504
1.579999 10.328817 977.742554 6.037152 -20.658924
1.589999 10.389129 977.535156 6.031115 -20.738266
1.599999 10.449380 977.326965 6.025084 -20.817528
1.609999 10.509570 977.117981 6.019059 -20.896709
1.619999 10.569700 976.908203 6.013040 -20.975813
1.629999 10.629770 976.697632 6.007027 -21.054836
1.639999 10.689780 976.486267 6.001019 -21.133781
1.649999 10.749730 976.274170 5.995018 -21.212648
1.659999 10.809620 976.061279 5.989024 -21.291435
1.669999 10.869451 975.847595 5.983035 -21.370144
1.679999 10.929221 975.633118 5.977052 -21.448774
1.689999 10.988932 975.417847 5.971075 -21.527325
1.699999 11.048583 975.201782 5.965104 -21.605797
1.709999 11.108174 974.984924 5.959138 -21.684191
1.719999 11.167706 974.767273 5.953179 -21.762506
1.729999 11.227179 974.548889 5.947226 -21.840744
1.739999 11.286592 974.329712 5.941279 -21.918903
1.749999 11.345945 974.109741 5.935338 -21.996984
1.759999 11.405239 973.888977 5.929402 -22.074987
1.769999 11.464474 973.667419 5.923473 -22.152912
1.779999 11.523649 973.445129 5.917550 -22.230759
1.789999 11.582766 973.222046 5.911632 -22.308527
1.799999 11.641823 972.998169 5.905720 -22.386219
1.809999 11.700821 972.773560 5.899815 -22.463833
1.819999 11.759760 972.548157 5.893915 -22.541368
1.829999 11.818640 972.321960 5.888021 -22.618828
1.839999 11.877461 972.094971 5.882133 -22.696209
1.849999 11.936224 971.867249 5.876251 -22.773512
1.859999 11.994927 971.638733 5.870375 -22.850739
1.869999 12.053573 971.409424 5.864504 -22.927887
1.879999 12.112159 971.179382 5.858640 -23.004959
1.889999 12.170687 970.948547 5.852781 -23.081955
1.899999 12.229156 970.716980 5.846929 -23.158873
1.909999 12.287566 970.484619 5.841082 -23.235714
1.919999 12.345919 970.251465 5.835240 -23.312479
1.929999 12.404213 970.017578 5.829405 -23.389166
1.939999 12.462449 969.782898 5.823576 -23.465776
1.949998 12.520627 969.547485 5.817752 -23.542311
1.959998 12.578747 969.311279 5.811934 -23.618769
1.969998 12.636808 969.074341 5.806122 -23.695150
1.979998 12.694812 968.836609 5.800316 -23.771456
1.989998 12.752757 968.598145 5.794516 -23.847685
1.999998 12.810644 968.358887 5.788722 -23.923838
2.009999 12.868473 968.118896 5.782933 -23.999914
2.019999 12.926245 967.878113 5.777150 -24.075914
2.029999 12.983958 967.636597 5.771372 -24.151838
2.039999 13.041615 967.394348 5.765601 -24.227686
2.049999 13.099213 967.151306 5.759836 -24.303459
2.059999 13.156754 966.907532 5.754076 -24.379156
2.069999 13.214237 966.662964 5.748322 -24.454777
2.079998 13.271663 966.417664 5.742574 -24.530321
2.089998 13.329031 966.171631 5.736831 -24.605791
2.099998 13.386342 965.924805 5.731094 -24.681185
2.109998 13.443596 965.677246 5.725363 -24.756504
2.119998 13.500793 965.428955 5.719638 -24.831747
2.129998 13.557932 965.179871 5.713918 -24.906916
2.139998 13.615014 964.930054 5.708204 -24.982008
2.149998 13.672039 964.679504 5.702496 -25.057026
2.159998 13.729007 964.428162 5.696794 -25.131969
2.169998 13.785917 964.176086 5.691097 -25.206837
2.179998 13.842772 963.923279 5.685406 -25.281630
2.189998 13.899569 963.669739 5.679720 -25.356348
2.199998 13.956309 963.415405 5.674041 -25.430992
2.209998 14.012993 963.160339 5.668367 -25.505562
2.219998 14.069620 962.904541 5.662699 -25.580057
2.229998 14.126190 962.648010 5.657036 -25.654476
2.239998 14.182704 962.390747 5.651379 -25.728821
2.249998 14.239161 962.132690 5.645727 -25.803091
2.259998 14.295563 961.873901 5.640081 -25.877289
2.269998 14.351907 961.614380 5.634441 -25.951412
2.279998 14.408195 961.354126 5.628807 -26.025461
2.289998 14.464426 961.093140 5.623178 -26.099436
2.299998 14.520601 960.831421 5.617555 -26.173336
2.309998 14.576720 960.568970 5.611938 -26.247162
2.319998 14.632784 960.305786 5.606326 -26.320915
2.329998 14.688791 960.041870 5.600719 -26.394594
2.339998 14.744742 959.777161 5.595119 -26.468199
2.349998 14.800637 959.511719 5.589523 -26.541731
2.359998 14.856477 959.245544 5.583934 -26.615189
2.369998 14.912260 958.978638 5.578350 -26.688574
2.379998 14.967988 958.710999 5.572772 -26.761885
2.389998 15.023660 958.442627 5.567199 -26.835123
2.399998 15.079276 958.173523 5.561632 -26.908287
2.409998 15.134837 957.903687 5.556070 -26.981379
2.419998 15.190342 957.633118 5.550514 -27.054398
2.429998 15.245791 957.361816 5.544963 -27.127344
2.439998 15.301186 957.089844 5.539418 -27.200216
2.449998 15.356524 956.817139 5.533879 -27.273016
2.459998 15.411808 956.543701 5.528345 -27.345743
2.469998 15.467036 956.269531 5.522817 -27.418398
2.479998 15.522209 955.994629 5.517294 -27.490980
2.489998 15.577327 955.718994 5.511776 -27.563490
2.499998 15.632389 955.442627 5.506265 -27.635927
2.509998 15.687397 955.165527 5.500759 -27.708292
2.519998 15.742350 954.887695 5.495258 -27.780584
2.529998 15.797247 954.609192 5.489763 -27.852804
2.539998 15.852090 954.329956 5.484273 -27.924952
2.549998 15.906878 954.049988 5.478789 -27.997026
2.559998 15.961611 953.769287 5.473310 -28.069029
2.569998 16.016289 953.487854 5.467837 -28.140961
2.579998 16.070913 953.205750 5.462369 -28.212820
2.589998 16.125483 952.922913 5.456907 -28.284607
2.599998 16.179996 952.639343 5.451450 -28.356323
2.609998 16.234457 952.355042 5.445998 -28.427967
2.619998 16.288862 952.070068 5.440552 -28.499538
2.629998 16.343214 951.784363 5.435112 -28.571039
2.639998 16.397511 951.497925 5.429677 -28.642467
2.649998 16.451754 951.210815 5.424247 -28.713825
2.659998 16.505941 950.922974 5.418823 -28.785110
2.669998 16.560076 950.634399 5.413404 -28.856325
2.679998 16.614155 950.345154 5.407990 -28.927469
2.689998 16.668180 950.055176 5.402583 -28.998541
2.699998 16.722153 949.764465 5.397180 -29.069542
2.709998 16.776070 949.473083 5.391783 -29.140472
2.719998 16.829933 949.180969 5.386391 -29.211332
2.729998 16.883743 948.888123 5.381005 -29.282122
2.739998 16.937500 948.594604 5.375624 -29.352840
2.749998 16.991203 948.300354 5.370248 -29.423487
2.759998 17.044851 948.005432 5.364878 -29.494062
2.769998 17.098446 947.709778 5.359513 -29.564568
2.779998 17.151987 947.413452 5.354153 -29.635002
2.789998 17.205475 947.116394 5.348799 -29.705368
2.799998 17.258909 946.818665 5.343451 -29.775663
2.809998 17.312290 946.520203 5.338107 -29.845888
2.819998 17.365618 946.221069 5.332769 -29.916042
2.829998 17.418892 945.921204 5.327436 -29.986126
2.839998 17.472113 945.620667 5.322109 -30.056139
2.849998 17.525280 945.319397 5.316787 -30.126083
2.859998 17.578394 945.017456 5.311470 -30.195957
2.869998 17.631456 944.714783 5.306159 -30.265760
2.879998 17.684465 944.411438 5.300852 -30.335495
2.889998 17.737421 944.107361 5.295551 -30.405159
2.899998 17.790323 943.802612 5.290256 -30.474754
2.909998 17.843172 943.497192 5.284966 -30.544279
2.919998 17.895969 943.191040 5.279681 -30.613735
2.929998 17.948713 942.884216 5.274401 -30.683121
2.939998 18.001404 942.576721 5.269127 -30.752438
2.949998 18.054043 942.268494 5.263858 -30.821686
2.959998 18.106628 941.959595 5.258594 -30.890863
2.969998 18.159163 941.650024 5.253335 -30.959972
2.979998 18.211643 941.339722 5.248082 -31.029013
2.989998 18.264072 941.028748 5.242834 -31.097984
2.999998 18.316448 940.717102 5.237591 -31.166885
3.009998 18.368773 940.404724 5.232354 -31.235718
3.019998 18.421043 940.091675 5.227121 -31.304482
3.029998 18.473263 939.777954 5.221894 -31.373177
3.039998 18.525429 939.463562 5.216672 -31.441803
3.049998 18.577543 939.148438 5.211456 -31.510361
3.059998 18.629606 938.832642 5.206244 -31.578850
3.069998 18.681616 938.516174 5.201038 -31.647270
3.079998 18.733574 938.199036 5.195837 -31.715624
3.089998 18.785480 937.881226 5.190642 -31.783909
3.099998 18.837336 937.562683 5.185451 -31.852125
3.109998 18.889139 937.243469 5.180265 -31.920273
3.119998 18.940889 936.923584 5.175085 -31.988352
3.129997 18.992588 936.603027 5.169910 -32.056362
3.139997 19.044235 936.281799 5.164740 -32.124306
3.149997 19.095831 935.959900 5.159575 -32.192181
3.159997 19.147375 935.637329 5.154416 -32.259987
3.169997 19.198868 935.314026 5.149261 -32.327728
3.179997 19.250309 934.990051 5.144112 -32.395401
3.189997 19.301699 934.665405 5.138968 -32.463005
3.199997 19.353037 934.340088 5.133829 -32.530540
3.209997 19.404324 934.014099 5.128695 -32.598011
3.219997 19.455559 933.687439 5.123567 -32.665413
3.229997 19.506742 933.360107 5.118443 -32.732746
3.239997 19.557877 933.032104 5.113325 -32.800014
3.249997 19.608959 932.703430 5.108212 -32.867214
3.259997 19.659990 932.374084 5.103103 -32.934345
3.269997 19.710970 932.044067 5.098000 -33.001411
3.279997 19.761898 931.713379 5.092902 -33.068409
3.289997 19.812777 931.382019 5.087809 -33.135342
3.299997 19.863604 931.049988 5.082721 -33.202206
3.309997 19.914379 930.717285 5.077639 -33.269005
3.319997 19.965105 930.383911 5.072561 -33.335735
3.329997 20.015779 930.049866 5.067488 -33.402401
3.339997 20.066404 929.715149 5.062421 -33.468998
3.349997 20.116978 929.379822 5.057358 -33.535530
3.359997 20.167501 929.043823 5.052301 -33.601994
3.369997 20.217974 928.707153 5.047249 -33.668392
3.379997 20.268396 928.369812 5.042202 -33.734722
3.389997 20.318768 928.031799 5.037159 -33.800987
3.399997 20.369089 927.693115 5.032122 -33.867188
3.409997 20.419359 927.353760 5.027090 -33.933319
3.419997 20.469580 927.013794 5.022063 -33.999386
3.429997 20.519751 926.673157 5.017041 -34.065388
3.439997 20.569870 926.331848 5.012024 -34.131321
3.449997 20.619940 925.989868 5.007012 -34.197189
3.459997 20.669960 925.647217 5.002005 -34.262993
3.469997 20.719931 925.303955 4.997003 -34.328732
3.479997 20.769850 924.960022 4.992006 -34.394402
3.489997 20.819719 924.615417 4.987014 -34.460007
3.499997 20.869539 924.270142 4.982027 -34.525547
3.509997 20.919310 923.924255 4.977045 -34.591022
3.519997 20.969030 923.577698 4.972068 -34.656433
3.529997 21.018702 923.230469 4.967096 -34.721775
3.539997 21.068323 922.882568 4.962129 -34.787052
3.549997 21.117895 922.534058 4.957167 -34.852264
3.559997 21.167418 922.184875 4.952209 -34.917412
3.569997 21.216890 921.835022 4.947257 -34.982494
3.579997 21.266314 921.484558 4.942310 -35.047512
3.589997 21.315687 921.133423 4.937367 -35.112465
3.599997 21.365011 920.781677 4.932430 -35.177353
3.609997 21.414286 920.429260 4.927498 -35.242176
3.619997 21.463511 920.076172 4.922570 -35.306934
3.629997 21.512688 919.722473 4.917648 -35.371628
3.639997 21.561815 919.368103 4.912730 -35.436256
3.649997 21.610893 919.013123 4.907817 -35.500820
3.659997 21.659922 918.657471 4.902910 -35.565319
3.669997 21.708902 918.301147 4.898007 -35.629753
3.679997 21.757833 917.944214 4.893109 -35.694122
3.689997 21.806715 917.586609 4.888216 -35.758427
3.699997 21.855549 917.228394 4.883327 -35.822670
3.709997 21.904333 916.869507 4.878444 -35.886848
3.719997 21.953070 916.510010 4.873566 -35.950962
3.729997 22.001757 916.149841 4.868692 -36.015011
3.739997 22.050394 915.789062 4.863823 -36.078995
3.749997 22.098984 915.427612 4.858960 -36.142918
3.759997 22.147524 915.065552 4.854101 -36.206776
3.769997 22.196016 914.702820 4.849247 -36.270569
3.779997 22.244461 914.339478 4.844397 -36.334297
3.789997 22.292856 913.975525 4.839553 -36.397964
3.799997 22.341204 913.610901 4.834713 -36.461567
3.809997 22.389502 913.245667 4.829879 -36.525105
3.819997 22.437752 912.879761 4.825049 -36.588581
3.829997 22.485954 912.513245 4.820224 -36.651993
3.839997 22.534109 912.146118 4.815403 -36.715340
3.849997 22.582214 911.778320 4.810588 -36.778625
3.859997 22.630272 911.409912 4.805777 -36.841846
3.869997 22.678282 911.040833 4.800972 -36.905006
3.879997 22.726244 910.671143 4.796171 -36.968102
3.889997 22.774158 910.300842 4.791375 -37.031132
3.899997 22.822023 909.929932 4.786583 -37.094101
3.909997 22.869841 909.558350 4.781797 -37.157005
3.919997 22.917610 909.186157 4.777015 -37.219849
3.929997 22.965332 908.813354 4.772238 -37.282627
3.939997 23.013006 908.439880 4.767466 -37.345345
3.949997 23.060633 908.065796 4.762699 -37.408001
3.959997 23.108212 907.691101 4.757936 -37.470592
3.969997 23.155743 907.315796 4.753178 -37.533123
3.979997 23.203226 906.939819 4.748425 -37.595589
3.989997 23.250664 906.563232 4.743677 -37.657993
3.999997 23.298054 906.186035 4.738933 -37.720337
4.009997 23.345396 905.808228 4.734194 -37.782616
4.019997 23.392691 905.429810 4.729460 -37.844833
4.029997 23.439938 905.050720 4.724731 -37.906990
4.039998 23.487137 904.671021 4.720006 -37.969082
4.049998 23.534290 904.290710 4.715286 -38.031113
4.059998 23.581396 903.909790 4.710571 -38.093082
4.069998 23.628454 903.528259 4.705860 -38.154991
4.079998 23.675467 903.146118 4.701154 -38.216835
4.089999 23.722431 902.763306 4.696453 -38.278618
4.099999 23.769348 902.379883 4.691757 -38.340340
4.109999 23.816219 901.995850 4.687065 -38.402000
4.119999 23.863043 901.611206 4.682378 -38.463600
4.130000 23.909821 901.225952 4.677696 -38.525135
4.140000 23.956551 900.840088 4.673018 -38.586609
4.150000 24.003235 900.453613 4.668345 -38.648022
4.160000 24.049871 900.066528 4.663677 -38.709373
4.170001 24.096462 899.678833 4.659013 -38.770664
4.180001 24.143005 899.290527 4.654354 -38.831894
4.190001 24.189503 898.901611 4.649700 -38.893063
4.200001 24.235952 898.512085 4.645050 -38.954170
4.210001 24.282356 898.121948 4.640405 -39.015217
4.220002 24.328714 897.731201 4.635765 -39.076202
4.230002 24.375025 897.339844 4.631129 -39.137127
4.240002 24.421289 896.947876 4.626498 -39.197990
4.250002 24.467508 896.555298 4.621871 -39.258793
4.260003 24.513681 896.162109 4.617249 -39.319534
4.270003 24.559807 895.768311 4.612632 -39.380215
4.280003 24.605886 895.373901 4.608020 -39.440834
4.290003 24.651920 894.978882 4.603412 -39.501392
4.300004 24.697908 894.583252 4.598808 -39.561890
4.310004 24.743851 894.187012 4.594210 -39.622326
4.320004 24.789747 893.790161 4.589615 -39.682705
4.330004 24.835598 893.392761 4.585026 -39.743023
4.340004 24.881403 892.994751 4.580441 -39.803280
4.350005 24.927162 892.596130 4.575861 -39.863476
4.360005 24.972876 892.196899 4.571285 -39.923611
4.370005 25.018543 891.797058 4.566713 -39.983688
4.380005 25.064165 891.396606 4.562147 -40.043705
4.390006 25.109741 890.995544 4.557584 -40.103661
4.400006 25.155272 890.593933 4.553027 -40.163555
4.410006 25.200756 890.191711 4.548474 -40.223392
4.420006 25.246195 889.788879 4.543925 -40.283169
4.430007 25.291588 889.385437 4.539382 -40.342884
4.440007 25.336937 888.981384 4.534842 -40.402542
4.450007 25.382240 888.576782 4.530307 -40.462139
4.460007 25.427498 888.171570 4.525777 -40.521675
4.470007 25.472710 887.765747 4.521251 -40.581154
4.480008 25.517878 887.359314 4.516730 -40.640572
4.490008 25.563000 886.952332 4.512213 -40.699932
4.500008 25.608076 886.544739 4.507701 -40.759232
4.510008 25.653109 886.136536 4.503193 -40.818474
4.520009 25.698095 885.727783 4.498690 -40.877655
4.530009 25.743038 885.318420 4.494192 -40.936779
4.540009 25.787935 884.908447 4.489697 -40.995842
4.550009 25.832787 884.497925 4.485208 -41.054848
4.560009 25.877594 884.086792 4.480722 -41.113792
4.570010 25.922356 883.675049 4.476242 -41.172680
4.580010 25.967073 883.262756 4.471766 -41.231506
4.590010 26.011745 882.849854 4.467294 -41.290276
4.600010 26.056374 882.436340 4.462826 -41.348984
4.610011 26.100958 882.022278 4.458364 -41.407635
4.620011 26.145496 881.607605 4.453905 -41.466228
4.630011 26.189991 881.192383 4.449451 -41.524761
4.640011 26.234442 880.776550 4.445002 -41.583237
4.650012 26.278847 880.360107 4.440557 -41.641655
4.660012 26.323208 879.943115 4.436116 -41.700012
4.670012 26.367525 879.525513 4.431680 -41.758312
4.680012 26.411798 879.107361 4.427248 -41.816555
4.690012 26.456026 878.688599 4.422821 -41.874737
4.700013 26.500210 878.269287 4.418398 -41.932861
4.710013 26.544350 877.849365 4.413980 -41.990929
4.720013 26.588446 877.428894 4.409565 -42.048939
4.730013 26.632498 877.007812 4.405156 -42.106892
4.740014 26.676506 876.586182 4.400751 -42.164783
4.750014 26.720470 876.163940 4.396350 -42.222618
4.760014 26.764389 875.741150 4.391953 -42.280396
4.770014 26.808264 875.317749 4.387561 -42.338116
4.780015 26.852095 874.893799 4.383174 -42.395779
4.790015 26.895882 874.469238 4.378791 -42.453384
4.800015 26.939627 874.044128 4.374412 -42.510933
4.810015 26.983328 873.618469 4.370038 -42.568420
4.820015 27.026985 873.192200 4.365667 -42.625851
4.830016 27.070599 872.765381 4.361302 -42.683224
4.840016 27.114168 872.337952 4.356941 -42.740540
4.850016 27.157694 871.909973 4.352584 -42.797798
4.860016 27.201176 871.481445 4.348231 -42.855000
4.870017 27.244614 871.052307 4.343883 -42.912144
4.880017 27.288010 870.622620 4.339539 -42.969231
4.890017 27.331362 870.192383 4.335199 -43.026260
4.900017 27.374670 869.761536 4.330864 -43.083233
4.910017 27.417934 869.330139 4.326533 -43.140148
4.920018 27.461157 868.898193 4.322207 -43.197006
4.930018 27.504335 868.465637 4.317885 -43.253811
4.940018 27.547472 868.032532 4.313567 -43.310558
4.950018 27.590565 867.598877 4.309254 -43.367249
4.960019 27.633614 867.164612 4.304945 -43.423882
4.970019 27.676620 866.729797 4.300640 -43.480457
4.980019 27.719584 866.294434 4.296339 -43.536976
4.990019 27.762505 865.858521 4.292043 -43.593437
5.000020 27.805382 865.421997 4.287751 -43.649845
5.010020 27.848217 864.984924 4.283463 -43.706196
5.020020 27.891008 864.547302 4.279180 -43.762489
5.030020 27.933758 864.109131 4.274900 -43.818726
5.040020 27.976463 863.670410 4.270626 -43.874908
5.050021 28.019127 863.231079 4.266355 -43.931034
5.060021 28.061749 862.791199 4.262089 -43.987103
5.070021 28.104326 862.350769 4.257827 -44.043114
5.080021 28.146862 861.909790 4.253569 -44.099072
5.090022 28.189356 861.468262 4.249316 -44.154972
5.100022 28.231806 861.026123 4.245067 -44.210815
5.110022 28.274214 860.583435 4.240821 -44.266605
5.120022 28.316580 860.140198 4.236580 -44.322338
5.130023 28.358904 859.696411 4.232344 -44.378017
5.140023 28.401184 859.252075 4.228111 -44.433640
5.150023 28.443422 858.807190 4.223883 -44.489204
5.160023 28.485619 858.361755 4.219659 -44.544716
5.170023 28.527773 857.915771 4.215440 -44.600170
5.180024 28.569885 857.469238 4.211225 -44.655571
5.190024 28.611956 857.022156 4.207013 -44.710915
5.200024 28.653984 856.574524 4.202806 -44.766205
5.210024 28.695971 856.126282 4.198603 -44.821438
5.220025 28.737915 855.677490 4.194405 -44.876617
5.230025 28.779818 855.228149 4.190210 -44.931740
5.240025 28.821678 854.778259 4.186020 -44.986809
5.250025 28.863497 854.327820 4.181834 -45.041821
5.260026 28.905273 853.876831 4.177652 -45.096779
5.270026 28.947008 853.425293 4.173474 -45.151684
5.280026 28.988701 852.973206 4.169301 -45.206532
5.290026 29.030352 852.520569 4.165132 -45.261326
5.300026 29.071960 852.067383 4.160966 -45.316063
5.310027 29.113529 851.613647 4.156806 -45.370747
5.320027 29.155056 851.159424 4.152649 -45.425377
5.330027 29.196541 850.704651 4.148496 -45.479950
5.340027 29.237984 850.249329 4.144348 -45.534470
5.350028 29.279387 849.793457 4.140203 -45.588936
5.360028 29.320747 849.337036 4.136063 -45.643349
5.370028 29.362066 848.880066 4.131927 -45.697704
5.380028 29.403345 848.422546 4.127795 -45.752007
5.390028 29.444582 847.964478 4.123667 -45.806255
5.400029 29.485777 847.505859 4.119544 -45.860451
5.410029 29.526932 847.046692 4.115424 -45.914589
5.420029 29.568045 846.586975 4.111309 -45.968674
5.430029 29.609118 846.126770 4.107197 -46.022705
5.440030 29.650148 845.666016 4.103090 -46.076683
5.450030 29.691137 845.204712 4.098987 -46.130608
5.460030 29.732086 844.742859 4.094888 -46.184479
5.470030 29.772995 844.280457 4.090793 -46.238293
5.480031 29.813862 843.817566 4.086702 -46.292053
5.490031 29.854689 843.354126 4.082616 -46.345760
5.500031 29.895473 842.890137 4.078533 -46.399414
5.510031 29.936218 842.425598 4.074455 -46.453014
5.520031 29.976923 841.960510 4.070380 -46.506561
5.530032 30.017586 841.494934 4.066310 -46.560055
5.540032 30.058208 841.028809 4.062243 -46.613495
5.550032 30.098791 840.562134 4.058181 -46.666882
5.560032 30.139332 840.094910 4.054123 -46.720215
5.570033 30.179832 839.627197 4.050069 -46.773495
5.580033 30.220293 839.158936 4.046019 -46.826721
5.590033 30.260714 838.690125 4.041973 -46.879894
5.600033 30.301092 838.220764 4.037930 -46.933014
5.610034 30.341431 837.750916 4.033893 -46.986080
5.620034 30.381729 837.280518 4.029859 -47.039093
5.630034 30.421988 836.809570 4.025829 -47.092052
5.640034 30.462206 836.338135 4.021803 -47.144962
5.650034 30.502384 835.866150 4.017781 -47.197819
5.660035 30.542522 835.393616 4.013763 -47.250622
5.670035 30.582621 834.920593 4.009750 -47.303371
5.680035 30.622679 834.447021 4.005740 -47.356068
5.690035 30.662697 833.972961 4.001734 -47.408710
5.700036 30.702675 833.498352 3.997733 -47.461300
5.710036 30.742613 833.023193 3.993735 -47.513840
5.720036 30.782511 832.547546 3.989741 -47.566326
5.730036 30.822369 832.071350 3.985751 -47.618759
5.740036 30.862186 831.594666 3.981766 -47.671139
5.750037 30.901964 831.117432 3.977784 -47.723469
5.760037 30.941702 830.639648 3.973806 -47.775745
5.770037 30.981400 830.161377 3.969832 -47.827969
5.780037 31.021059 829.682556 3.965863 -47.880142
5.790038 31.060678 829.203247 3.961897 -47.932262
5.800038 31.100258 828.723389 3.957935 -47.984329
5.810038 31.139797 828.243042 3.953977 -48.036346
5.820038 31.179296 827.762146 3.950023 -48.088310
5.830039 31.218758 827.280762 3.946073 -48.140221
5.840039 31.258179 826.798828 3.942127 -48.192081
5.850039 31.297560 826.316406 3.938185 -48.243889
5.860039 31.336903 825.833435 3.934247 -48.295647
5.870039 31.376205 825.349976 3.930312 -48.347351
5.880040 31.415470 824.865967 3.926382 -48.399002
5.890040 31.454695 824.381470 3.922456 -48.450603
5.900040 31.493879 823.896423 3.918533 -48.502151
5.910040 31.533026 823.410889 3.914615 -48.553650
5.920041 31.572132 822.924866 3.910700 -48.605095
5.930041 31.611200 822.438293 3.906789 -48.656490
5.940041 31.650229 821.951233 3.902883 -48.707832
5.950041 31.689219 821.463623 3.898980 -48.759125
5.960042 31.728168 820.975525 3.895081 -48.810364
5.970042 31.767080 820.486938 3.891186 -48.861553
5.980042 31.805954 819.997803 3.887294 -48.912693
5.990042 31.844788 819.508179 3.883407 -48.963779
6.000042 31.883583 819.018005 3.879524 -49.014816
6.010043 31.922340 818.527344 3.875644 -49.065800
6.020043 31.961058 818.036194 3.871768 -49.116734
6.030043 31.999737 817.544495 3.867897 -49.167618
6.040043 32.038376 817.052307 3.864029 -49.218449
6.050044 32.076977 816.559631 3.860165 -49.269230
6.060044 32.115540 816.066406 3.856305 -49.319962
6.070044 32.154064 815.572693 3.852448 -49.370640
6.080044 32.192551 815.078491 3.848596 -49.421268
6.090044 32.230999 814.583801 3.844747 -49.471848
6.100045 32.269409 814.088562 3.840903 -49.522377
6.110045 32.307781 813.592834 3.837062 -49.572853
6.120045 32.346115 813.096619 3.833225 -49.623280
6.130045 32.384411 812.599854 3.829391 -49.673656
6.140046 32.422665 812.102600 3.825562 -49.723984
6.150046 32.460880 811.604858 3.821736 -49.774261
6.160046 32.499058 811.106628 3.817914 -49.824486
6.170046 32.537197 810.607910 3.814096 -49.874660
6.180047 32.575298 810.108643 3.810282 -49.924786
6.190047 32.613361 809.608887 3.806472 -49.974861
6.200047 32.651386 809.108643 3.802666 -50.024887
6.210047 32.689373 808.607910 3.798863 -50.074863
6.220047 32.727325 808.106689 3.795064 -50.124790
6.230048 32.765240 807.604919 3.791269 -50.174664
6.240048 32.803116 807.102661 3.787477 -50.224487
6.250048 32.840954 806.599915 3.783690 -50.274261
6.260048 32.878754 806.096680 3.779906 -50.323986
6.270049 32.916515 805.592957 3.776126 -50.373661
6.280049 32.954239 805.088745 3.772350 -50.423286
6.290049 32.991924 804.584045 3.768578 -50.472862
6.300049 33.029572 804.078796 3.764809 -50.522388
6.310050 33.067181 803.573059 3.761045 -50.571865
6.320050 33.104752 803.066833 3.757283 -50.621292
6.330050 33.142288 802.560120 3.753526 -50.670670
6.340050 33.179787 802.052917 3.749773 -50.719997
6.350050 33.217247 801.545227 3.746023 -50.769276
6.360051 33.254669 801.037048 3.742277 -50.818508
6.370051 33.292053 800.528381 3.738535 -50.867691
6.380051 33.329403 800.019226 3.734796 -50.916824
6.390051 33.366714 799.509583 3.731061 -50.965908
6.400052 33.403988 798.999451 3.727330 -51.014942
6.410052 33.441223 798.488831 3.723603 -51.063927
6.420052 33.478420 797.977722 3.719879 -51.112862
6.430052 33.515583 797.466125 3.716159 -51.161747
6.440053 33.552708 796.954041 3.712443 -51.210587
6.450053 33.589794 796.441467 3.708731 -51.259377
6.460053 33.626842 795.928406 3.705022 -51.308117
6.470053 33.663857 795.414856 3.701317 -51.356808
6.480053 33.700832 794.900818 3.697616 -51.405453
6.490054 33.737770 794.386292 3.693918 -51.454048
6.500054 33.774673 793.871277 3.690224 -51.502594
6.510054 33.811539 793.355774 3.686534 -51.551090
6.520054 33.848366 792.839783 3.682847 -51.599541
6.530055 33.885159 792.323303 3.679165 -51.647942
6.540055 33.921913 791.806335 3.675485 -51.696293
6.550055 33.958630 791.288879 3.671810 -51.744598
6.560055 33.995312 790.770935 3.668138 -51.792854
6.570055 34.031956 790.252502 3.664470 -51.841061
6.580056 34.068565 789.733582 3.660805 -51.889221
6.590056 34.105137 789.214233 3.657145 -51.937332
6.600056 34.141670 788.694397 3.653487 -51.985394
6.610056 34.178169 788.174072 3.649834 -52.033409
6.620057 34.214630 787.653259 3.646184 -52.081375
6.630057 34.251057 787.131958 3.642538 -52.129295
6.640057 34.287445 786.610168 3.638895 -52.177166
6.650057 34.323799 786.087891 3.635256 -52.224987
6.660058 34.360115 785.565186 3.631621 -52.272762
6.670058 34.396397 785.041992 3.627990 -52.320488
6.680058 34.432640 784.518311 3.624362 -52.368168
6.690058 34.468849 783.994141 3.620737 -52.415798
6.700058 34.505020 783.469482 3.617116 -52.463383
6.710059 34.541157 782.944397 3.613499 -52.510918
6.720059 34.577255 782.418823 3.609886 -52.558407
6.730059 34.613319 781.892761 3.606276 -52.605850
6.740059 34.649345 781.366211 3.602670 -52.653244
6.750060 34.685337 780.839233 3.599067 -52.700592
6.760060 34.721291 780.311768 3.595468 -52.747890
6.770060 34.757210 779.783813 3.591872 -52.795143
6.780060 34.793091 779.255371 3.588281 -52.842346
6.790061 34.828938 778.726501 3.584692 -52.889503
6.800061 34.864750 778.197144 3.581108 -52.936615
6.810061 34.900524 777.667297 3.577527 -52.983677
6.820061 34.936264 777.136963 3.573949 -53.030693
6.830061 34.971970 776.606201 3.570375 -53.077663
6.840062 35.007637 776.074951 3.566805 -53.124584
6.850062 35.043270 775.543213 3.563238 -53.171459
6.860062 35.078865 775.011047 3.559675 -53.218288
6.870062 35.114426 774.478394 3.556116 -53.265072
6.880063 35.149952 773.945251 3.552560 -53.311806
6.890063 35.185444 773.411682 3.549007 -53.358494
6.900063 35.220898 772.877625 3.545458 -53.405136
6.910063 35.256317 772.343079 3.541912 -53.451733
6.920063 35.291702 771.808105 3.538370 -53.498280
6.930064 35.327049 771.272644 3.534832 -53.544781
6.940064 35.362362 770.736755 3.531297 -53.591236
6.950064 35.397640 770.200378 3.527766 -53.637646
6.960064 35.432884 769.663513 3.524238 -53.684010
6.970065 35.468090 769.126221 3.520714 -53.730324
6.980065 35.503262 768.588440 3.517193 -53.776592
6.990065 35.538399 768.050232 3.513676 -53.822815
7.000065 35.573502 767.511536 3.510162 -53.868992
7.010066 35.608566 766.972412 3.506652 -53.915123
7.020066 35.643597 766.432800 3.503145 -53.961208
7.030066 35.678593 765.892700 3.499642 -54.007248
7.040066 35.713554 765.352173 3.496143 -54.053242
7.050066 35.748482 764.811157 3.492646 -54.099190
7.060067 35.783375 764.269714 3.489154 -54.145092
7.070067 35.818230 763.727783 3.485665 -54.190948
7.080067 35.853050 763.185425 3.482179 -54.236759
7.090067 35.887836 762.642578 3.478697 -54.282524
7.100068 35.922588 762.099304 3.475218 -54.328243
7.110068 35.957306 761.555542 3.471743 -54.373917
7.120068 35.991989 761.011353 3.468271 -54.419544
7.130068 36.026638 760.466675 3.464803 -54.465126
7.140069 36.061253 759.921570 3.461338 -54.510662
7.150069 36.095833 759.376038 3.457877 -54.556152
7.160069 36.130379 758.830017 3.454419 -54.601597
7.170069 36.164886 758.283569 3.450964 -54.646996
7.180069 36.199360 757.736633 3.447514 -54.692348
7.190070 36.233799 757.189270 3.444066 -54.737656
7.200070 36.268204 756.641418 3.440622 -54.782917
7.210070 36.302574 756.093140 3.437181 -54.828133
7.220070 36.336910 755.544434 3.433744 -54.873306
7.230071 36.371212 754.995239 3.430310 -54.918434
7.240071 36.405479 754.445618 3.426880 -54.963516
7.250071 36.439713 753.895508 3.423453 -55.008553
7.260071 36.473911 753.344971 3.420030 -55.053543
7.270072 36.508076 752.794006 3.416610 -55.098488
7.280072 36.542206 752.242554 3.413193 -55.143391
7.290072 36.576305 751.690674 3.409780 -55.188248
7.300072 36.610371 751.138367 3.406370 -55.233059
7.310072 36.644402 750.585571 3.402964 -55.277824
7.320073 36.678398 750.032349 3.399561 -55.322548
7.330073 36.712360 749.478699 3.396161 -55.367226
7.340073 36.746288 748.924561 3.392765 -55.411858
7.350073 36.780182 748.369995 3.389372 -55.456448
7.360074 36.814041 747.815002 3.385983 -55.500992
7.370074 36.847866 747.259521 3.382597 -55.545490
7.380074 36.881657 746.703613 3.379214 -55.589943
7.390074 36.915417 746.147278 3.375835 -55.634354
7.400074 36.949142 745.590515 3.372459 -55.678719
7.410075 36.982834 745.033264 3.369087 -55.723042
7.420075 37.016491 744.475586 3.365718 -55.767319
7.430075 37.050114 743.917480 3.362352 -55.811550
7.440075 37.083702 743.358948 3.358990 -55.855740
7.450076 37.117260 742.799927 3.355631 -55.899883
7.460076 37.150784 742.240479 3.352275 -55.943985
7.470076 37.184273 741.680603 3.348923 -55.988041
7.480076 37.217728 741.120300 3.345574 -56.032051
7.490077 37.251148 740.559570 3.342228 -56.076019
7.500077 37.284538 739.998352 3.338886 -56.119942
7.510077 37.317894 739.436707 3.335547 -56.163822
7.520077 37.351215 738.874634 3.332212 -56.207657
7.530077 37.384502 738.312134 3.328880 -56.251450
7.540078 37.417759 737.749207 3.325551 -56.295197
7.550078 37.450981 737.185791 3.322226 -56.338902
7.560078 37.484169 736.621948 3.318903 -56.382561
7.570078 37.517326 736.057678 3.315585 -56.426178
7.580079 37.550449 735.492981 3.312269 -56.469753
7.590079 37.583538 734.927856 3.308957 -56.513283
7.600079 37.616596 734.362305 3.305648 -56.556770
7.610079 37.649620 733.796326 3.302342 -56.600212
7.620080 37.682610 733.229919 3.299040 -56.643612
7.630080 37.715569 732.663025 3.295741 -56.686970
7.640080 37.748493 732.095703 3.292445 -56.730282
7.650080 37.781384 731.527954 3.289152 -56.773552
7.660080 37.814243 730.959778 3.285863 -56.816780
7.670081 37.847069 730.391174 3.282577 -56.859962
7.680081 37.879860 729.822144 3.279295 -56.903103
7.690081 37.912621 729.252686 3.276016 -56.946201
7.700081 37.945347 728.682800 3.272739 -56.989254
7.710082 37.978043 728.112488 3.269467 -57.032265
7.720082 38.010704 727.541748 3.266197 -57.075233
7.730082 38.043335 726.970581 3.262931 -57.118156
7.740082 38.075932 726.398987 3.259668 -57.161037
7.750082 38.108494 725.826965 3.256408 -57.203876
7.760083 38.141026 725.254517 3.253152 -57.246674
7.770083 38.173523 724.681641 3.249899 -57.289429
7.780083 38.205990 724.108337 3.246649 -57.332138
7.790083 38.238422 723.534607 3.243402 -57.374805
7.800084 38.270824 722.960449 3.240159 -57.417431
7.810084 38.303192 722.385864 3.236919 -57.460014
7.820084 38.335529 721.810852 3.233682 -57.502556
7.830084 38.367832 721.235413 3.230448 -57.545052
7.840085 38.400105 720.659546 3.227218 -57.587505
7.850085 38.432343 720.083252 3.223991 -57.629917
7.860085 38.464550 719.506531 3.220767 -57.672287
7.870085 38.496727 718.929382 3.217546 -57.714615
7.880085 38.528870 718.351807 3.214329 -57.756901
7.890086 38.560982 717.773804 3.211114 -57.799145
7.900086 38.593060 717.195374 3.207903 -57.841347
7.910086 38.625107 716.616516 3.204695 -57.883507
7.920086 38.657124 716.037231 3.201491 -57.925625
7.930087 38.689106 715.457581 3.198289 -57.967701
7.940087 38.721058 714.877502 3.195091 -58.009735
7.950087 38.752975 714.296997 3.191896 -58.051723
7.960087 38.784863 713.716064 3.188704 -58.093670
7.970088 38.816719 713.134705 3.185515 -58.135574
7.980088 38.848541 712.552917 3.182330 -58.177441
7.990088 38.880333 711.970703 3.179147 -58.219265
8.000088 38.912094 711.388123 3.175968 -58.261047
8.010088 38.943821 710.805115 3.172792 -58.302788
8.020088 38.975517 710.221680 3.169619 -58.344486
8.030088 39.007183 709.637817 3.166450 -58.386143
8.040089 39.038815 709.053528 3.163283 -58.427757
8.050089 39.070415 708.468811 3.160120 -58.469330
8.060089 39.101986 707.883728 3.156960 -58.510860
8.070089 39.133526 707.298218 3.153803 -58.552349
8.080090 39.165031 706.712280 3.150649 -58.593796
8.090090 39.196507 706.125916 3.147498 -58.635201
8.100090 39.227951 705.539124 3.144351 -58.676567
8.110090 39.259361 704.951965 3.141207 -58.717892
8.120090 39.290741 704.364380 3.138065 -58.759174
8.130091 39.322090 703.776367 3.134927 -58.800415
8.140091 39.353409 703.187927 3.131792 -58.841614
8.150091 39.384697 702.599121 3.128660 -58.882771
8.160091 39.415951 702.009888 3.125532 -58.923889
8.170092 39.447174 701.420227 3.122406 -58.964966
8.180092 39.478367 700.830139 3.119284 -59.006001
8.190092 39.509529 700.239685 3.116165 -59.046993
8.200092 39.540661 699.648804 3.113049 -59.087948
8.210093 39.571762 699.057495 3.109936 -59.128860
8.220093 39.602829 698.465820 3.106826 -59.169731
8.230093 39.633865 697.873718 3.103719 -59.210560
8.240093 39.664871 697.281189 3.100615 -59.251350
8.250093 39.695847 696.688293 3.097514 -59.292099
8.260094 39.726791 696.094971 3.094417 -59.332806
8.270094 39.757706 695.501221 3.091322 -59.373474
8.280094 39.788589 694.907104 3.088231 -59.414101
8.290094 39.819443 694.312561 3.085143 -59.454685
8.300095 39.850262 693.717590 3.082058 -59.495232
8.310095 39.881050 693.122253 3.078976 -59.535736
8.320095 39.911808 692.526489 3.075897 -59.576199
8.330095 39.942535 691.930298 3.072821 -59.616623
8.340096 39.973232 691.333740 3.069748 -59.657005
8.350096 40.003899 690.736755 3.066679 -59.697350
8.360096 40.034534 690.139404 3.063612 -59.737652
8.370096 40.065140 689.541626 3.060548 -59.777916
8.380096 40.095715 688.943420 3.057487 -59.818138
8.390097 40.126259 688.344849 3.054430 -59.858318
8.400097 40.156773 687.745850 3.051376 -59.898460
8.410097 40.187256 687.146484 3.048324 -59.938560
8.420097 40.217709 686.546692 3.045276 -59.978622
8.430098 40.248131 685.946533 3.042231 -60.018642
8.440098 40.278522 685.345947 3.039188 -60.058624
8.450098 40.308884 684.744934 3.036149 -60.098564
8.460098 40.339214 684.143555 3.033113 -60.138466
8.470098 40.369514 683.541748 3.030080 -60.178326
8.480099 40.399784 682.939575 3.027050 -60.218147
8.490099 40.430023 682.336975 3.024023 -60.257931
8.500099 40.460232 681.734009 3.020999 -60.297672
8.510099 40.490410 681.130615 3.017978 -60.337376
8.520100 40.520561 680.526855 3.014960 -60.377037
8.530100 40.550682 679.922668 3.011945 -60.416660
8.540100 40.580772 679.318115 3.008933 -60.456245
8.550100 40.610832 678.713135 3.005924 -60.495789
8.560101 40.640862 678.107788 3.002918 -60.535294
8.570101 40.670860 677.502014 2.999915 -60.574757
8.580101 40.700829 676.895874 2.996915 -60.614182
8.590101 40.730766 676.289368 2.993918 -60.653568
8.600101 40.760677 675.682434 2.990924 -60.692913
8.610102 40.790558 675.075134 2.987933 -60.732220
8.620102 40.820408 674.467407 2.984946 -60.771488
8.630102 40.850227 673.859314 2.981961 -60.810719
8.640102 40.880016 673.250793 2.978979 -60.849907
8.650103 40.909775 672.641907 2.976000 -60.889057
8.660103 40.939507 672.032654 2.973024 -60.928169
8.670103 40.969208 671.422974 2.970051 -60.967239
8.680103 40.998878 670.812927 2.967081 -61.006271
8.690104 41.028519 670.202454 2.964113 -61.045265
8.700104 41.058128 669.591614 2.961149 -61.084221
8.710104 41.087711 668.980408 2.958188 -61.123138
8.720104 41.117264 668.368774 2.955230 -61.162014
8.730104 41.146786 667.756775 2.952275 -61.200851
8.740105 41.176277 667.144348 2.949322 -61.239651
8.750105 41.205742 666.531555 2.946373 -61.278412
8.760105 41.235176 665.918396 2.943427 -61.317135
8.770105 41.264580 665.304810 2.940483 -61.355816
8.780106 41.293957 664.690857 2.937543 -61.394459
8.790106 41.323303 664.076538 2.934605 -61.433064
8.800106 41.352619 663.461792 2.931671 -61.471630
8.810106 41.381908 662.846680 2.928739 -61.510159
8.820107 41.411167 662.231201 2.925810 -61.548649
8.830107 41.440395 661.615356 2.922884 -61.587101
8.840107 41.469597 660.999084 2.919962 -61.625515
8.850107 41.498768 660.382446 2.917042 -61.663891
8.860107 41.527908 659.765442 2.914125 -61.702229
8.870108 41.557022 659.148010 2.911211 -61.740528
8.880108 41.586105 658.530212 2.908299 -61.778786
8.890108 41.615158 657.912048 2.905391 -61.817005
8.900108 41.644184 657.293518 2.902486 -61.855186
8.910109 41.673180 656.674561 2.899583 -61.893330
8.920109 41.702145 656.055237 2.896683 -61.931435
8.930109 41.731083 655.435547 2.893787 -61.969501
8.940109 41.759991 654.815491 2.890893 -62.007530
8.950109 41.788872 654.195007 2.888002 -62.045521
8.960110 41.817722 653.574158 2.885114 -62.083477
8.970110 41.846546 652.952942 2.882229 -62.121395
8.980110 41.875340 652.331360 2.879347 -62.159275
8.990110 41.904102 651.709412 2.876467 -62.197117
9.000111 41.932838 651.087036 2.873591 -62.234921
9.010111 41.961544 650.464294 2.870717 -62.272686
9.020111 41.990223 649.841187 2.867846 -62.310413
9.030111 42.018871 649.217712 2.864979 -62.348103
9.040112 42.047493 648.593872 2.862113 -62.385754
9.050112 42.076084 647.969666 2.859251 -62.423367
9.060112 42.104649 647.345032 2.856392 -62.460941
9.070112 42.133183 646.720032 2.853535 -62.498482
9.080112 42.161690 646.094666 2.850682 -62.535984
9.090113 42.190166 645.468933 2.847831 -62.573448
9.100113 42.218616 644.842834 2.844983 -62.610874
9.110113 42.247036 644.216370 2.842138 -62.648262
9.120113 42.275429 643.589539 2.839296 -62.685616
9.130114 42.303795 642.962280 2.836457 -62.722931
9.140114 42.332130 642.334656 2.833620 -62.760208
9.150114 42.360439 641.706665 2.830786 -62.797447
9.160114 42.388718 641.078308 2.827956 -62.834648
9.170115 42.416969 640.449585 2.825128 -62.871815
9.180115 42.445190 639.820496 2.822303 -62.908943
9.190115 42.473385 639.191040 2.819480 -62.946033
9.200115 42.501553 638.561218 2.816661 -62.983086
9.210115 42.529690 637.931030 2.813844 -63.020103
9.220116 42.557800 637.300476 2.811030 -63.057083
9.230116 42.585884 636.669556 2.808219 -63.094025
9.240116 42.613937 636.038269 2.805411 -63.130932
9.250116 42.641964 635.406616 2.802606 -63.167801
9.260117 42.669964 634.774597 2.799803 -63.204632
9.270117 42.697933 634.142212 2.797003 -63.241428
9.280117 42.725876 633.509460 2.794206 -63.278187
9.290117 42.753792 632.876282 2.791412 -63.314907
9.300117 42.781677 632.242737 2.788621 -63.351593
9.310118 42.809536 631.608826 2.785832 -63.388241
9.320118 42.837368 630.974548 2.783046 -63.424854
9.330118 42.865170 630.339905 2.780263 -63.461430
9.340118 42.892944 629.704895 2.777483 -63.497967
9.350119 42.920692 629.069580 2.774705 -63.534470
9.360119 42.948410 628.433899 2.771931 -63.570934
9.370119 42.976101 627.797852 2.769159 -63.607365
9.380119 43.003765 627.161438 2.766390 -63.643757
9.390120 43.031403 626.524658 2.763623 -63.680115
9.400120 43.059010 625.887512 2.760860 -63.716434
9.410120 43.086590 625.250000 2.758099 -63.752720
9.420120 43.114143 624.612122 2.755341 -63.788967
9.430120 43.141670 623.973877 2.752585 -63.825180
9.440121 43.169170 623.335266 2.749833 -63.861355
9.450121 43.196640 622.696289 2.747083 -63.897495
9.460121 43.224083 622.056946 2.744336 -63.933598
9.470121 43.251499 621.417236 2.741591 -63.969666
9.480122 43.278889 620.777161 2.738850 -64.005699
9.490122 43.306252 620.136719 2.736111 -64.041695
9.500122 43.333584 619.495972 2.733375 -64.077652
9.510122 43.360889 618.854858 2.730641 -64.113571
9.520123 43.388168 618.213379 2.727911 -64.149460
9.530123 43.415421 617.571533 2.725183 -64.185310
9.540123 43.442646 616.929321 2.722458 -64.221123
9.550123 43.469845 616.286743 2.719735 -64.256905
9.560123 43.497013 615.643799 2.717016 -64.292648
9.570124 43.524155 615.000488 2.714298 -64.328354
9.580124 43.551270 614.356873 2.711584 -64.364029
9.590124 43.578358 613.712891 2.708873 -64.399666
9.600124 43.605419 613.068542 2.706164 -64.435265
9.610125 43.632454 612.423828 2.703458 -64.470833
9.620125 43.659462 611.778748 2.700754 -64.506363
9.630125 43.686443 611.133301 2.698053 -64.541855
9.640125 43.713398 610.487549 2.695355 -64.577316
9.650126 43.740326 609.841431 2.692660 -64.612740
9.660126 43.767227 609.194946 2.689967 -64.648125
9.670126 43.794102 608.548096 2.687277 -64.683479
9.680126 43.820946 607.900879 2.684590 -64.718796
9.690126 43.847763 607.253357 2.681906 -64.754074
9.700127 43.874554 606.605469 2.679224 -64.789322
9.710127 43.901318 605.957214 2.676544 -64.824532
9.720127 43.928055 605.308594 2.673868 -64.859711
9.730127 43.954765 604.659668 2.671194 -64.894852
9.740128 43.981449 604.010376 2.668523 -64.929955
9.750128 44.008106 603.360718 2.665854 -64.965027
9.760128 44.034737 602.710693 2.663188 -65.000061
9.770128 44.061340 602.060364 2.660525 -65.035065
9.780128 44.087917 601.409668 2.657865 -65.070030
9.790129 44.114468 600.758606 2.655207 -65.104958
9.800129 44.140995 600.107178 2.652552 -65.139854
9.810129 44.167496 599.455444 2.649899 -65.174713
9.820129 44.193970 598.803345 2.647249 -65.209541
9.830130 44.220417 598.150879 2.644602 -65.244331
9.840130 44.246838 597.498108 2.641958 -65.279083
9.850130 44.273232 596.844971 2.639316 -65.313805
9.860130 44.299599 596.191467 2.636676 -65.348488
9.870131 44.325939 595.537659 2.634040 -65.383141
9.880131 44.352253 594.883484 2.631406 -65.417755
9.890131 44.378540 594.228943 2.628774 -65.452339
9.900131 44.404800 593.574097 2.626145 -65.486885
9.910131 44.431034 592.918884 2.623519 -65.521400
9.920132 44.457245 592.263306 2.620896 -65.555878
9.930132 44.483429 591.607422 2.618275 -65.590324
9.940132 44.509586 590.951172 2.615656 -65.624733
9.950132 44.535717 590.294556 2.613041 -65.659111
9.960133 44.561821 589.637634 2.610428 -65.693451
9.970133 44.587898 588.980347 2.607817 -65.727760
9.980133 44.613949 588.322754 2.605209 -65.762032
9.990133 44.639977 587.664795 2.602604 -65.796272
10.000134 44.665977 587.006470 2.600002 -65.830475
10.010134 44.691952 586.347839 2.597402 -65.864647
10.020134 44.717899 585.688843 2.594804 -65.898781
10.030134 44.743820 585.029541 2.592210 -65.932884
10.040134 44.769718 584.369873 2.589617 -65.966949
10.050135 44.795589 583.709839 2.587028 -66.000984
10.060135 44.821434 583.049500 2.584440 -66.034981
10.070135 44.847252 582.388794 2.581856 -66.068947
10.080135 44.873043 581.727783 2.579274 -66.102875
10.090136 44.898811 581.066406 2.576695 -66.136772
10.100136 44.924553 580.404724 2.574118 -66.170639
10.110136 44.950268 579.742676 2.571544 -66.204468
10.120136 44.975956 579.080322 2.568973 -66.238266
10.130136 45.001621 578.417603 2.566404 -66.272026
10.140137 45.027260 577.754517 2.563837 -66.305756
10.150137 45.052872 577.091125 2.561273 -66.339447
10.160137 45.078461 576.427368 2.558712 -66.373108
10.170137 45.104023 575.763306 2.556153 -66.406738
10.180138 45.129559 575.098877 2.553597 -66.440331
10.190138 45.155067 574.434143 2.551044 -66.473892
10.200138 45.180553 573.769043 2.548492 -66.507416
10.210138 45.206013 573.103638 2.545944 -66.540909
10.220139 45.231445 572.437866 2.543398 -66.574371
10.230139 45.256855 571.771790 2.540855 -66.607796
10.240139 45.282238 571.105408 2.538314 -66.641190
10.250139 45.307594 570.438660 2.535776 -66.674545
10.260139 45.332928 569.771606 2.533240 -66.707870
10.270140 45.358234 569.104187 2.530707 -66.741165
10.280140 45.383514 568.436462 2.528176 -66.774422
10.290140 45.408772 567.768372 2.525648 -66.807648
10.300140 45.434002 567.099976 2.523122 -66.840843
10.310141 45.459209 566.431213 2.520599 -66.874001
10.320141 45.484390 565.762146 2.518078 -66.907127
10.330141 45.509544 565.092773 2.515560 -66.940224
10.340141 45.534676 564.423035 2.513045 -66.973282
10.350142 45.559780 563.752991 2.510532 -67.006310
10.360142 45.584862 563.082581 2.508021 -67.039307
10.370142 45.609917 562.411865 2.505513 -67.072266
10.380142 45.634945 561.740784 2.503008 -67.105194
10.390142 45.659950 561.069397 2.500505 -67.138092
10.400143 45.684929 560.397705 2.498004 -67.170952
10.410143 45.709885 559.725647 2.495506 -67.203781
10.420143 45.734814 559.053284 2.493011 -67.236580
10.430143 45.759720 558.380615 2.490518 -67.269341
10.440144 45.784599 557.707581 2.488027 -67.302071
10.450144 45.809456 557.034241 2.485539 -67.334770
10.460144 45.834286 556.360596 2.483054 -67.367432
10.470144 45.859093 555.686584 2.480571 -67.400063
10.480145 45.883873 555.012268 2.478090 -67.432663
10.490145 45.908630 554.337585 2.475612 -67.465233
10.500145 45.933361 553.662598 2.473136 -67.497765
10.510145 45.958069 552.987305 2.470663 -67.530266
10.520145 45.982750 552.311707 2.468193 -67.562737
10.530146 46.007408 551.635742 2.465724 -67.595177
10.540146 46.032040 550.959473 2.463259 -67.627579
10.550146 46.056648 550.282898 2.460795 -67.659950
10.560146 46.081230 549.605957 2.458335 -67.692291
10.570147 46.105789 548.928711 2.455876 -67.724602
10.580147 46.130322 548.251160 2.453420 -67.756874
10.590147 46.154831 547.573242 2.450967 -67.789116
10.600147 46.179317 546.895020 2.448516 -67.821327
10.610147 46.203777 546.216492 2.446068 -67.853508
10.620148 46.228214 545.537659 2.443621 -67.885658
10.630148 46.252625 544.858459 2.441178 -67.917770
10.640148 46.277012 544.178955 2.438737 -67.949852
10.650148 46.301376 543.499146 2.436298 -67.981903
10.660149 46.325714 542.819031 2.433861 -68.013924
10.670149 46.350029 542.138550 2.431428 -68.045906
10.680149 46.374317 541.457764 2.428996 -68.077858
10.690149 46.398582 540.776672 2.426567 -68.109779
10.700150 46.422825 540.095276 2.424141 -68.141670
10.710150 46.447041 539.413513 2.421716 -68.173531
10.720150 46.471233 538.731445 2.419295 -68.205360
10.730150 46.495403 538.049072 2.416876 -68.237152
10.740150 46.519547 537.366394 2.414459 -68.268913
10.750151 46.543667 536.683411 2.412044 -68.300644
10.760151 46.567764 536.000061 2.409632 -68.332344
10.770151 46.591835 535.316406 2.407223 -68.364014
10.780151 46.615883 534.632446 2.404815 -68.395653
10.790152 46.639908 533.948181 2.402410 -68.427254
10.800152 46.663906 533.263611 2.400008 -68.458824
10.810152 46.687881 532.578735 2.397608 -68.490364
10.820152 46.711834 531.893494 2.395211 -68.521873
10.830153 46.735764 531.207947 2.392815 -68.553352
10.840153 46.759666 530.522095 2.390423 -68.584801
10.850153 46.783546 529.835938 2.388032 -68.616219
10.860153 46.807404 529.149475 2.385644 -68.647606
10.870153 46.831238 528.462708 2.383259 -68.678955
10.880154 46.855045 527.775635 2.380875 -68.710274
10.890154 46.878830 527.088196 2.378495 -68.741562
10.900154 46.902592 526.400452 2.376116 -68.772820
10.910154 46.926331 525.712402 2.373740 -68.804047
10.920155 46.950043 525.024048 2.371366 -68.835243
10.930155 46.973732 524.335388 2.368995 -68.866409
10.940155 46.997398 523.646423 2.366626 -68.897545
10.950155 47.021042 522.957153 2.364259 -68.928650
10.960155 47.044662 522.267578 2.361895 -68.959724
10.970156 47.068256 521.577698 2.359533 -68.990768
10.980156 47.091827 520.887451 2.357174 -69.021774
10.990156 47.115376 520.196899 2.354816 -69.052750
11.000156 47.138901 519.506042 2.352462 -69.083694
11.010157 47.162403 518.814880 2.350109 -69.114609
11.020157 47.185883 518.123413 2.347759 -69.145493
11.030157 47.209335 517.431641 2.345411 -69.176346
11.040157 47.232765 516.739563 2.343066 -69.207169
11.050158 47.256172 516.047180 2.340723 -69.237961
11.060158 47.279556 515.354492 2.338382 -69.268723
11.070158 47.302917 514.661499 2.336044 -69.299454
11.080158 47.326256 513.968201 2.333708 -69.330154
11.090158 47.349571 513.274597 2.331374 -69.360825
11.100159 47.372860 512.580688 2.329043 -69.391464
11.110159 47.396126 511.886475 2.326714 -69.422073
11.120159 47.419369 511.191956 2.324387 -69.452652
11.130159 47.442589 510.497131 2.322062 -69.483200
11.140160 47.465786 509.802002 2.319741 -69.513718
11.150160 47.488960 509.106567 2.317421 -69.544205
11.160160 47.512112 508.410828 2.315103 -69.574661
11.170160 47.535240 507.714783 2.312788 -69.605087
11.180161 47.558346 507.018433 2.310475 -69.635483
11.190161 47.581429 506.321777 2.308165 -69.665848
11.200161 47.604488 505.624817 2.305857 -69.696182
11.210161 47.627525 504.927551 2.303551 -69.726486
11.220161 47.650539 504.229980 2.301247 -69.756760
11.230162 47.673531 503.532104 2.298946 -69.787003
11.240162 47.696499 502.833923 2.296647 -69.817215
11.250162 47.719444 502.135437 2.294351 -69.847397
11.260162 47.742363 501.436676 2.292056 -69.877548
11.270163 47.765259 500.737610 2.289764 -69.907669
11.280163 47.788132 500.038239 2.287474 -69.937759
11.290163 47.810982 499.338562 2.285187 -69.967819
11.300163 47.833809 498.638580 2.282902 -69.997849
11.310163 47.856617 497.938293 2.280619 -70.027847
11.320164 47.879402 497.237701 2.278338 -70.057823
11.330164 47.902164 496.536835 2.276060 -70.087769
11.340164 47.924904 495.835663 2.273784 -70.117683
11.350164 47.947620 495.134186 2.271510 -70.147568
11.360165 47.970314 494.432404 2.269239 -70.177422
11.370165 47.992985 493.730316 2.266969 -70.207245
11.380165 48.015633 493.027954 2.264703 -70.237038
11.390165 48.038258 492.325287 2.262438 -70.266800
11.400166 48.060860 491.622314 2.260175 -70.296532
11.410166 48.083439 490.919067 2.257915 -70.326233
11.420166 48.105995 490.215515 2.255657 -70.355904
11.430166 48.128529 489.511658 2.253402 -70.385551
11.440166 48.151039 488.807495 2.251148 -70.415169
11.450167 48.173527 488.103058 2.248897 -70.444756
11.460167 48.195992 487.398315 2.246648 -70.474312
11.470167 48.218437 486.693268 2.244402 -70.503838
11.480167 48.240860 485.987946 2.242157 -70.533333
11.490168 48.263260 485.282318 2.239915 -70.562798
11.500168 48.285637 484.576385 2.237675 -70.592232
11.510168 48.307991 483.870178 2.235438 -70.621643
11.520168 48.330322 483.163666 2.233202 -70.651024
11.530169 48.352631 482.456848 2.230969 -70.680374
11.540169 48.374920 481.749756 2.228738 -70.709694
11.550169 48.397186 481.042358 2.226509 -70.738983
11.560169 48.419430 480.334686 2.224283 -70.768242
11.570169 48.441650 479.626709 2.222059 -70.797470
11.580170 48.463848 478.918457 2.219836 -70.826675
11.590170 48.486023 478.209900 2.217617 -70.855850
11.600170 48.508179 477.501038 2.215399 -70.884995
11.610170 48.530312 476.791901 2.213184 -70.914108
11.620171 48.552422 476.082458 2.210970 -70.943192
11.630171 48.574509 475.372742 2.208760 -70.972252
11.640171 48.596573 474.662720 2.206551 -71.001282
11.650171 48.618618 473.952423 2.204344 -71.030281
11.660172 48.640640 473.241821 2.202140 -71.059250
11.670172 48.662640 472.530945 2.199938 -71.088188
11.680172 48.684616 471.819763 2.197738 -71.117104
11.690172 48.706570 471.108307 2.195540 -71.145988
11.700172 48.728504 470.396545 2.193345 -71.174843
11.710173 48.750416 469.684509 2.191151 -71.203667
11.720173 48.772305 468.972198 2.188960 -71.232460
11.730173 48.794170 468.259583 2.186771 -71.261230
11.740173 48.816017 467.546692 2.184584 -71.289970
11.750174 48.837841 466.833496 2.182400 -71.318680
11.760174 48.859642 466.120026 2.180217 -71.347359
11.770174 48.881424 465.406281 2.178037 -71.376015
11.780174 48.903183 464.692230 2.175859 -71.404640
11.790174 48.924919 463.977905 2.173683 -71.433235
11.800175 48.946632 463.263275 2.171510 -71.461800
11.810175 48.968327 462.548370 2.169338 -71.490341
11.820175 48.989998 461.833191 2.167169 -71.518852
11.830175 49.011646 461.117706 2.165002 -71.547333
11.840176 49.033276 460.401947 2.162837 -71.575783
11.850176 49.054882 459.685913 2.160674 -71.604210
11.860176 49.076466 458.969574 2.158513 -71.632607
11.870176 49.098030 458.252960 2.156354 -71.660973
11.880177 49.119572 457.536072 2.154198 -71.689308
11.890177 49.141090 456.818909 2.152044 -71.717621
11.900177 49.162590 456.101440 2.149892 -71.745903
11.910177 49.184067 455.383698 2.147742 -71.774155
11.920177 49.205524 454.665680 2.145595 -71.802383
11.930178 49.226959 453.947388 2.143449 -71.830582
11.940178 49.248371 453.228790 2.141306 -71.858749
11.950178 49.269764 452.509918 2.139164 -71.886894
11.960178 49.291134 451.790771 2.137025 -71.915009
11.970179 49.312481 451.071350 2.134888 -71.943092
11.980179 49.333809 450.351624 2.132754 -71.971146
11.990179 49.355114 449.631622 2.130621 -71.999176
12.000179 49.376400 448.911346 2.128490 -72.027176
12.010180 49.397663 448.190796 2.126362 -72.055145
12.020180 49.418907 447.469971 2.124235 -72.083092
12.030180 49.440128 446.748871 2.122111 -72.111008
12.040180 49.461327 446.027496 2.119989 -72.138893
12.050180 49.482506 445.305817 2.117869 -72.166756
12.060181 49.503662 444.583862 2.115751 -72.194588
12.070181 49.524799 443.861633 2.113635 -72.222397
12.080181 49.545914 443.139130 2.111522 -72.250175
12.090181 49.567009 442.416351 2.109410 -72.277924
12.100182 49.588081 441.693298 2.107301 -72.305649
12.110182 49.609135 440.969971 2.105193 -72.333344
12.120182 49.630165 440.246368 2.103088 -72.361008
12.130182 49.651176 439.522491 2.100985 -72.388649
12.140182 49.672165 438.798340 2.098884 -72.416260
12.150183 49.693134 438.073914 2.096785 -72.443840
12.160183 49.714081 437.349213 2.094688 -72.471397
12.170183 49.735008 436.624237 2.092594 -72.498924
12.180183 49.755913 435.898987 2.090501 -72.526428
12.190184 49.776798 435.173462 2.088411 -72.553902
12.200184 49.797661 434.447662 2.086322 -72.581345
12.210184 49.818504 433.721588 2.084236 -72.608765
12.220184 49.839325 432.995239 2.082152 -72.636154
12.230185 49.860126 432.268616 2.080070 -72.663521
12.240185 49.880905 431.541718 2.077990 -72.690857
12.250185 49.901665 430.814545 2.075912 -72.718163
12.260185 49.922401 430.087097 2.073836 -72.745445
12.270185 49.943119 429.359375 2.071762 -72.772697
12.280186 49.963818 428.631378 2.069690 -72.799927
12.290186 49.984493 427.903107 2.067620 -72.827126
12.300186 50.005150 427.174561 2.065553 -72.854301
12.310186 50.025784 426.445740 2.063487 -72.881447
12.320187 50.046398 425.716644 2.061424 -72.908562
12.330187 50.066990 424.987274 2.059362 -72.935654
12.340187 50.087563 424.257660 2.057303 -72.962715
12.350187 50.108116 423.527771 2.055245 -72.989754
12.360188 50.128647 422.797607 2.053190 -73.016762
12.370188 50.149158 422.067169 2.051137 -73.043747
12.380188 50.169651 421.336456 2.049086 -73.070702
12.390188 50.190121 420.605469 2.047037 -73.097633
12.400188 50.210571 419.874237 2.044990 -73.124535
12.410189 50.230999 419.142731 2.042945 -73.151413
12.420189 50.251408 418.410950 2.040902 -73.178261
12.430189 50.271797 417.678894 2.038861 -73.205086
12.440189 50.292164 416.946564 2.036822 -73.231880
12.450190 50.312511 416.213989 2.034785 -73.258652
12.460190 50.332840 415.481140 2.032750 -73.285393
12.470190 50.353146 414.748016 2.030718 -73.312111
12.480190 50.373432 414.014618 2.028687 -73.338799
12.490191 50.393700 413.280975 2.026658 -73.365463
12.500191 50.413944 412.547058 2.024632 -73.392097
12.510191 50.434170 411.812866 2.022607 -73.418709
12.520191 50.454376 411.078400 2.020585 -73.445290
12.530191 50.474564 410.343689 2.018564 -73.471848
12.540192 50.494728 409.608704 2.016546 -73.498375
12.550192 50.514874 408.873444 2.014529 -73.524879
12.560192 50.535000 408.137939 2.012514 -73.551353
12.570192 50.555103 407.402161 2.010502 -73.577805
12.580193 50.575188 406.666107 2.008491 -73.604225
12.590193 50.595253 405.929810 2.006483 -73.630623
12.600193 50.615299 405.193237 2.004476 -73.656990
12.610193 50.635323 404.456390 2.002472 -73.683334
12.620193 50.655327 403.719299 2.000469 -73.709648
12.630194 50.675312 402.981934 1.998469 -73.735939
12.640194 50.695278 402.244324 1.996471 -73.762199
12.650194 50.715221 401.506439 1.994474 -73.788437
12.660194 50.735146 400.768280 1.992480 -73.814651
12.670195 50.755051 400.029877 1.990487 -73.840836
12.680195 50.774937 399.291199 1.988497 -73.866997
12.690195 50.794804 398.552277 1.986508 -73.893127
12.700195 50.814648 397.813080 1.984522 -73.919235
12.710196 50.834473 397.073639 1.982537 -73.945312
12.720196 50.854279 396.333923 1.980555 -73.971367
12.730196 50.874065 395.593964 1.978574 -73.997398
12.740196 50.893833 394.853729 1.976596 -74.023399
12.750196 50.913578 394.113220 1.974619 -74.049377
12.760197 50.933304 393.372467 1.972644 -74.075325
12.770197 50.953011 392.631470 1.970672 -74.101250
12.780197 50.972698 391.890198 1.968701 -74.127151
12.790197 50.992367 391.148682 1.966732 -74.153023
12.800198 51.012016 390.406891 1.964766 -74.178871
12.810198 51.031643 389.664856 1.962801 -74.204689
12.820198 51.051250 388.922546 1.960838 -74.230484
12.830198 51.070839 388.179993 1.958877 -74.256256
12.840199 51.090408 387.437164 1.956918 -74.281998
12.850199 51.109959 386.694092 1.954961 -74.307716
12.860199 51.129490 385.950745 1.953006 -74.333412
12.870199 51.149002 385.207153 1.951053 -74.359077
12.880199 51.168491 384.463318 1.949102 -74.384720
12.890200 51.187962 383.719208 1.947153 -74.410332
12.900200 51.207413 382.974854 1.945206 -74.435921
12.910200 51.226845 382.230225 1.943261 -74.461487
12.920200 51.246258 381.485352 1.941318 -74.487022
12.930201 51.265652 380.740234 1.939376 -74.512535
12.940201 51.285027 379.994843 1.937437 -74.538025
12.950201 51.304382 379.249207 1.935499 -74.563484
12.960201 51.323719 378.503326 1.933564 -74.588921
12.970201 51.343037 377.757172 1.931630 -74.614334
12.980202 51.362335 377.010773 1.929699 -74.639717
12.990202 51.381615 376.264130 1.927769 -74.665077
13.000202 51.400871 375.517212 1.925841 -74.690414
13.010202 51.420109 374.770050 1.923916 -74.715721
13.020203 51.439327 374.022644 1.921992 -74.741005
13.030203 51.458527 373.274994 1.920070 -74.766266
13.040203 51.477707 372.527069 1.918149 -74.791496
13.050203 51.496868 371.778900 1.916231 -74.816704
13.060204 51.516010 371.030487 1.914315 -74.841888
13.070204 51.535133 370.281830 1.912401 -74.867050
13.080204 51.554237 369.532898 1.910488 -74.892181
13.090204 51.573322 368.783722 1.908578 -74.917290
13.100204 51.592388 368.034302 1.906669 -74.942375
13.110205 51.611435 367.284637 1.904763 -74.967430
13.120205 51.630463 366.534698 1.902858 -74.992462
13.130205 51.649471 365.784515 1.900955 -75.017471
13.140205 51.668461 365.034088 1.899054 -75.042458
13.150206 51.687431 364.283417 1.897155 -75.067413
13.160206 51.706383 363.532501 1.895258 -75.092346
13.170206 51.725315 362.781342 1.893363 -75.117256
13.180206 51.744228 362.029907 1.891469 -75.142136
13.190207 51.763123 361.278229 1.889578 -75.166992
13.200207 51.781998 360.526306 1.887688 -75.191826
13.210207 51.800858 359.774139 1.885801 -75.216637
13.220207 51.819698 359.021729 1.883915 -75.241417
13.230207 51.838520 358.269073 1.882031 -75.266174
13.240208 51.857323 357.516174 1.880149 -75.290909
13.250208 51.876106 356.763031 1.878269 -75.315620
13.260208 51.894871 356.009613 1.876391 -75.340302
13.270208 51.913616 355.255951 1.874514 -75.364960
13.280209 51.932343 354.502045 1.872640 -75.389595
13.290209 51.951050 353.747894 1.870767 -75.414207
13.300209 51.969738 352.993500 1.868896 -75.438797
13.310209 51.988407 352.238861 1.867027 -75.463356
13.320210 52.007057 351.483978 1.865160 -75.487892
13.330210 52.025692 350.728851 1.863295 -75.512405
13.340210 52.044308 349.973480 1.861432 -75.536896
13.350210 52.062904 349.217865 1.859571 -75.561356
13.360210 52.081482 348.462006 1.857711 -75.585793
13.370211 52.100040 347.705902 1.855853 -75.610207
13.380211 52.118580 346.949554 1.853997 -75.634598
13.390211 52.137100 346.192963 1.852143 -75.658966
13.400211 52.155602 345.436127 1.850291 -75.683304
13.410212 52.174088 344.679047 1.848441 -75.707619
13.420212 52.192554 343.921722 1.846593 -75.731911
13.430212 52.211002 343.164154 1.844746 -75.756180
13.440212 52.229431 342.406342 1.842901 -75.780426
13.450212 52.247841 341.648285 1.841058 -75.804649
13.460213 52.266232 340.889984 1.839217 -75.828842
13.470213 52.284607 340.131439 1.837378 -75.853012
13.480213 52.302963 339.372681 1.835541 -75.877159
13.490213 52.321301 338.613678 1.833705 -75.901283
13.500214 52.339619 337.854431 1.831872 -75.925385
13.510214 52.357918 337.094940 1.830040 -75.949463
13.520214 52.376202 336.335205 1.828210 -75.973511
13.530214 52.394466 335.575226 1.826381 -75.997536
13.540215 52.412712 334.815002 1.824555 -76.021538
13.550215 52.430939 334.054535 1.822731 -76.045517
13.560215 52.449146 333.293854 1.820908 -76.069473
13.570215 52.467339 332.532928 1.819087 -76.093407
13.580215 52.485512 331.771759 1.817268 -76.117310
13.590216 52.503666 331.010345 1.815451 -76.141190
13.600216 52.521801 330.248688 1.813635 -76.165047
13.610216 52.539921 329.486786 1.811821 -76.188881
13.620216 52.558022 328.724670 1.810010 -76.212692
13.630217 52.576103 327.962311 1.808200 -76.236481
13.640217 52.594166 327.199707 1.806391 -76.260246
13.650217 52.612213 326.436859 1.804585 -76.283989
13.660217 52.630241 325.673767 1.802781 -76.307709
13.670218 52.648251 324.910461 1.800978 -76.331398
13.680218 52.666241 324.146912 1.799177 -76.355064
13.690218 52.684216 323.383118 1.797377 -76.378708
13.700218 52.702171 322.619080 1.795580 -76.402328
13.710218 52.720108 321.854828 1.793785 -76.425926
13.720219 52.738029 321.090332 1.791991 -76.449501
13.730219 52.755932 320.325592 1.790199 -76.473053
13.740219 52.773815 319.560638 1.788409 -76.496582
13.750219 52.791683 318.795441 1.786620 -76.520088
13.760220 52.809532 318.029999 1.784834 -76.543571
13.770220 52.827362 317.264343 1.783049 -76.567024
13.780220 52.845173 316.498444 1.781266 -76.590454
13.790220 52.862968 315.732300 1.779485 -76.613861
13.800220 52.880745 314.965942 1.777705 -76.637245
13.810221 52.898502 314.199341 1.775928 -76.660606
13.820221 52.916245 313.432495 1.774152 -76.683945
13.830221 52.933968 312.665436 1.772377 -76.707260
13.840221 52.951675 311.898132 1.770605 -76.730553
13.850222 52.969364 311.130585 1.768834 -76.753822
13.860222 52.987034 310.362823 1.767066 -76.777069
13.870222 53.004688 309.594818 1.765299 -76.800293
13.880222 53.022324 308.826569 1.763533 -76.823494
13.890223 53.039940 308.058105 1.761770 -76.846672
13.900223 53.057541 307.289398 1.760008 -76.869827
13.910223 53.075123 306.520477 1.758248 -76.892960
13.920223 53.092690 305.751312 1.756490 -76.916069
13.930223 53.110237 304.981934 1.754733 -76.939156
13.940224 53.127766 304.212311 1.752978 -76.962219
13.950224 53.145279 303.442444 1.751225 -76.985260
13.960224 53.162773 302.672363 1.749474 -77.008278
13.970224 53.180252 301.902039 1.747725 -77.031273
13.980225 53.197712 301.131500 1.745977 -77.054245
13.990225 53.215153 300.360718 1.744231 -77.077194
14.000225 53.232578 299.589722 1.742487 -77.100121
14.010225 53.249985 298.818481 1.740744 -77.123024
14.020226 53.267376 298.047028 1.739004 -77.145905
14.030226 53.284748 297.275330 1.737265 -77.168762
14.040226 53.302105 296.503418 1.735527 -77.191597
14.050226 53.319443 295.731262 1.733792 -77.214409
14.060226 53.336761 294.958893 1.732058 -77.237198
14.070227 53.354065 294.186279 1.730326 -77.259964
14.080227 53.371349 293.413452 1.728596 -77.282707
14.090227 53.388618 292.640411 1.726867 -77.305428
14.100227 53.405869 291.867126 1.725140 -77.328125
14.110228 53.423103 291.093628 1.723415 -77.350800
14.120228 53.440319 290.319885 1.721691 -77.373451
14.130228 53.457520 289.545929 1.719970 -77.396080
14.140228 53.474701 288.771729 1.718250 -77.418686
14.150229 53.491867 287.997314 1.716532 -77.441269
14.160229 53.509014 287.222687 1.714815 -77.463829
14.170229 53.526146 286.447815 1.713100 -77.486366
14.180229 53.543259 285.672729 1.711387 -77.508881
14.190229 53.560356 284.897430 1.709676 -77.531372
14.200230 53.577435 284.121887 1.707966 -77.553841
14.210230 53.594498 283.346130 1.706258 -77.576286
14.220230 53.611542 282.570129 1.704552 -77.598709
14.230230 53.628571 281.793915 1.702847 -77.621109
14.240231 53.645580 281.017487 1.701144 -77.643486
14.250231 53.662575 280.240814 1.699443 -77.665840
14.260231 53.679554 279.463928 1.697744 -77.688171
14.270231 53.696514 278.686829 1.696046 -77.710480
14.280231 53.713459 277.909515 1.694350 -77.732773
14.290232 53.730385 277.131958 1.692656 -77.755043
14.300232 53.747295 276.354187 1.690963 -77.777290
14.310232 53.764187 275.576202 1.689272 -77.799515
14.320232 53.781063 274.797974 1.687583 -77.821716
14.330233 53.797920 274.019531 1.685895 -77.843895
14.340233 53.814762 273.240875 1.684209 -77.866051
14.350233 53.831589 272.462006 1.682525 -77.888184
14.360233 53.848396 271.682892 1.680843 -77.910294
14.370234 53.865189 270.903564 1.679162 -77.932381
14.380234 53.881962 270.124023 1.677483 -77.954445
14.390234 53.898720 269.344269 1.675805 -77.976494
14.400234 53.915462 268.564270 1.674129 -77.998520
14.410234 53.932186 267.784058 1.672455 -78.020523
14.420235 53.948895 267.003632 1.670783 -78.042503
14.430235 53.965584 266.222992 1.669112 -78.064461
14.440235 53.982258 265.442139 1.667443 -78.086395
14.450235 53.998917 264.661041 1.665775 -78.108307
14.460236 54.015556 263.879730 1.664109 -78.130196
14.470236 54.032181 263.098206 1.662445 -78.152069
14.480236 54.048790 262.316467 1.660783 -78.173920
14.490236 54.065380 261.534515 1.659122 -78.195747
14.500237 54.081955 260.752350 1.657463 -78.217552
14.510237 54.098515 259.969971 1.655805 -78.239334
14.520237 54.115055 259.187347 1.654149 -78.261093
14.530237 54.131580 258.404510 1.652495 -78.282829
14.540237 54.148090 257.621460 1.650843 -78.304550
14.550238 54.164581 256.838196 1.649192 -78.326248
14.560238 54.181057 256.054718 1.647543 -78.347923
14.570238 54.197517 255.271027 1.645895 -78.369576
14.580238 54.213959 254.487122 1.644249 -78.391205
14.590239 54.230385 253.702988 1.642605 -78.412811
14.600239 54.246796 252.918640 1.640962 -78.434395
14.610239 54.263187 252.134079 1.639321 -78.455963
14.620239 54.279564 251.349304 1.637682 -78.477509
14.630239 54.295925 250.564316 1.636044 -78.499031
14.640240 54.312271 249.779114 1.634408 -78.520531
14.650240 54.328598 248.993698 1.632774 -78.542007
14.660240 54.344910 248.208069 1.631141 -78.563469
14.670240 54.361206 247.422226 1.629510 -78.584908
14.680241 54.377483 246.636169 1.627881 -78.606323
14.690241 54.393745 245.849899 1.626253 -78.627716
14.700241 54.409992 245.063416 1.624626 -78.649086
14.710241 54.426224 244.276718 1.623002 -78.670441
14.720242 54.442436 243.489807 1.621379 -78.691772
14.730242 54.458633 242.702682 1.619757 -78.713081
14.740242 54.474815 241.915344 1.618138 -78.734367
14.750242 54.490982 241.127792 1.616519 -78.755630
14.760242 54.507130 240.340027 1.614903 -78.776878
14.770243 54.523262 239.552048 1.613288 -78.798103
14.780243 54.539379 238.763855 1.611675 -78.819305
14.790243 54.555481 237.975449 1.610063 -78.840485
14.800243 54.571564 237.186829 1.608453 -78.861641
14.810244 54.587631 236.397995 1.606845 -78.882782
14.820244 54.603683 235.608963 1.605238 -78.903900
14.830244 54.619720 234.819717 1.603632 -78.924995
14.840244 54.635742 234.030258 1.602029 -78.946068
14.850245 54.651745 233.240585 1.600427 -78.967125
14.860245 54.667732 232.450699 1.598826 -78.988159
14.870245 54.683704 231.660614 1.597228 -79.009171
14.880245 54.699661 230.870316 1.595630 -79.030159
14.890245 54.715603 230.079803 1.594035 -79.051132
14.900246 54.731525 229.289078 1.592441 -79.072083
14.910246 54.747433 228.498154 1.590848 -79.093010
14.920246 54.763325 227.707016 1.589257 -79.113914
14.930246 54.779202 226.915665 1.587668 -79.134804
14.940247 54.795063 226.124115 1.586080 -79.155670
14.950247 54.810909 225.332352 1.584494 -79.176514
14.960247 54.826740 224.540375 1.582910 -79.197334
14.970247 54.842552 223.748199 1.581327 -79.218140
14.980247 54.858349 222.955811 1.579746 -79.238922
14.990248 54.874130 222.163208 1.578166 -79.259682
15.000248 54.889896 221.370407 1.576588 -79.280418
15.010248 54.905647 220.577393 1.575011 -79.301140
15.020248 54.921383 219.784180 1.573436 -79.321838
15.030249 54.937103 218.990753 1.571863 -79.342514
15.040249 54.952805 218.197128 1.570291 -79.363174
15.050249 54.968491 217.403290 1.568720 -79.383812
15.060249 54.984161 216.609253 1.567152 -79.404427
15.070250 54.999817 215.815002 1.565585 -79.425026
15.080250 55.015457 215.020554 1.564019 -79.445602
15.090250 55.031082 214.225891 1.562455 -79.466156
15.100250 55.046692 213.431030 1.560893 -79.486687
15.110250 55.062286 212.635956 1.559332 -79.507202
15.120251 55.077866 211.840683 1.557772 -79.527695
15.130251 55.093430 211.045197 1.556214 -79.548164
15.140251 55.108974 210.249512 1.554658 -79.568619
15.150251 55.124504 209.453629 1.553104 -79.589050
15.160252 55.140018 208.657532 1.551551 -79.609459
15.170252 55.155518 207.861237 1.549999 -79.629852
15.180252 55.171001 207.064728 1.548449 -79.650223
15.190252 55.186470 206.268021 1.546901 -79.670570
15.200253 55.201923 205.471115 1.545354 -79.690903
15.210253 55.217361 204.673996 1.543809 -79.711212
15.220253 55.232784 203.876678 1.542265 -79.731499
15.230253 55.248192 203.079163 1.540723 -79.751770
15.240253 55.263584 202.281448 1.539182 -79.772018
15.250254 55.278961 201.483521 1.537643 -79.792244
15.260254 55.294323 200.685394 1.536105 -79.812454
15.270254 55.309669 199.887070 1.534569 -79.832642
15.280254 55.325001 199.088547 1.533034 -79.852806
15.290255 55.340317 198.289810 1.531501 -79.872955
15.300255 55.355618 197.490875 1.529970 -79.893082
15.310255 55.370903 196.691742 1.528440 -79.913185
15.320255 55.386173 195.892410 1.526911 -79.933273
15.330256 55.401428 195.092880 1.525384 -79.953339
15.340256 55.416668 194.293152 1.523859 -79.973389
15.350256 55.431892 193.493225 1.522335 -79.993416
15.360256 55.447102 192.693085 1.520813 -80.013420
15.370256 55.462296 191.892746 1.519292 -80.033409
15.380257 55.477474 191.092209 1.517773 -80.053375
15.390257 55.492638 190.291473 1.516255 -80.073318
15.400257 55.507786 189.490540 1.514739 -80.093246
15.410257 55.522919 188.689407 1.513224 -80.113152
15.420258 55.538036 187.888077 1.511711 -80.133041
15.430258 55.553139 187.086548 1.510199 -80.152908
15.440258 55.568226 186.284821 1.508689 -80.172752
15.450258 55.583298 185.482895 1.507180 -80.192581
15.460258 55.598354 184.680771 1.505673 -80.212387
15.470259 55.613396 183.878448 1.504167 -80.232178
15.480259 55.628422 183.075928 1.502663 -80.251945
15.490259 55.643433 182.273209 1.501161 -80.271690
15.500259 55.658428 181.470291 1.499659 -80.291420
15.510260 55.673409 180.667175 1.498160 -80.311127
15.520260 55.688374 179.863861 1.496662 -80.330818
15.530260 55.703323 179.060364 1.495165 -80.350487
15.540260 55.718262 178.256668 1.493670 -80.370140
15.550261 55.733185 177.452774 1.492176 -80.389771
15.560261 55.748093 176.648682 1.490684 -80.409378
15.570261 55.762985 175.844391 1.489193 -80.428970
15.580261 55.777863 175.039902 1.487704 -80.448540
15.590261 55.792725 174.235214 1.486216 -80.468094
15.600262 55.807571 173.430344 1.484730 -80.487625
15.610262 55.822403 172.625275 1.483245 -80.507141
15.620262 55.837219 171.820007 1.481762 -80.526634
15.630262 55.852020 171.014542 1.480280 -80.546104
15.640263 55.866810 170.208893 1.478800 -80.565559
15.650263 55.881584 169.403046 1.477321 -80.584991
15.660263 55.896343 168.597000 1.475844 -80.604408
15.670263 55.911087 167.790756 1.474368 -80.623802
15.680264 55.925816 166.984329 1.472894 -80.643181
15.690264 55.940529 166.177704 1.471421 -80.662537
15.700264 55.955227 165.370880 1.469949 -80.681877
15.710264 55.969913 164.563873 1.468480 -80.701195
15.720264 55.984585 163.756668 1.467011 -80.720497
15.730265 55.999241 162.949265 1.465544 -80.739777
15.740265 56.013882 162.141678 1.464079 -80.759033
15.750265 56.028507 161.333893 1.462614 -80.778275
15.760265 56.043118 160.525925 1.461152 -80.797493
15.770266 56.057713 159.717758 1.459691 -80.816696
15.780266 56.072296 158.909393 1.458231 -80.835876
15.790266 56.086864 158.100845 1.456773 -80.855042
15.800266 56.101418 157.292099 1.455316 -80.874184
15.810266 56.115955 156.483170 1.453861 -80.893311
15.820267 56.130478 155.674042 1.452407 -80.912415
15.830267 56.144989 154.864731 1.450954 -80.931503
15.840267 56.159485 154.055222 1.449503 -80.950569
15.850267 56.173965 153.245529 1.448054 -80.969620
15.860268 56.188431 152.435638 1.446606 -80.988647
15.870268 56.202881 151.625565 1.445159 -81.007660
15.880268 56.217319 150.815292 1.443714 -81.026649
15.890268 56.231743 150.004837 1.442270 -81.045624
15.900269 56.246151 149.194199 1.440828 -81.064575
15.910269 56.260544 148.383362 1.439387 -81.083511
15.920269 56.274921 147.572342 1.437948 -81.102425
15.930269 56.289288 146.761124 1.436510 -81.121323
15.940269 56.303638 145.949722 1.435073 -81.140198
15.950270 56.317974 145.138138 1.433638 -81.159058
15.960270 56.332294 144.326355 1.432205 -81.177902
15.970270 56.346603 143.514389 1.430773 -81.196724
15.980270 56.360897 142.702240 1.429342 -81.215530
15.990271 56.375175 141.889893 1.427913 -81.234314
16.000271 56.389439 141.077362 1.426485 -81.253082
16.010271 56.403690 140.264648 1.425058 -81.271828
16.020271 56.417927 139.451736 1.423633 -81.290558
16.030272 56.432148 138.638641 1.422210 -81.309265
16.040272 56.446358 137.825363 1.420787 -81.327957
16.050272 56.460552 137.011902 1.419367 -81.346626
16.060272 56.474731 136.198242 1.417947 -81.365280
16.070272 56.488895 135.384399 1.416529 -81.383911
16.080273 56.503048 134.570374 1.415113 -81.402527
16.090273 56.517185 133.756165 1.413698 -81.421127
16.100273 56.531307 132.941772 1.412284 -81.439705
16.110273 56.545418 132.127197 1.410872 -81.458267
16.120274 56.559513 131.312424 1.409461 -81.476807
16.130274 56.573593 130.497467 1.408051 -81.495331
16.140274 56.587658 129.682327 1.406643 -81.513832
16.150274 56.601711 128.867004 1.405237 -81.532318
16.160275 56.615749 128.051498 1.403831 -81.550789
16.170275 56.629772 127.235809 1.402428 -81.569237
16.180275 56.643784 126.419930 1.401025 -81.587669
16.190275 56.657780 125.603867 1.399624 -81.606079
16.200275 56.671761 124.787621 1.398224 -81.624474
16.210276 56.685730 123.971191 1.396826 -81.642853
16.220276 56.699684 123.154579 1.395429 -81.661209
16.230276 56.713623 122.337784 1.394034 -81.679550
16.240276 56.727551 121.520805 1.392640 -81.697868
16.250277 56.741463 120.703644 1.391247 -81.716171
16.260277 56.755360 119.886299 1.389856 -81.734451
16.270277 56.769245 119.068771 1.388466 -81.752716
16.280277 56.783115 118.251060 1.387078 -81.770966
16.290277 56.796974 117.433167 1.385691 -81.789192
16.300278 56.810818 116.615089 1.384305 -81.807404
16.310278 56.824646 115.796837 1.382921 -81.825600
16.320278 56.838463 114.978401 1.381538 -81.843773
16.330278 56.852264 114.159782 1.380156 -81.861931
16.340279 56.866051 113.340981 1.378776 -81.880066
16.350279 56.879826 112.521996 1.377397 -81.898186
16.360279 56.893585 111.702835 1.376020 -81.916290
16.370279 56.907333 110.883492 1.374644 -81.934372
16.380280 56.921066 110.063965 1.373269 -81.952438
16.390280 56.934784 109.244263 1.371896 -81.970490
16.400280 56.948490 108.424377 1.370524 -81.988518
16.410280 56.962181 107.604309 1.369154 -82.006531
16.420280 56.975861 106.784065 1.367785 -82.024521
16.430281 56.989525 105.963638 1.366417 -82.042496
16.440281 57.003174 105.143036 1.365050 -82.060455
16.450281 57.016811 104.322250 1.363685 -82.078392
16.460281 57.030434 103.501289 1.362322 -82.096313
16.470282 57.044044 102.680145 1.360959 -82.114220
16.480282 57.057640 101.858826 1.359598 -82.132103
16.490282 57.071224 101.037323 1.358239 -82.149971
16.500282 57.084793 100.215645 1.356880 -82.167824
16.510283 57.098347 99.393791 1.355524 -82.185654
16.520283 57.111889 98.571754 1.354168 -82.203468
16.530283 57.125416 97.749542 1.352814 -82.221268
16.540283 57.138931 96.927155 1.351461 -82.239044
16.550283 57.152431 96.104584 1.350110 -82.256805
16.560284 57.165920 95.281837 1.348759 -82.274551
16.570284 57.179394 94.458916 1.347411 -82.292274
16.580284 57.192856 93.635818 1.346063 -82.309982
16.590284 57.206303 92.812538 1.344717 -82.327675
16.600285 57.219738 91.989082 1.343372 -82.345345
16.610285 57.233158 91.165451 1.342029 -82.362999
16.620285 57.246567 90.341644 1.340687 -82.380638
16.630285 57.259960 89.517662 1.339346 -82.398254
16.640285 57.273342 88.693504 1.338007 -82.415855
16.650286 57.286709 87.869171 1.336669 -82.433441
16.660286 57.300060 87.044662 1.335332 -82.451004
16.670286 57.313400 86.219978 1.333997 -82.468552
16.680286 57.326725 85.395119 1.332663 -82.486084
16.690287 57.340038 84.570084 1.331330 -82.503601
16.700287 57.353340 83.744873 1.329999 -82.521095
16.710287 57.366627 82.919487 1.328669 -82.538574
16.720287 57.379902 82.093925 1.327340 -82.556038
16.730288 57.393162 81.268188 1.326013 -82.573479
16.740288 57.406410 80.442276 1.324687 -82.590904
16.750288 57.419643 79.616196 1.323362 -82.608315
16.760288 57.432865 78.789940 1.322039 -82.625710
16.770288 57.446072 77.963509 1.320717 -82.643082
16.780289 57.459267 77.136902 1.319396 -82.660439
16.790289 57.472446 76.310127 1.318077 -82.677780
16.800289 57.485615 75.483177 1.316759 -82.695099
16.810289 57.498768 74.656052 1.315442 -82.712402
16.820290 57.511909 73.828758 1.314126 -82.729691
16.830290 57.525036 73.001289 1.312812 -82.746964
16.840290 57.538151 72.173645 1.311499 -82.764214
16.850290 57.551254 71.345833 1.310188 -82.781448
16.860291 57.564342 70.517845 1.308878 -82.798668
16.870291 57.577419 69.689690 1.307569 -82.815872
16.880291 57.590481 68.861359 1.306261 -82.833054
16.890291 57.603531 68.032860 1.304955 -82.850220
16.900291 57.616566 67.204185 1.303650 -82.867371
16.910292 57.629589 66.375343 1.302346 -82.884506
16.920292 57.642601 65.546326 1.301044 -82.901619
16.930292 57.655598 64.717140 1.299743 -82.918716
16.940292 57.668583 63.887783 1.298443 -82.935799
16.950293 57.681553 63.058254 1.297145 -82.952866
16.960293 57.694511 62.228554 1.295848 -82.969910
16.970293 57.707458 61.398685 1.294552 -82.986938
16.980293 57.720390 60.568645 1.293257 -83.003952
16.990294 57.733311 59.738438 1.291964 -83.020950
17.000294 57.746216 58.908058 1.290672 -83.037926
17.010294 57.759109 58.077511 1.289381 -83.054886
17.020294 57.771992 57.246792 1.288092 -83.071831
17.030294 57.784859 56.415905 1.286804 -83.088760
17.040295 57.797714 55.584846 1.285517 -83.105675
17.050295 57.810558 54.753620 1.284232 -83.122566
17.060295 57.823387 53.922226 1.282947 -83.139442
17.070295 57.836205 53.090664 1.281664 -83.156303
17.080296 57.849007 52.258934 1.280383 -83.173149
17.090296 57.861797 51.427032 1.279102 -83.189980
17.100296 57.874577 50.594963 1.277823 -83.206787
17.110296 57.887341 49.762726 1.276545 -83.223579
17.120296 57.900093 48.930321 1.275269 -83.240356
17.130297 57.912834 48.097748 1.273994 -83.257118
17.140297 57.925560 47.265011 1.272720 -83.273865
17.150297 57.938274 46.432106 1.271447 -83.290588
17.160297 57.950977 45.599033 1.270175 -83.307297
17.170298 57.963665 44.765793 1.268905 -83.323990
17.180298 57.976341 43.932384 1.267636 -83.340668
17.190298 57.989006 43.098812 1.266369 -83.357330
17.200298 58.001656 42.265072 1.265102 -83.373970
17.210299 58.014294 41.431168 1.263837 -83.390594
17.220299 58.026920 40.597095 1.262573 -83.407204
17.230299 58.039532 39.762859 1.261311 -83.423798
17.240299 58.052132 38.928455 1.260050 -83.440376
17.250299 58.064720 38.093887 1.258790 -83.456940
17.260300 58.077297 37.259151 1.257531 -83.473480
17.270300 58.089859 36.424252 1.256273 -83.490005
17.280300 58.102409 35.589188 1.255017 -83.506516
17.290300 58.114948 34.753956 1.253762 -83.523010
17.300301 58.127472 33.918560 1.252508 -83.539490
17.310301 58.139984 33.083000 1.251256 -83.555954
17.320301 58.152485 32.247276 1.250005 -83.572395
17.330301 58.164974 31.411388 1.248755 -83.588821
17.340302 58.177448 30.575336 1.247506 -83.605232
17.350302 58.189911 29.739120 1.246258 -83.621628
17.360302 58.202362 28.902740 1.245012 -83.638008
17.370302 58.214798 28.066196 1.243767 -83.654373
17.380302 58.227222 27.229488 1.242523 -83.670715
17.390303 58.239635 26.392618 1.241281 -83.687042
17.400303 58.252037 25.555584 1.240039 -83.703354
17.410303 58.264423 24.718388 1.238799 -83.719650
17.420303 58.276798 23.881029 1.237561 -83.735931
17.430304 58.289162 23.043507 1.236323 -83.752197
17.440304 58.301514 22.205822 1.235087 -83.768448
17.450304 58.313850 21.367975 1.233852 -83.784683
17.460304 58.326176 20.529966 1.232618 -83.800896
17.470304 58.338490 19.691795 1.231385 -83.817093
17.480305 58.350792 18.853462 1.230154 -83.833275
17.490305 58.363083 18.014967 1.228924 -83.849442
17.500305 58.375359 17.176311 1.227695 -83.865593
17.510305 58.387623 16.337494 1.226467 -83.881729
17.520306 58.399876 15.498515 1.225241 -83.897850
17.530306 58.412117 14.659375 1.224015 -83.913956
17.540306 58.424343 13.820075 1.222791 -83.930038
17.550306 58.436558 12.980614 1.221568 -83.946106
17.560307 58.448761 12.140992 1.220347 -83.962158
17.570307 58.460953 11.301210 1.219127 -83.978195
17.580307 58.473133 10.461268 1.217907 -83.994217
17.590307 58.485298 9.621166 1.216689 -84.010223
17.600307 58.497452 8.780904 1.215473 -84.026215
17.610308 58.509594 7.940482 1.214257 -84.042191
17.620308 58.521725 7.099901 1.213043 -84.058151
17.630308 58.533844 6.259160 1.211830 -84.074097
17.640308 58.545952 5.418260 1.210618 -84.090019
17.650309 58.558044 4.577200 1.209408 -84.105927
17.660309 58.570126 3.735982 1.208198 -84.121819
17.670309 58.582195 2.894605 1.206990 -84.137695
17.680309 58.594254 2.053070 1.205783 -84.153557
17.690310 58.606300 1.211376 1.204577 -84.169403
17.700310 58.618336 .369523 1.203373 -84.185234
