.000000 .000000 1000.000000 7.071068 7.071068
.010000 .070640 1000.069641 7.063997 6.963997
.020000 .141209 1000.138184 7.056933 6.857033
.030000 .211708 1000.205688 7.049876 6.750176
.040000 .282136 1000.272095 7.042826 6.643426
.050000 .352494 1000.337463 7.035783 6.536783
.060000 .422782 1000.401794 7.028748 6.430246
.070000 .492999 1000.465027 7.021719 6.323816
.080000 .563146 1000.527222 7.014697 6.217492
.090000 .633223 1000.588318 7.007682 6.111275
.100000 .703229 1000.648376 7.000675 6.005164
.110000 .773166 1000.707397 6.993674 5.899158
.120000 .843033 1000.765320 6.986681 5.793259
.130000 .912830 1000.822205 6.979694 5.687466
.140000 .982557 1000.878052 6.972714 5.581778
.150000 1.052214 1000.932800 6.965742 5.476196
.160000 1.121802 1000.986511 6.958776 5.370720
.170000 1.191320 1001.039185 6.951817 5.265349
.180000 1.260769 1001.090759 6.944865 5.160084
.190000 1.330148 1001.141296 6.937921 5.054924
.200000 1.399458 1001.190796 6.930983 4.949869
.210000 1.468699 1001.239258 6.924052 4.844919
.220000 1.537870 1001.286682 6.917128 4.740074
.230000 1.606972 1001.333008 6.910211 4.635334
.240000 1.676005 1001.378296 6.903300 4.530699
.250000 1.744969 1001.422546 6.896397 4.426168
.260000 1.813864 1001.465759 6.889501 4.321742
.270000 1.882690 1001.507935 6.882611 4.217420
.280000 1.951447 1001.549072 6.875729 4.113202
.290000 2.020136 1001.589172 6.868853 4.009089
.300000 2.088756 1001.628235 6.861984 3.905080
.310000 2.157307 1001.666260 6.855122 3.801175
.320000 2.225790 1001.703247 6.848267 3.697374
.330000 2.294204 1001.739197 6.841419 3.593676
.340000 2.362550 1001.774109 6.834578 3.490083
.350000 2.430827 1001.807983 6.827743 3.386593
.360000 2.499036 1001.840820 6.820915 3.283206
.370000 2.567177 1001.872620 6.814095 3.179923
.380000 2.635250 1001.903381 6.807281 3.076743
.390000 2.703255 1001.933105 6.800473 2.973666
.400000 2.771191 1001.961792 6.793673 2.870692
.410000 2.839060 1001.989441 6.786879 2.767822
.420000 2.906861 1002.016113 6.780092 2.665054
.430000 2.974594 1002.041748 6.773312 2.562389
.440000 3.042259 1002.066345 6.766539 2.459827
.450000 3.109857 1002.089905 6.759772 2.357367
.460000 3.177387 1002.112427 6.753013 2.255009
.470000 3.244850 1002.133972 6.746260 2.152754
.480000 3.312245 1002.154480 6.739513 2.050601
.490000 3.379573 1002.173950 6.732774 1.948551
.500000 3.446833 1002.192444 6.726041 1.846602
.510000 3.514026 1002.209900 6.719315 1.744756
.520000 3.581152 1002.226318 6.712595 1.643011
.530000 3.648211 1002.241760 6.705883 1.541368
.540000 3.715203 1002.256165 6.699177 1.439827
.550000 3.782128 1002.269531 6.692478 1.338387
.560000 3.848986 1002.281921 6.685786 1.237049
.570000 3.915777 1002.293274 6.679100 1.135811
.580000 3.982501 1002.303650 6.672421 1.034676
.590000 4.049159 1002.312988 6.665749 .933641
.600000 4.115749 1002.321289 6.659083 .832707
.610000 4.182273 1002.328613 6.652424 .731875
.620000 4.248731 1002.334900 6.645772 .631143
.630000 4.315123 1002.340210 6.639126 .530512
.640000 4.381447 1002.344482 6.632487 .429981
.650000 4.447706 1002.347778 6.625854 .329551
.660000 4.513898 1002.350098 6.619229 .229222
.670000 4.580024 1002.351379 6.612609 .128992
.680000 4.646084 1002.351685 6.605997 .028863
.690000 4.712078 1002.350952 6.599391 -.071166
.700000 4.778006 1002.349243 6.592791 -.171094
.710000 4.843868 1002.346558 6.586198 -.270923
.720000 4.909664 1002.342834 6.579612 -.370652
.730000 4.975394 1002.338135 6.573033 -.470282
.740000 5.041059 1002.332458 6.566460 -.569811
.750000 5.106658 1002.325745 6.559893 -.669242
.760000 5.172191 1002.318054 6.553333 -.768572
.770000 5.237659 1002.309387 6.546780 -.867804
.780000 5.303061 1002.299744 6.540233 -.966936
.790000 5.368398 1002.289062 6.533693 -1.065969
.800000 5.433669 1002.277405 6.527159 -1.164903
.810000 5.498876 1002.264771 6.520632 -1.263738
.820000 5.564017 1002.251160 6.514112 -1.362474
.830000 5.629093 1002.236572 6.507597 -1.461112
.839999 5.694104 1002.220947 6.501090 -1.559651
.849999 5.759049 1002.204346 6.494589 -1.658091
.859999 5.823930 1002.186768 6.488094 -1.756433
.869999 5.888746 1002.168213 6.481606 -1.854677
.879999 5.953497 1002.148682 6.475124 -1.952822
.889999 6.018184 1002.128174 6.468649 -2.050869
.899999 6.082806 1002.106689 6.462181 -2.148818
.909999 6.147363 1002.084229 6.455719 -2.246670
.919999 6.211855 1002.060791 6.449263 -2.344423
.929999 6.276284 1002.036377 6.442813 -2.442079
.939999 6.340647 1002.010986 6.436370 -2.539637
.949999 6.404946 1001.984619 6.429934 -2.637097
.959999 6.469182 1001.957275 6.423504 -2.734460
.969999 6.533352 1001.928955 6.417080 -2.831725
.979999 6.597459 1001.899658 6.410663 -2.928894
.989999 6.661501 1001.869385 6.404253 -3.025965
.999999 6.725480 1001.838135 6.397848 -3.122939
1.009999 6.789394 1001.805908 6.391450 -3.219816
1.019999 6.853245 1001.772766 6.385059 -3.316596
1.029999 6.917031 1001.738647 6.378674 -3.413280
1.039999 6.980754 1001.703552 6.372295 -3.509866
1.049999 7.044414 1001.667480 6.365923 -3.606356
1.059999 7.108009 1001.630432 6.359557 -3.702750
1.069999 7.171541 1001.592468 6.353198 -3.799047
1.079999 7.235010 1001.553528 6.346844 -3.895248
1.089999 7.298415 1001.513611 6.340497 -3.991353
1.099999 7.361756 1001.472717 6.334157 -4.087362
1.109999 7.425035 1001.430908 6.327823 -4.183274
1.119999 7.488249 1001.388123 6.321495 -4.279091
1.129999 7.551401 1001.344360 6.315174 -4.374812
1.139999 7.614490 1001.299683 6.308858 -4.470437
1.149999 7.677515 1001.254028 6.302549 -4.565967
1.159999 7.740478 1001.207397 6.296247 -4.661401
1.169999 7.803377 1001.159851 6.289951 -4.756740
1.179999 7.866214 1001.111328 6.283661 -4.851983
1.189999 7.928988 1001.061829 6.277377 -4.947131
1.199999 7.991698 1001.011414 6.271100 -5.042184
1.209999 8.054346 1000.960022 6.264829 -5.137142
1.219999 8.116932 1000.907715 6.258564 -5.232005
1.229999 8.179455 1000.854431 6.252306 -5.326773
1.239999 8.241916 1000.800232 6.246053 -5.421446
1.249999 8.304314 1000.745056 6.239807 -5.516025
1.259999 8.366650 1000.688965 6.233567 -5.610508
1.269999 8.428923 1000.631897 6.227334 -5.704898
1.279999 8.491134 1000.573914 6.221106 -5.799193
1.289999 8.553283 1000.514954 6.214885 -5.893394
1.299999 8.615370 1000.455078 6.208670 -5.987500
1.309999 8.677395 1000.394287 6.202461 -6.081512
1.319999 8.739357 1000.332520 6.196258 -6.175431
1.329999 8.801258 1000.269836 6.190062 -6.269255
1.339999 8.863097 1000.206177 6.183872 -6.362986
1.349999 8.924874 1000.141602 6.177688 -6.456623
1.359999 8.986589 1000.076111 6.171510 -6.550167
1.369999 9.048243 1000.009705 6.165338 -6.643617
1.379999 9.109835 999.942322 6.159173 -6.736973
1.389999 9.171365 999.874023 6.153013 -6.830236
1.399999 9.232834 999.804810 6.146860 -6.923406
1.409999 9.294241 999.734619 6.140713 -7.016483
1.419999 9.355587 999.663513 6.134573 -7.109467
1.429999 9.416871 999.591492 6.128438 -7.202357
1.439999 9.478094 999.518555 6.122310 -7.295155
1.449999 9.539256 999.444702 6.116188 -7.387860
1.459999 9.600357 999.369873 6.110071 -7.480472
1.469999 9.661397 999.294128 6.103961 -7.572992
1.479999 9.722376 999.217468 6.097857 -7.665419
1.489999 9.783294 999.139893 6.091759 -7.757753
1.499999 9.844151 999.061401 6.085668 -7.849996
1.509999 9.904946 998.981995 6.079582 -7.942146
1.519999 9.965681 998.901672 6.073502 -8.034204
1.529999 10.026356 998.820435 6.067429 -8.126169
1.539999 10.086969 998.738281 6.061361 -8.218043
1.549999 10.147522 998.655212 6.055300 -8.309825
1.559999 10.208014 998.571167 6.049244 -8.401515
1.569999 10.268446 998.486206 6.043195 -8.493114
1.579999 10.328817 998.400330 6.037152 -8.584620
1.589999 10.389129 998.313599 6.031115 -8.676036
1.599999 10.449380 998.225952 6.025084 -8.767360
1.609999 10.509570 998.137390 6.019059 -8.858592
1.619999 10.569700 998.047913 6.013040 -8.949734
1.629999 10.629770 997.957520 6.007027 -9.040784
1.639999 10.689780 997.866211 6.001019 -9.131743
1.649999 10.749730 997.773987 5.995018 -9.222611
1.659999 10.809620 997.680847 5.989024 -9.313389
1.669999 10.869451 997.586792 5.983035 -9.404076
1.679999 10.929221 997.491821 5.977052 -9.494672
1.689999 10.988932 997.395996 5.971075 -9.585177
1.699999 11.048583 997.299255 5.965104 -9.675592
1.709999 11.108174 997.201599 5.959138 -9.765917
1.719999 11.167706 997.103027 5.953179 -9.856151
1.729999 11.227179 997.003540 5.947226 -9.946295
1.739999 11.286592 996.903198 5.941279 -10.036348
1.749999 11.345945 996.801941 5.935338 -10.126312
1.759999 11.405239 996.699768 5.929402 -10.216186
1.769999 11.464474 996.596680 5.923473 -10.305969
1.779999 11.523649 996.492737 5.917550 -10.395663
1.789999 11.582766 996.387878 5.911632 -10.485268
1.799999 11.641823 996.282104 5.905720 -10.574782
1.809999 11.700821 996.175476 5.899815 -10.664207
1.819999 11.759760 996.067932 5.893915 -10.753543
1.829999 11.818640 995.959534 5.888021 -10.842790
1.839999 11.877461 995.850220 5.882133 -10.931947
1.849999 11.936224 995.739990 5.876251 -11.021015
1.859999 11.994927 995.628906 5.870375 -11.109994
1.869999 12.053573 995.516907 5.864504 -11.198884
1.879999 12.112159 995.404053 5.858640 -11.287685
1.889999 12.170687 995.290283 5.852781 -11.376398
1.899999 12.229156 995.175659 5.846929 -11.465022
1.909999 12.287566 995.060120 5.841082 -11.553557
1.919999 12.345919 994.943726 5.835240 -11.642004
1.929999 12.404213 994.826416 5.829405 -11.730362
1.939999 12.462449 994.708252 5.823576 -11.818631
1.949998 12.520627 994.589172 5.817752 -11.906813
1.959998 12.578747 994.469238 5.811934 -11.994905
1.969998 12.636808 994.348389 5.806122 -12.082911
1.979998 12.694812 994.226685 5.800316 -12.170828
1.989998 12.752757 994.104126 5.794516 -12.258657
1.999998 12.810644 993.980652 5.788722 -12.346398
2.009999 12.868473 993.856323 5.782933 -12.434052
2.019999 12.926245 993.731079 5.777150 -12.521618
2.029999 12.983958 993.604980 5.771372 -12.609097
2.039999 13.041615 993.478027 5.765601 -12.696487
2.049999 13.099213 993.350220 5.759836 -12.783791
2.059999 13.156754 993.221497 5.754076 -12.871007
2.069999 13.214237 993.091919 5.748322 -12.958136
2.079998 13.271663 992.961487 5.742574 -13.045177
2.089998 13.329031 992.830139 5.736831 -13.132133
2.099998 13.386342 992.697937 5.731094 -13.219001
2.109998 13.443596 992.564880 5.725363 -13.305781
2.119998 13.500793 992.430969 5.719638 -13.392475
2.129998 13.557932 992.296204 5.713918 -13.479083
2.139998 13.615014 992.160522 5.708204 -13.565604
2.149998 13.672039 992.023987 5.702496 -13.652039
2.159998 13.729007 991.886597 5.696794 -13.738386
2.169998 13.785917 991.748352 5.691097 -13.824648
2.179998 13.842772 991.609253 5.685406 -13.910823
2.189998 13.899569 991.469299 5.679720 -13.996912
2.199998 13.956309 991.328491 5.674041 -14.082915
2.209998 14.012993 991.186829 5.668367 -14.168833
2.219998 14.069620 991.044312 5.662699 -14.254663
2.229998 14.126190 990.900879 5.657036 -14.340408
2.239998 14.182704 990.756592 5.651379 -14.426068
2.249998 14.239161 990.611450 5.645727 -14.511642
2.259998 14.295563 990.465454 5.640081 -14.597131
2.269998 14.351907 990.318604 5.634441 -14.682533
2.279998 14.408195 990.170898 5.628807 -14.767851
2.289998 14.464426 990.022339 5.623178 -14.853083
2.299998 14.520601 989.872986 5.617555 -14.938230
2.309998 14.576720 989.722778 5.611938 -15.023292
2.319998 14.632784 989.571716 5.606326 -15.108269
2.329998 14.688791 989.419800 5.600719 -15.193160
2.339998 14.744742 989.267029 5.595119 -15.277966
2.349998 14.800637 989.113403 5.589523 -15.362688
2.359998 14.856477 988.958923 5.583934 -15.447326
2.369998 14.912260 988.803589 5.578350 -15.531878
2.379998 14.967988 988.647400 5.572772 -15.616346
2.389998 15.023660 988.490417 5.567199 -15.700730
2.399998 15.079276 988.332581 5.561632 -15.785029
2.409998 15.134837 988.173889 5.556070 -15.869245
2.419998 15.190342 988.014343 5.550514 -15.953375
2.429998 15.245791 987.853943 5.544963 -16.037422
2.439998 15.301186 987.692749 5.539418 -16.121386
2.449998 15.356524 987.530701 5.533879 -16.205265
2.459998 15.411808 987.367798 5.528345 -16.289061
2.469998 15.467036 987.204041 5.522817 -16.372772
2.479998 15.522209 987.039490 5.517294 -16.456400
2.489998 15.577327 986.874084 5.511776 -16.539944
2.499998 15.632389 986.707825 5.506265 -16.623404
2.509998 15.687397 986.540771 5.500759 -16.706779
2.519998 15.742350 986.372864 5.495258 -16.790073
2.529998 15.797247 986.204102 5.489763 -16.873283
2.539998 15.852090 986.034546 5.484273 -16.956409
2.549998 15.906878 985.864136 5.478789 -17.039454
2.559998 15.961611 985.692932 5.473310 -17.122414
2.569998 16.016289 985.520874 5.467837 -17.205292
2.579998 16.070913 985.348022 5.462369 -17.288086
2.589998 16.125483 985.174316 5.456907 -17.370798
2.599998 16.179996 984.999756 5.451450 -17.453426
2.609998 16.234457 984.824402 5.445998 -17.535973
2.619998 16.288862 984.648193 5.440552 -17.618437
2.629998 16.343214 984.471191 5.435112 -17.700819
2.639998 16.397511 984.293335 5.429677 -17.783117
2.649998 16.451754 984.114685 5.424247 -17.865334
2.659998 16.505941 983.935181 5.418823 -17.947468
2.669998 16.560076 983.754883 5.413404 -18.029520
2.679998 16.614155 983.573792 5.407990 -18.111490
2.689998 16.668180 983.391846 5.402583 -18.193378
2.699998 16.722153 983.209106 5.397180 -18.275185
2.709998 16.776070 983.025513 5.391783 -18.356909
2.719998 16.829933 982.841125 5.386391 -18.438551
2.729998 16.883743 982.655945 5.381005 -18.520113
2.739998 16.937500 982.469910 5.375624 -18.601593
2.749998 16.991203 982.283081 5.370248 -18.682991
2.759998 17.044851 982.095459 5.364878 -18.764309
2.769998 17.098446 981.906982 5.359513 -18.845545
2.779998 17.151987 981.717712 5.354153 -18.926699
2.789998 17.205475 981.527649 5.348799 -19.007772
2.799998 17.258909 981.336731 5.343451 -19.088764
2.809998 17.312290 981.145020 5.338107 -19.169676
2.819998 17.365618 980.952515 5.332769 -19.250505
2.829998 17.418892 980.759216 5.327436 -19.331255
2.839998 17.472113 980.565125 5.322109 -19.411924
2.849998 17.525280 980.370178 5.316787 -19.492512
2.859998 17.578394 980.174438 5.311470 -19.573019
2.869998 17.631456 979.977905 5.306159 -19.653446
2.879998 17.684465 979.780579 5.300852 -19.733793
2.889998 17.737421 979.582458 5.295551 -19.814060
2.899998 17.790323 979.383545 5.290256 -19.894247
2.909998 17.843172 979.183777 5.284966 -19.974352
2.919998 17.895969 978.983215 5.279681 -20.054377
2.929998 17.948713 978.781860 5.274401 -20.134323
2.939998 18.001404 978.579712 5.269127 -20.214190
2.949998 18.054043 978.376770 5.263858 -20.293976
2.959998 18.106628 978.173035 5.258594 -20.373682
2.969998 18.159163 977.968506 5.253335 -20.453308
2.979998 18.211643 977.763184 5.248082 -20.532854
2.989998 18.264072 977.557068 5.242834 -20.612322
2.999998 18.316448 977.350159 5.237591 -20.691710
3.009998 18.368773 977.142456 5.232354 -20.771017
3.019998 18.421043 976.933960 5.227121 -20.850246
3.029998 18.473263 976.724670 5.221894 -20.929396
3.039998 18.525429 976.514587 5.216672 -21.008467
3.049998 18.577543 976.303711 5.211456 -21.087458
3.059998 18.629606 976.092041 5.206244 -21.166370
3.069998 18.681616 975.879578 5.201038 -21.245205
3.079998 18.733574 975.666321 5.195837 -21.323959
3.089998 18.785480 975.452271 5.190642 -21.402636
3.099998 18.837336 975.237488 5.185451 -21.481234
3.109998 18.889139 975.021912 5.180265 -21.559752
3.119998 18.940889 974.805542 5.175085 -21.638191
3.129997 18.992588 974.588379 5.169910 -21.716553
3.139997 19.044235 974.370422 5.164740 -21.794836
3.149997 19.095831 974.151672 5.159575 -21.873041
3.159997 19.147375 973.932190 5.154416 -21.951168
3.169997 19.198868 973.711914 5.149261 -22.029217
3.179997 19.250309 973.490845 5.144112 -22.107187
3.189997 19.301699 973.268982 5.138968 -22.185080
3.199997 19.353037 973.046326 5.133829 -22.262894
3.209997 19.404324 972.822937 5.128695 -22.340631
3.219997 19.455559 972.598755 5.123567 -22.418291
3.229997 19.506742 972.373779 5.118443 -22.495872
3.239997 19.557877 972.148071 5.113325 -22.573376
3.249997 19.608959 971.921570 5.108212 -22.650803
3.259997 19.659990 971.694275 5.103103 -22.728151
3.269997 19.710970 971.466248 5.098000 -22.805424
3.279997 19.761898 971.237427 5.092902 -22.882618
3.289997 19.812777 971.007812 5.087809 -22.959736
3.299997 19.863604 970.777466 5.082721 -23.036776
3.309997 19.914379 970.546326 5.077639 -23.113739
3.319997 19.965105 970.314392 5.072561 -23.190626
3.329997 20.015779 970.081726 5.067488 -23.267435
3.339997 20.066404 969.848267 5.062421 -23.344168
3.349997 20.116978 969.614075 5.057358 -23.420824
3.359997 20.167501 969.379089 5.052301 -23.497404
3.369997 20.217974 969.143372 5.047249 -23.573906
3.379997 20.268396 968.906860 5.042202 -23.650331
3.389997 20.318768 968.669617 5.037159 -23.726681
3.399997 20.369089 968.431580 5.032122 -23.802954
3.409997 20.419359 968.192810 5.027090 -23.879150
3.419997 20.469580 967.953247 5.022063 -23.955271
3.429997 20.519751 967.712952 5.017041 -24.031315
3.439997 20.569870 967.471863 5.012024 -24.107283
3.449997 20.619940 967.230042 5.007012 -24.183176
3.459997 20.669960 966.987427 5.002005 -24.258993
3.469997 20.719931 966.744080 4.997003 -24.334734
3.479997 20.769850 966.500000 4.992006 -24.410398
3.489997 20.819719 966.255127 4.987014 -24.485989
3.499997 20.869539 966.009521 4.982027 -24.561502
3.509997 20.919310 965.763123 4.977045 -24.636940
3.519997 20.969030 965.515991 4.972068 -24.712303
3.529997 21.018702 965.268127 4.967096 -24.787590
3.539997 21.068323 965.019470 4.962129 -24.862803
3.549997 21.117895 964.770081 4.957167 -24.937941
3.559997 21.167418 964.519958 4.952209 -25.013002
3.569997 21.216890 964.269104 4.947257 -25.087990
3.579997 21.266314 964.017456 4.942310 -25.162901
3.589997 21.315687 963.765076 4.937367 -25.237738
3.599997 21.365011 963.511963 4.932430 -25.312500
3.609997 21.414286 963.258118 4.927498 -25.387188
3.619997 21.463511 963.003479 4.922570 -25.461802
3.629997 21.512688 962.748108 4.917648 -25.536339
3.639997 21.561815 962.492004 4.912730 -25.610802
3.649997 21.610893 962.235168 4.907817 -25.685190
3.659997 21.659922 961.977600 4.902910 -25.759504
3.669997 21.708902 961.719238 4.898007 -25.833744
3.679997 21.757833 961.460144 4.893109 -25.907909
3.689997 21.806715 961.200317 4.888216 -25.982002
3.699997 21.855549 960.939758 4.883327 -26.056021
3.709997 21.904333 960.678467 4.878444 -26.129965
3.719997 21.953070 960.416443 4.873566 -26.203835
3.729997 22.001757 960.153687 4.868692 -26.277630
3.739997 22.050394 959.890198 4.863823 -26.351353
3.749997 22.098984 959.625977 4.858960 -26.425001
3.759997 22.147524 959.360962 4.854101 -26.498575
3.769997 22.196016 959.095215 4.849247 -26.572077
3.779997 22.244461 958.828735 4.844397 -26.645504
3.789997 22.292856 958.561523 4.839553 -26.718859
3.799997 22.341204 958.293579 4.834713 -26.792139
3.809997 22.389502 958.024902 4.829879 -26.865347
3.819997 22.437752 957.755493 4.825049 -26.938482
3.829997 22.485954 957.485352 4.820224 -27.011543
3.839997 22.534109 957.214478 4.815403 -27.084532
3.849997 22.582214 956.942932 4.810588 -27.157448
3.859997 22.630272 956.670654 4.805777 -27.230289
3.869997 22.678282 956.397644 4.800972 -27.303059
3.879997 22.726244 956.123901 4.796171 -27.375755
3.889997 22.774158 955.849426 4.791375 -27.448380
3.899997 22.822023 955.574219 4.786583 -27.520931
3.909997 22.869841 955.298279 4.781797 -27.593410
3.919997 22.917610 955.021606 4.777015 -27.665817
3.929997 22.965332 954.744202 4.772238 -27.738152
3.939997 23.013006 954.466125 4.767466 -27.810413
3.949997 23.060633 954.187317 4.762699 -27.882603
3.959997 23.108212 953.907776 4.757936 -27.954720
3.969997 23.155743 953.627502 4.753178 -28.026764
3.979997 23.203226 953.346497 4.748425 -28.098738
3.989997 23.250664 953.064819 4.743677 -28.170639
3.999997 23.298054 952.782410 4.738933 -28.242468
4.009997 23.345396 952.499268 4.734194 -28.314226
4.019997 23.392691 952.215393 4.729460 -28.385912
4.029997 23.439938 951.930847 4.724731 -28.457525
4.039998 23.487137 951.645569 4.720006 -28.529068
4.049998 23.534290 951.359558 4.715286 -28.600538
4.059998 23.581396 951.072815 4.710571 -28.671938
4.069998 23.628454 950.785400 4.705860 -28.743265
4.079998 23.675467 950.497253 4.701154 -28.814522
4.089999 23.722431 950.208374 4.696453 -28.885708
4.099999 23.769348 949.918823 4.691757 -28.956821
4.109999 23.816219 949.628540 4.687065 -29.027864
4.119999 23.863043 949.337524 4.682378 -29.098837
4.130000 23.909821 949.045837 4.677696 -29.169739
4.140000 23.956551 948.753418 4.673018 -29.240568
4.150000 24.003235 948.460327 4.668345 -29.311327
4.160000 24.049871 948.166504 4.663677 -29.382015
4.170001 24.096462 947.871948 4.659013 -29.452633
4.180001 24.143005 947.576721 4.654354 -29.523180
4.190001 24.189503 947.280762 4.649700 -29.593657
4.200001 24.235952 946.984131 4.645050 -29.664062
4.210001 24.282356 946.686768 4.640405 -29.734398
4.220002 24.328714 946.388733 4.635765 -29.804663
4.230002 24.375025 946.089966 4.631129 -29.874859
4.240002 24.421289 945.790527 4.626498 -29.944984
4.250002 24.467508 945.490356 4.621871 -30.015039
4.260003 24.513681 945.189514 4.617249 -30.085024
4.270003 24.559807 944.887939 4.612632 -30.154940
4.280003 24.605886 944.585693 4.608020 -30.224785
4.290003 24.651920 944.282776 4.603412 -30.294559
4.300004 24.697908 943.979126 4.598808 -30.364265
4.310004 24.743851 943.674805 4.594210 -30.433901
4.320004 24.789747 943.369751 4.589615 -30.503468
4.330004 24.835598 943.064026 4.585026 -30.572964
4.340004 24.881403 942.757629 4.580441 -30.642391
4.350005 24.927162 942.450500 4.575861 -30.711748
4.360005 24.972876 942.142700 4.571285 -30.781036
4.370005 25.018543 941.834167 4.566713 -30.850256
4.380005 25.064165 941.524963 4.562147 -30.919405
4.390006 25.109741 941.215088 4.557584 -30.988485
4.400006 25.155272 940.904541 4.553027 -31.057497
4.410006 25.200756 940.593262 4.548474 -31.126440
4.420006 25.246195 940.281311 4.543925 -31.195314
4.430007 25.291588 939.968689 4.539382 -31.264118
4.440007 25.336937 939.655334 4.534842 -31.332853
4.450007 25.382240 939.341309 4.530307 -31.401520
4.460007 25.427498 939.026611 4.525777 -31.470118
4.470007 25.472710 938.711243 4.521251 -31.538647
4.480008 25.517878 938.395142 4.516730 -31.607107
4.490008 25.563000 938.078369 4.512213 -31.675501
4.500008 25.608076 937.760925 4.507701 -31.743826
4.510008 25.653109 937.442810 4.503193 -31.812082
4.520009 25.698095 937.124023 4.498690 -31.880270
4.530009 25.743038 936.804565 4.494192 -31.948389
4.540009 25.787935 936.484375 4.489697 -32.016441
4.550009 25.832787 936.163513 4.485208 -32.084423
4.560009 25.877594 935.841980 4.480722 -32.152340
4.570010 25.922356 935.519775 4.476242 -32.220188
4.580010 25.967073 935.196899 4.471766 -32.287968
4.590010 26.011745 934.873352 4.467294 -32.355679
4.600010 26.056374 934.549133 4.462826 -32.423325
4.610011 26.100958 934.224243 4.458364 -32.490902
4.620011 26.145496 933.898682 4.453905 -32.558411
4.630011 26.189991 933.572449 4.449451 -32.625851
4.640011 26.234442 933.245544 4.445002 -32.693226
4.650012 26.278847 932.917969 4.440557 -32.760532
4.660012 26.323208 932.589661 4.436116 -32.827770
4.670012 26.367525 932.260681 4.431680 -32.894943
4.680012 26.411798 931.931030 4.427248 -32.962048
4.690012 26.456026 931.600769 4.422821 -33.029087
4.700013 26.500210 931.269836 4.418398 -33.096058
4.710013 26.544350 930.938232 4.413980 -33.162960
4.720013 26.588446 930.605957 4.409565 -33.229797
4.730013 26.632498 930.273010 4.405156 -33.296566
4.740014 26.676506 929.939392 4.400751 -33.363270
4.750014 26.720470 929.605103 4.396350 -33.429905
4.760014 26.764389 929.270142 4.391953 -33.496475
4.770014 26.808264 928.934509 4.387561 -33.562981
4.780015 26.852095 928.598206 4.383174 -33.629417
4.790015 26.895882 928.261230 4.378791 -33.695789
4.800015 26.939627 927.923584 4.374412 -33.762093
4.810015 26.983328 927.585327 4.370038 -33.828331
4.820015 27.026985 927.246399 4.365667 -33.894505
4.830016 27.070599 926.906799 4.361302 -33.960609
4.840016 27.114168 926.566528 4.356941 -34.026649
4.850016 27.157694 926.225586 4.352584 -34.092625
4.860016 27.201176 925.883972 4.348231 -34.158531
4.870017 27.244614 925.541748 4.343883 -34.224373
4.880017 27.288010 925.198853 4.339539 -34.290150
4.890017 27.331362 924.855286 4.335199 -34.355858
4.900017 27.374670 924.511047 4.330864 -34.421501
4.910017 27.417934 924.166199 4.326533 -34.487080
4.920018 27.461157 923.820679 4.322207 -34.552593
4.930018 27.504335 923.474487 4.317885 -34.618042
4.940018 27.547472 923.127625 4.313567 -34.683422
4.950018 27.590565 922.780151 4.309254 -34.748737
4.960019 27.633614 922.432007 4.304945 -34.813988
4.970019 27.676620 922.083191 4.300640 -34.879173
4.980019 27.719584 921.733765 4.296339 -34.944294
4.990019 27.762505 921.383667 4.292043 -35.009350
5.000020 27.805382 921.032898 4.287751 -35.074341
5.010020 27.848217 920.681519 4.283463 -35.139267
5.020020 27.891008 920.329468 4.279180 -35.204128
5.030020 27.933758 919.976807 4.274900 -35.268925
5.040020 27.976463 919.623474 4.270626 -35.333656
5.050021 28.019127 919.269470 4.266355 -35.398323
5.060021 28.061749 918.914856 4.262089 -35.462925
5.070021 28.104326 918.559570 4.257827 -35.527462
5.080021 28.146862 918.203674 4.253569 -35.591934
5.090022 28.189356 917.847107 4.249316 -35.656342
5.100022 28.231806 917.489929 4.245067 -35.720684
5.110022 28.274214 917.132080 4.240821 -35.784962
5.120022 28.316580 916.773560 4.236580 -35.849178
5.130023 28.358904 916.414429 4.232344 -35.913330
5.140023 28.401184 916.054626 4.228111 -35.977417
5.150023 28.443422 915.694214 4.223883 -36.041439
5.160023 28.485619 915.333130 4.219659 -36.105396
5.170023 28.527773 914.971436 4.215440 -36.169292
5.180024 28.569885 914.609131 4.211225 -36.233124
5.190024 28.611956 914.246155 4.207013 -36.296890
5.200024 28.653984 913.882568 4.202806 -36.360592
5.210024 28.695971 913.518311 4.198603 -36.424232
5.220025 28.737915 913.153442 4.194405 -36.487808
5.230025 28.779818 912.787903 4.190210 -36.551319
5.240025 28.821678 912.421753 4.186020 -36.614769
5.250025 28.863497 912.054993 4.181834 -36.678154
5.260026 28.905273 911.687561 4.177652 -36.741474
5.270026 28.947008 911.319519 4.173474 -36.804733
5.280026 28.988701 910.950867 4.169301 -36.867928
5.290026 29.030352 910.581543 4.165132 -36.931061
5.300026 29.071960 910.211609 4.160966 -36.994129
5.310027 29.113529 909.841064 4.156806 -37.057137
5.320027 29.155056 909.469849 4.152649 -37.120079
5.330027 29.196541 909.098022 4.148496 -37.182961
5.340027 29.237984 908.725586 4.144348 -37.245777
5.350028 29.279387 908.352478 4.140203 -37.308533
5.360028 29.320747 907.978760 4.136063 -37.371223
5.370028 29.362066 907.604431 4.131927 -37.433853
5.380028 29.403345 907.229492 4.127795 -37.496418
5.390028 29.444582 906.853882 4.123667 -37.558922
5.400029 29.485777 906.477661 4.119544 -37.621365
5.410029 29.526932 906.100830 4.115424 -37.683743
5.420029 29.568045 905.723389 4.111309 -37.746059
5.430029 29.609118 905.345276 4.107197 -37.808311
5.440030 29.650148 904.966553 4.103090 -37.870502
5.450030 29.691137 904.587219 4.098987 -37.932632
5.460030 29.732086 904.207275 4.094888 -37.994701
5.470030 29.772995 903.826721 4.090793 -38.056705
5.480031 29.813862 903.445557 4.086702 -38.118649
5.490031 29.854689 903.063782 4.082616 -38.180531
5.500031 29.895473 902.681335 4.078533 -38.242352
5.510031 29.936218 902.298279 4.074455 -38.304108
5.520031 29.976923 901.914612 4.070380 -38.365803
5.530032 30.017586 901.530334 4.066310 -38.427437
5.540032 30.058208 901.145447 4.062243 -38.489010
5.550032 30.098791 900.759949 4.058181 -38.550522
5.560032 30.139332 900.373840 4.054123 -38.611973
5.570033 30.179832 899.987122 4.050069 -38.673363
5.580033 30.220293 899.599792 4.046019 -38.734688
5.590033 30.260714 899.211853 4.041973 -38.795952
5.600033 30.301092 898.823303 4.037930 -38.857155
5.610034 30.341431 898.434143 4.033893 -38.918297
5.620034 30.381729 898.044373 4.029859 -38.979378
5.630034 30.421988 897.653992 4.025829 -39.040398
5.640034 30.462206 897.263000 4.021803 -39.101357
5.650034 30.502384 896.871399 4.017781 -39.162254
5.660035 30.542522 896.479187 4.013763 -39.223091
5.670035 30.582621 896.086365 4.009750 -39.283867
5.680035 30.622679 895.692932 4.005740 -39.344582
5.690035 30.662697 895.298889 4.001734 -39.405235
5.700036 30.702675 894.904236 3.997733 -39.465832
5.710036 30.742613 894.508972 3.993735 -39.526367
5.720036 30.782511 894.113098 3.989741 -39.586842
5.730036 30.822369 893.716614 3.985751 -39.647255
5.740036 30.862186 893.319519 3.981766 -39.707607
5.750037 30.901964 892.921814 3.977784 -39.767899
5.760037 30.941702 892.523560 3.973806 -39.828129
5.770037 30.981400 892.124695 3.969832 -39.888302
5.780037 31.021059 891.725220 3.965863 -39.948414
5.790038 31.060678 891.325134 3.961897 -40.008465
5.800038 31.100258 890.924438 3.957935 -40.068455
5.810038 31.139797 890.523132 3.953977 -40.128387
5.820038 31.179296 890.121277 3.950023 -40.188259
5.830039 31.218758 889.718811 3.946073 -40.248070
5.840039 31.258179 889.315735 3.942127 -40.307823
5.850039 31.297560 888.912048 3.938185 -40.367516
5.860039 31.336903 888.507751 3.934247 -40.427147
5.870039 31.376205 888.102905 3.930312 -40.486721
5.880040 31.415470 887.697449 3.926382 -40.546234
5.890040 31.454695 887.291382 3.922456 -40.605686
5.900040 31.493879 886.884705 3.918533 -40.665081
5.910040 31.533026 886.477478 3.914615 -40.724415
5.920041 31.572132 886.069641 3.910700 -40.783691
5.930041 31.611200 885.661194 3.906789 -40.842907
5.940041 31.650229 885.252197 3.902883 -40.902065
5.950041 31.689219 884.842590 3.898980 -40.961163
5.960042 31.728168 884.432373 3.895081 -41.020203
5.970042 31.767080 884.021606 3.891186 -41.079182
5.980042 31.805954 883.610229 3.887294 -41.138103
5.990042 31.844788 883.198242 3.883407 -41.196964
6.000042 31.883583 882.785706 3.879524 -41.255768
6.010043 31.922340 882.372559 3.875644 -41.314510
6.020043 31.961058 881.958801 3.871768 -41.373196
6.030043 31.999737 881.544495 3.867897 -41.431824
6.040043 32.038376 881.129578 3.864029 -41.490391
6.050044 32.076977 880.714111 3.860165 -41.548901
6.060044 32.115540 880.298035 3.856305 -41.607353
6.070044 32.154064 879.881348 3.852448 -41.665745
6.080044 32.192551 879.464111 3.848596 -41.724079
6.090044 32.230999 879.046265 3.844747 -41.782356
6.100045 32.269409 878.627869 3.840903 -41.840572
6.110045 32.307781 878.208862 3.837062 -41.898731
6.120045 32.346115 877.789307 3.833225 -41.956833
6.130045 32.384411 877.369141 3.829391 -42.014877
6.140046 32.422665 876.948425 3.825562 -42.072861
6.150046 32.460880 876.527100 3.821736 -42.130787
6.160046 32.499058 876.105225 3.817914 -42.188656
6.170046 32.537197 875.682739 3.814096 -42.246468
6.180047 32.575298 875.259705 3.810282 -42.304222
6.190047 32.613361 874.836060 3.806472 -42.361919
6.200047 32.651386 874.411865 3.802666 -42.419556
6.210047 32.689373 873.987122 3.798863 -42.477135
6.220047 32.727325 873.561768 3.795064 -42.534657
6.230048 32.765240 873.135864 3.791269 -42.592121
6.240048 32.803116 872.709351 3.787477 -42.649529
6.250048 32.840954 872.282288 3.783690 -42.706879
6.260048 32.878754 871.854675 3.779906 -42.764172
6.270049 32.916515 871.426453 3.776126 -42.821407
6.280049 32.954239 870.997681 3.772350 -42.878586
6.290049 32.991924 870.568298 3.768578 -42.935707
6.300049 33.029572 870.138367 3.764809 -42.992771
6.310050 33.067181 869.707886 3.761045 -43.049778
6.320050 33.104752 869.276794 3.757283 -43.106728
6.330050 33.142288 868.845154 3.753526 -43.163620
6.340050 33.179787 868.412964 3.749773 -43.220455
6.350050 33.217247 867.980164 3.746023 -43.277233
6.360051 33.254669 867.546814 3.742277 -43.333958
6.370051 33.292053 867.112915 3.738535 -43.390625
6.380051 33.329403 866.678467 3.734796 -43.447235
6.390051 33.366714 866.243408 3.731061 -43.503788
6.400052 33.403988 865.807800 3.727330 -43.560284
6.410052 33.441223 865.371643 3.723603 -43.616722
6.420052 33.478420 864.934937 3.719879 -43.673107
6.430052 33.515583 864.497620 3.716159 -43.729435
6.440053 33.552708 864.059753 3.712443 -43.785706
6.450053 33.589794 863.621338 3.708731 -43.841919
6.460053 33.626842 863.182373 3.705022 -43.898079
6.470053 33.663857 862.742859 3.701317 -43.954182
6.480053 33.700832 862.302734 3.697616 -44.010227
6.490054 33.737770 861.862061 3.693918 -44.066216
6.500054 33.774673 861.420837 3.690224 -44.122150
6.510054 33.811539 860.979065 3.686534 -44.178028
6.520054 33.848366 860.536743 3.682847 -44.233849
6.530055 33.885159 860.093872 3.679165 -44.289616
6.540055 33.921913 859.650391 3.675485 -44.345325
6.550055 33.958630 859.206360 3.671810 -44.400982
6.560055 33.995312 858.761780 3.668138 -44.456581
6.570055 34.031956 858.316650 3.664470 -44.512123
6.580056 34.068565 857.870972 3.660805 -44.567612
6.590056 34.105137 857.424744 3.657145 -44.623043
6.600056 34.141670 856.977966 3.653487 -44.678421
6.610056 34.178169 856.530640 3.649834 -44.733742
6.620057 34.214630 856.082764 3.646184 -44.789009
6.630057 34.251057 855.634338 3.642538 -44.844219
6.640057 34.287445 855.185364 3.638895 -44.899376
6.650057 34.323799 854.735840 3.635256 -44.954475
6.660058 34.360115 854.285767 3.631621 -45.009521
6.670058 34.396397 853.835144 3.627990 -45.064510
6.680058 34.432640 853.383972 3.624362 -45.119446
6.690058 34.468849 852.932251 3.620737 -45.174328
6.700058 34.505020 852.479980 3.617116 -45.229153
6.710059 34.541157 852.027161 3.613499 -45.283924
6.720059 34.577255 851.573792 3.609886 -45.338638
6.730059 34.613319 851.119873 3.606276 -45.393299
6.740059 34.649345 850.665405 3.602670 -45.447906
6.750060 34.685337 850.210388 3.599067 -45.502460
6.760060 34.721291 849.754822 3.595468 -45.556957
6.770060 34.757210 849.298706 3.591872 -45.611401
6.780060 34.793091 848.842041 3.588281 -45.665791
6.790061 34.828938 848.384827 3.584692 -45.720123
6.800061 34.864750 847.927063 3.581108 -45.774403
6.810061 34.900524 847.468750 3.577527 -45.828629
6.820061 34.936264 847.009949 3.573949 -45.882801
6.830061 34.971970 846.550598 3.570375 -45.936916
6.840062 35.007637 846.090698 3.566805 -45.990978
6.850062 35.043270 845.630249 3.563238 -46.044987
6.860062 35.078865 845.169250 3.559675 -46.098942
6.870062 35.114426 844.707703 3.556116 -46.152843
6.880063 35.149952 844.245605 3.552560 -46.206692
6.890063 35.185444 843.783020 3.549007 -46.260487
6.900063 35.220898 843.319885 3.545458 -46.314224
6.910063 35.256317 842.856201 3.541912 -46.367908
6.920063 35.291702 842.391968 3.538370 -46.421539
6.930064 35.327049 841.927246 3.534832 -46.475117
6.940064 35.362362 841.461975 3.531297 -46.528641
6.950064 35.397640 840.996155 3.527766 -46.582111
6.960064 35.432884 840.529785 3.524238 -46.635529
6.970065 35.468090 840.062866 3.520714 -46.688892
6.980065 35.503262 839.595459 3.517193 -46.742203
6.990065 35.538399 839.127502 3.513676 -46.795460
7.000065 35.573502 838.658997 3.510162 -46.848663
7.010066 35.608566 838.190002 3.506652 -46.901814
7.020066 35.643597 837.720459 3.503145 -46.954910
7.030066 35.678593 837.250366 3.499642 -47.007954
7.040066 35.713554 836.779785 3.496143 -47.060947
7.050066 35.748482 836.308655 3.492646 -47.113888
7.060067 35.783375 835.836975 3.489154 -47.166775
7.070067 35.818230 835.364807 3.485665 -47.219608
7.080067 35.853050 834.892090 3.482179 -47.272388
7.090067 35.887836 834.418823 3.478697 -47.325115
7.100068 35.922588 833.945068 3.475218 -47.377789
7.110068 35.957306 833.470764 3.471743 -47.430412
7.120068 35.991989 832.995911 3.468271 -47.482983
7.130068 36.026638 832.520569 3.464803 -47.535500
7.140069 36.061253 832.044678 3.461338 -47.587963
7.150069 36.095833 831.568298 3.457877 -47.640377
7.160069 36.130379 831.091370 3.454419 -47.692738
7.170069 36.164886 830.613892 3.450964 -47.745045
7.180069 36.199360 830.135925 3.447514 -47.797298
7.190070 36.233799 829.657410 3.444066 -47.849503
7.200070 36.268204 829.178406 3.440622 -47.901653
7.210070 36.302574 828.698853 3.437181 -47.953751
7.220070 36.336910 828.218811 3.433744 -48.005798
7.230071 36.371212 827.738220 3.430310 -48.057793
7.240071 36.405479 827.257141 3.426880 -48.109734
7.250071 36.439713 826.775513 3.423453 -48.161625
7.260071 36.473911 826.293396 3.420030 -48.213463
7.270072 36.508076 825.810730 3.416610 -48.265251
7.280072 36.542206 825.327576 3.413193 -48.316986
7.290072 36.576305 824.843872 3.409780 -48.368668
7.300072 36.610371 824.359680 3.406370 -48.420300
7.310072 36.644402 823.874939 3.402964 -48.471878
7.320073 36.678398 823.389709 3.399561 -48.523407
7.330073 36.712360 822.903931 3.396161 -48.574883
7.340073 36.746288 822.417664 3.392765 -48.626308
7.350073 36.780182 821.930908 3.389372 -48.677681
7.360074 36.814041 821.443604 3.385983 -48.729004
7.370074 36.847866 820.955811 3.382597 -48.780273
7.380074 36.881657 820.467468 3.379214 -48.831493
7.390074 36.915417 819.978638 3.375835 -48.882664
7.400074 36.949142 819.489319 3.372459 -48.933781
7.410075 36.982834 818.999451 3.369087 -48.984848
7.420075 37.016491 818.509094 3.365718 -49.035862
7.430075 37.050114 818.018250 3.362352 -49.086826
7.440075 37.083702 817.526855 3.358990 -49.137741
7.450076 37.117260 817.034973 3.355631 -49.188602
7.460076 37.150784 816.542603 3.352275 -49.239414
7.470076 37.184273 816.049683 3.348923 -49.290176
7.480076 37.217728 815.556274 3.345574 -49.340885
7.490077 37.251148 815.062378 3.342228 -49.391544
7.500077 37.284538 814.567932 3.338886 -49.442154
7.510077 37.317894 814.072998 3.335547 -49.492710
7.520077 37.351215 813.577576 3.332212 -49.543217
7.530077 37.384502 813.081665 3.328880 -49.593674
7.540078 37.417759 812.585205 3.325551 -49.644081
7.550078 37.450981 812.088257 3.322226 -49.694439
7.560078 37.484169 811.590820 3.318903 -49.744743
7.570078 37.517326 811.092896 3.315585 -49.794998
7.580079 37.550449 810.594421 3.312269 -49.845203
7.590079 37.583538 810.095459 3.308957 -49.895359
7.600079 37.616596 809.596008 3.305648 -49.945465
7.610079 37.649620 809.096069 3.302342 -49.995518
7.620080 37.682610 808.595642 3.299040 -50.045521
7.630080 37.715569 808.094666 3.295741 -50.095474
7.640080 37.748493 807.593201 3.292445 -50.145378
7.650080 37.781384 807.091248 3.289152 -50.195232
7.660080 37.814243 806.588806 3.285863 -50.245037
7.670081 37.847069 806.085876 3.282577 -50.294792
7.680081 37.879860 805.582458 3.279295 -50.344498
7.690081 37.912621 805.078491 3.276016 -50.394154
7.700081 37.945347 804.574036 3.272739 -50.443760
7.710082 37.978043 804.069092 3.269467 -50.493317
7.720082 38.010704 803.563660 3.266197 -50.542824
7.730082 38.043335 803.057739 3.262931 -50.592281
7.740082 38.075932 802.551331 3.259668 -50.641689
7.750082 38.108494 802.044434 3.256408 -50.691048
7.760083 38.141026 801.537048 3.253152 -50.740356
7.770083 38.173523 801.029175 3.249899 -50.789616
7.780083 38.205990 800.520813 3.246649 -50.838825
7.790083 38.238422 800.011963 3.243402 -50.887985
7.800084 38.270824 799.502563 3.240159 -50.937096
7.810084 38.303192 798.992676 3.236919 -50.986160
7.820084 38.335529 798.482300 3.233682 -51.035175
7.830084 38.367832 797.971436 3.230448 -51.084141
7.840085 38.400105 797.460083 3.227218 -51.133057
7.850085 38.432343 796.948242 3.223991 -51.181923
7.860085 38.464550 796.435913 3.220767 -51.230740
7.870085 38.496727 795.923096 3.217546 -51.279510
7.880085 38.528870 795.409790 3.214329 -51.328232
7.890086 38.560982 794.895996 3.211114 -51.376904
7.900086 38.593060 794.381714 3.207903 -51.425526
7.910086 38.625107 793.866943 3.204695 -51.474102
7.920086 38.657124 793.351746 3.201491 -51.522629
7.930087 38.689106 792.836060 3.198289 -51.571106
7.940087 38.721058 792.319885 3.195091 -51.619534
7.950087 38.752975 791.803223 3.191896 -51.667915
7.960087 38.784863 791.286072 3.188704 -51.716248
7.970088 38.816719 790.768433 3.185515 -51.764530
7.980088 38.848541 790.250305 3.182330 -51.812767
7.990088 38.880333 789.731689 3.179147 -51.860954
8.000088 38.912094 789.212585 3.175968 -51.909092
8.010088 38.943821 788.692993 3.172792 -51.957184
8.020088 38.975517 788.172913 3.169619 -52.005226
8.030088 39.007183 787.652405 3.166450 -52.053223
8.040089 39.038815 787.131409 3.163283 -52.101170
8.050089 39.070415 786.609924 3.160120 -52.149067
8.060089 39.101986 786.087952 3.156960 -52.196918
8.070089 39.133526 785.565491 3.153803 -52.244720
8.080090 39.165031 785.042542 3.150649 -52.292477
8.090090 39.196507 784.519165 3.147498 -52.340183
8.100090 39.227951 783.995300 3.144351 -52.387844
8.110090 39.259361 783.470947 3.141207 -52.435455
8.120090 39.290741 782.946106 3.138065 -52.483021
8.130091 39.322090 782.420776 3.134927 -52.530537
8.140091 39.353409 781.895020 3.131792 -52.578007
8.150091 39.384697 781.368774 3.128660 -52.625427
8.160091 39.415951 780.842041 3.125532 -52.672802
8.170092 39.447174 780.314819 3.122406 -52.720131
8.180092 39.478367 779.787170 3.119284 -52.767410
8.190092 39.509529 779.259033 3.116165 -52.814644
8.200092 39.540661 778.730408 3.113049 -52.861828
8.210093 39.571762 778.201294 3.109936 -52.908966
8.220093 39.602829 777.671753 3.106826 -52.956059
8.230093 39.633865 777.141724 3.103719 -53.003101
8.240093 39.664871 776.611206 3.100615 -53.050098
8.250093 39.695847 776.080261 3.097514 -53.097050
8.260094 39.726791 775.548828 3.094417 -53.143951
8.270094 39.757706 775.016907 3.091322 -53.190807
8.280094 39.788589 774.484558 3.088231 -53.237617
8.290094 39.819443 773.951721 3.085143 -53.284378
8.300095 39.850262 773.418396 3.082058 -53.331093
8.310095 39.881050 772.884644 3.078976 -53.377762
8.320095 39.911808 772.350403 3.075897 -53.424385
8.330095 39.942535 771.815674 3.072821 -53.470963
8.340096 39.973232 771.280518 3.069748 -53.517490
8.350096 40.003899 770.744873 3.066679 -53.563972
8.360096 40.034534 770.208740 3.063612 -53.610409
8.370096 40.065140 769.672180 3.060548 -53.656799
8.380096 40.095715 769.135132 3.057487 -53.703144
8.390097 40.126259 768.597656 3.054430 -53.749439
8.400097 40.156773 768.059692 3.051376 -53.795689
8.410097 40.187256 767.521301 3.048324 -53.841892
8.420097 40.217709 766.982422 3.045276 -53.888050
8.430098 40.248131 766.443054 3.042231 -53.934162
8.440098 40.278522 765.903259 3.039188 -53.980228
8.450098 40.308884 765.362976 3.036149 -54.026249
8.460098 40.339214 764.822266 3.033113 -54.072224
8.470098 40.369514 764.281067 3.030080 -54.118153
8.480099 40.399784 763.739441 3.027050 -54.164036
8.490099 40.430023 763.197327 3.024023 -54.209873
8.500099 40.460232 762.654785 3.020999 -54.255665
8.510099 40.490410 762.111755 3.017978 -54.301411
8.520100 40.520561 761.568298 3.014960 -54.347111
8.530100 40.550682 761.024353 3.011945 -54.392765
8.540100 40.580772 760.479980 3.008933 -54.438374
8.550100 40.610832 759.935120 3.005924 -54.483936
8.560101 40.640862 759.389832 3.002918 -54.529453
8.570101 40.670860 758.844055 2.999915 -54.574924
8.580101 40.700829 758.297852 2.996915 -54.620350
8.590101 40.730766 757.751221 2.993918 -54.665730
8.600101 40.760677 757.204102 2.990924 -54.711063
8.610102 40.790558 756.656555 2.987933 -54.756351
8.620102 40.820408 756.108521 2.984946 -54.801594
8.630102 40.850227 755.560059 2.981961 -54.846790
8.640102 40.880016 755.011169 2.978979 -54.891945
8.650103 40.909775 754.461792 2.976000 -54.937054
8.660103 40.939507 753.911987 2.973024 -54.982117
8.670103 40.969208 753.361694 2.970051 -55.027134
8.680103 40.998878 752.810974 2.967081 -55.072105
8.690104 41.028519 752.259827 2.964113 -55.117035
8.700104 41.058128 751.708191 2.961149 -55.161919
8.710104 41.087711 751.156128 2.958188 -55.206757
8.720104 41.117264 750.603638 2.955230 -55.251549
8.730104 41.146786 750.050659 2.952275 -55.296299
8.740105 41.176277 749.497253 2.949322 -55.341003
8.750105 41.205742 748.943420 2.946373 -55.385662
8.760105 41.235176 748.389099 2.943427 -55.430275
8.770105 41.264580 747.834351 2.940483 -55.474846
8.780106 41.293957 747.279175 2.937543 -55.519371
8.790106 41.323303 746.723511 2.934605 -55.563850
8.800106 41.352619 746.167419 2.931671 -55.608288
8.810106 41.381908 745.610901 2.928739 -55.652679
8.820107 41.411167 745.053955 2.925810 -55.697025
8.830107 41.440395 744.496521 2.922884 -55.741329
8.840107 41.469597 743.938660 2.919962 -55.785587
8.850107 41.498768 743.380371 2.917042 -55.829803
8.860107 41.527908 742.821655 2.914125 -55.873974
8.870108 41.557022 742.262451 2.911211 -55.918098
8.880108 41.586105 741.702820 2.908299 -55.962181
8.890108 41.615158 741.142761 2.905391 -56.006218
8.900108 41.644184 740.582275 2.902486 -56.050213
8.910109 41.673180 740.021362 2.899583 -56.094162
8.920109 41.702145 739.459961 2.896683 -56.138069
8.930109 41.731083 738.898132 2.893787 -56.181931
8.940109 41.759991 738.335876 2.890893 -56.225750
8.950109 41.788872 737.773193 2.888002 -56.269524
8.960110 41.817722 737.210083 2.885114 -56.313255
8.970110 41.846546 736.646484 2.882229 -56.356941
8.980110 41.875340 736.082458 2.879347 -56.400585
8.990110 41.904102 735.518005 2.876467 -56.444183
9.000111 41.932838 734.953125 2.873591 -56.487740
9.010111 41.961544 734.387817 2.870717 -56.531250
9.020111 41.990223 733.822083 2.867846 -56.574718
9.030111 42.018871 733.255920 2.864979 -56.618145
9.040112 42.047493 732.689331 2.862113 -56.661526
9.050112 42.076084 732.122253 2.859251 -56.704865
9.060112 42.104649 731.554749 2.856392 -56.748161
9.070112 42.133183 730.986816 2.853535 -56.791412
9.080112 42.161690 730.418457 2.850682 -56.834621
9.090113 42.190166 729.849670 2.847831 -56.877789
9.100113 42.218616 729.280457 2.844983 -56.920910
9.110113 42.247036 728.710815 2.842138 -56.963989
9.120113 42.275429 728.140747 2.839296 -57.007027
9.130114 42.303795 727.570251 2.836457 -57.050018
9.140114 42.332130 726.999329 2.833620 -57.092968
9.150114 42.360439 726.427979 2.830786 -57.135876
9.160114 42.388718 725.856201 2.827956 -57.178741
9.170115 42.416969 725.283997 2.825128 -57.221561
9.180115 42.445190 724.711365 2.822303 -57.264339
9.190115 42.473385 724.138306 2.819480 -57.307076
9.200115 42.501553 723.564819 2.816661 -57.349770
9.210115 42.529690 722.990906 2.813844 -57.392422
9.220116 42.557800 722.416565 2.811030 -57.435028
9.230116 42.585884 721.841797 2.808219 -57.477592
9.240116 42.613937 721.266602 2.805411 -57.520115
9.250116 42.641964 720.690979 2.802606 -57.562595
9.260117 42.669964 720.114929 2.799803 -57.605034
9.270117 42.697933 719.538452 2.797003 -57.647430
9.280117 42.725876 718.961548 2.794206 -57.689781
9.290117 42.753792 718.384216 2.791412 -57.732090
9.300117 42.781677 717.806458 2.788621 -57.774357
9.310118 42.809536 717.228271 2.785832 -57.816582
9.320118 42.837368 716.649658 2.783046 -57.858765
9.330118 42.865170 716.070679 2.780263 -57.900906
9.340118 42.892944 715.491272 2.777483 -57.943005
9.350119 42.920692 714.911438 2.774705 -57.985062
9.360119 42.948410 714.331177 2.771931 -58.027077
9.370119 42.976101 713.750488 2.769159 -58.069050
9.380119 43.003765 713.169373 2.766390 -58.110981
9.390120 43.031403 712.587830 2.763623 -58.152870
9.400120 43.059010 712.005859 2.760860 -58.194717
9.410120 43.086590 711.423523 2.758099 -58.236523
9.420120 43.114143 710.840759 2.755341 -58.278286
9.430120 43.141670 710.257568 2.752585 -58.320007
9.440121 43.169170 709.673950 2.749833 -58.361687
9.450121 43.196640 709.089905 2.747083 -58.403324
9.460121 43.224083 708.505432 2.744336 -58.444920
9.470121 43.251499 707.920593 2.741591 -58.486473
9.480122 43.278889 707.335327 2.738850 -58.527988
9.490122 43.306252 706.749634 2.736111 -58.569462
9.500122 43.333584 706.163513 2.733375 -58.610893
9.510122 43.360889 705.576965 2.730641 -58.652283
9.520123 43.388168 704.990051 2.727911 -58.693630
9.530123 43.415421 704.402710 2.725183 -58.734936
9.540123 43.442646 703.814941 2.722458 -58.776199
9.550123 43.469845 703.226746 2.719735 -58.817425
9.560123 43.497013 702.638184 2.717016 -58.858608
9.570124 43.524155 702.049194 2.714298 -58.899750
9.580124 43.551270 701.459778 2.711584 -58.940849
9.590124 43.578358 700.869934 2.708873 -58.981907
9.600124 43.605419 700.279724 2.706164 -59.022926
9.610125 43.632454 699.689087 2.703458 -59.063904
9.620125 43.659462 699.098022 2.700754 -59.104839
9.630125 43.686443 698.506592 2.698053 -59.145733
9.640125 43.713398 697.914734 2.695355 -59.186588
9.650126 43.740326 697.322449 2.692660 -59.227402
9.660126 43.767227 696.729797 2.689967 -59.268173
9.670126 43.794102 696.136719 2.687277 -59.308907
9.680126 43.820946 695.543213 2.684590 -59.349598
9.690126 43.847763 694.949341 2.681906 -59.390247
9.700127 43.874554 694.355042 2.679224 -59.430859
9.710127 43.901318 693.760315 2.676544 -59.471428
9.720127 43.928055 693.165222 2.673868 -59.511955
9.730127 43.954765 692.569702 2.671194 -59.552444
9.740128 43.981449 691.973755 2.668523 -59.592892
9.750128 44.008106 691.377441 2.665854 -59.633297
9.760128 44.034737 690.780701 2.663188 -59.673664
9.770128 44.061340 690.183533 2.660525 -59.713989
9.780128 44.087917 689.585999 2.657865 -59.754276
9.790129 44.114468 688.988037 2.655207 -59.794521
9.800129 44.140995 688.389709 2.652552 -59.834728
9.810129 44.167496 687.790955 2.649899 -59.874893
9.820129 44.193970 687.191833 2.647249 -59.915020
9.830130 44.220417 686.592285 2.644602 -59.955105
9.840130 44.246838 685.992310 2.641958 -59.995152
9.850130 44.273232 685.391968 2.639316 -60.035156
9.860130 44.299599 684.791199 2.636676 -60.075123
9.870131 44.325939 684.190063 2.634040 -60.115047
9.880131 44.352253 683.588501 2.631406 -60.154934
9.890131 44.378540 682.986572 2.628774 -60.194778
9.900131 44.404800 682.384216 2.626145 -60.234585
9.910131 44.431034 681.781494 2.623519 -60.274349
9.920132 44.457245 681.178345 2.620896 -60.314075
9.930132 44.483429 680.574829 2.618275 -60.353760
9.940132 44.509586 679.970886 2.615656 -60.393406
9.950132 44.535717 679.366577 2.613041 -60.433014
9.960133 44.561821 678.761841 2.610428 -60.472580
9.970133 44.587898 678.156738 2.607817 -60.512108
9.980133 44.613949 677.551208 2.605209 -60.551598
9.990133 44.639977 676.945312 2.602604 -60.591045
10.000134 44.665977 676.338989 2.600002 -60.630455
10.010134 44.691952 675.732300 2.597402 -60.669823
10.020134 44.717899 675.125183 2.594804 -60.709152
10.030134 44.743820 674.517700 2.592210 -60.748444
10.040134 44.769718 673.909851 2.589617 -60.787697
10.050135 44.795589 673.301575 2.587028 -60.826908
10.060135 44.821434 672.692932 2.584440 -60.866081
10.070135 44.847252 672.083862 2.581856 -60.905216
10.080135 44.873043 671.474426 2.579274 -60.944309
10.090136 44.898811 670.864563 2.576695 -60.983364
10.100136 44.924553 670.254333 2.574118 -61.022381
10.110136 44.950268 669.643738 2.571544 -61.061359
10.120136 44.975956 669.032715 2.568973 -61.100300
10.130136 45.001621 668.421326 2.566404 -61.139198
10.140137 45.027260 667.809570 2.563837 -61.178059
10.150137 45.052872 667.197388 2.561273 -61.216881
10.160137 45.078461 666.584839 2.558712 -61.255665
10.170137 45.104023 665.971924 2.556153 -61.294411
10.180138 45.129559 665.358582 2.553597 -61.333115
10.190138 45.155067 664.744873 2.551044 -61.371780
10.200138 45.180553 664.130798 2.548492 -61.410408
10.210138 45.206013 663.516296 2.545944 -61.448997
10.220139 45.231445 662.901428 2.543398 -61.487549
10.230139 45.256855 662.286194 2.540855 -61.526062
10.240139 45.282238 661.670532 2.538314 -61.564537
10.250139 45.307594 661.054504 2.535776 -61.602974
10.260139 45.332928 660.438110 2.533240 -61.641373
10.270140 45.358234 659.821289 2.530707 -61.679729
10.280140 45.383514 659.204102 2.528176 -61.718048
10.290140 45.408772 658.586548 2.525648 -61.756329
10.300140 45.434002 657.968628 2.523122 -61.794571
10.310141 45.459209 657.350281 2.520599 -61.832775
10.320141 45.484390 656.731567 2.518078 -61.870941
10.330141 45.509544 656.112488 2.515560 -61.909069
10.340141 45.534676 655.493042 2.513045 -61.947159
10.350142 45.559780 654.873169 2.510532 -61.985210
10.360142 45.584862 654.252930 2.508021 -62.023224
10.370142 45.609917 653.632324 2.505513 -62.061199
10.380142 45.634945 653.011353 2.503008 -62.099136
10.390142 45.659950 652.389954 2.500505 -62.137035
10.400143 45.684929 651.768188 2.498004 -62.174900
10.410143 45.709885 651.146057 2.495506 -62.212727
10.420143 45.734814 650.523560 2.493011 -62.250515
10.430143 45.759720 649.900696 2.490518 -62.288265
10.440144 45.784599 649.277466 2.488027 -62.325977
10.450144 45.809456 648.653809 2.485539 -62.363651
10.460144 45.834286 648.029785 2.483054 -62.401287
10.470144 45.859093 647.405396 2.480571 -62.438885
10.480145 45.883873 646.780640 2.478090 -62.476444
10.490145 45.908630 646.155518 2.475612 -62.513969
10.500145 45.933361 645.530029 2.473136 -62.551456
10.510145 45.958069 644.904114 2.470663 -62.588905
10.520145 45.982750 644.277832 2.468193 -62.626316
10.530146 46.007408 643.651184 2.465724 -62.663689
10.540146 46.032040 643.024170 2.463259 -62.701023
10.550146 46.056648 642.396790 2.460795 -62.738323
10.560146 46.081230 641.769043 2.458335 -62.775585
10.570147 46.105789 641.140930 2.455876 -62.812809
10.580147 46.130322 640.512451 2.453420 -62.849995
10.590147 46.154831 639.883606 2.450967 -62.887146
10.600147 46.179317 639.254333 2.448516 -62.924259
10.610147 46.203777 638.624695 2.446068 -62.961334
10.620148 46.228214 637.994690 2.443621 -62.998371
10.630148 46.252625 637.364319 2.441178 -63.035374
10.640148 46.277012 636.733582 2.438737 -63.072338
10.650148 46.301376 636.102478 2.436298 -63.109264
10.660149 46.325714 635.471008 2.433861 -63.146156
10.670149 46.350029 634.839172 2.431428 -63.183010
10.680149 46.374317 634.206970 2.428996 -63.219826
10.690149 46.398582 633.574402 2.426567 -63.256607
10.700150 46.422825 632.941467 2.424141 -63.293350
10.710150 46.447041 632.308167 2.421716 -63.330055
10.720150 46.471233 631.674500 2.419295 -63.366726
10.730150 46.495403 631.040466 2.416876 -63.403358
10.740150 46.519547 630.406067 2.414459 -63.439957
10.750151 46.543667 629.771301 2.412044 -63.476517
10.760151 46.567764 629.136169 2.409632 -63.513039
10.770151 46.591835 628.500671 2.407223 -63.549526
10.780151 46.615883 627.864807 2.404815 -63.585976
10.790152 46.639908 627.228577 2.402410 -63.622391
10.800152 46.663906 626.591980 2.400008 -63.658768
10.810152 46.687881 625.955017 2.397608 -63.695110
10.820152 46.711834 625.317688 2.395211 -63.731415
10.830153 46.735764 624.679993 2.392815 -63.767685
10.840153 46.759666 624.041931 2.390423 -63.803917
10.850153 46.783546 623.403503 2.388032 -63.840115
10.860153 46.807404 622.764771 2.385644 -63.876274
10.870153 46.831238 622.125671 2.383259 -63.912399
10.880154 46.855045 621.486206 2.380875 -63.948486
10.890154 46.878830 620.846375 2.378495 -63.984539
10.900154 46.902592 620.206177 2.376116 -64.020554
10.910154 46.926331 619.565613 2.373740 -64.056534
10.920155 46.950043 618.924683 2.371366 -64.092476
10.930155 46.973732 618.283386 2.368995 -64.128380
10.940155 46.997398 617.641724 2.366626 -64.164253
10.950155 47.021042 616.999695 2.364259 -64.200089
10.960155 47.044662 616.357361 2.361895 -64.235886
10.970156 47.068256 615.714661 2.359533 -64.271652
10.980156 47.091827 615.071594 2.357174 -64.307381
10.990156 47.115376 614.428162 2.354816 -64.343071
11.000156 47.138901 613.784363 2.352462 -64.378731
11.010157 47.162403 613.140198 2.350109 -64.414352
11.020157 47.185883 612.495728 2.347759 -64.449936
11.030157 47.209335 611.850891 2.345411 -64.485489
11.040157 47.232765 611.205688 2.343066 -64.521004
11.050158 47.256172 610.560120 2.340723 -64.556480
11.060158 47.279556 609.914185 2.338382 -64.591927
11.070158 47.302917 609.267883 2.336044 -64.627335
11.080158 47.326256 608.621277 2.333708 -64.662704
11.090158 47.349571 607.974304 2.331374 -64.698044
11.100159 47.372860 607.326965 2.329043 -64.733345
11.110159 47.396126 606.679260 2.326714 -64.768608
11.120159 47.419369 606.031250 2.324387 -64.803841
11.130159 47.442589 605.382874 2.322062 -64.839035
11.140160 47.465786 604.734131 2.319741 -64.874199
11.150160 47.488960 604.085022 2.317421 -64.909325
11.160160 47.512112 603.435608 2.315103 -64.944412
11.170160 47.535240 602.785828 2.312788 -64.979469
11.180161 47.558346 602.135681 2.310475 -65.014488
11.190161 47.581429 601.485168 2.308165 -65.049477
11.200161 47.604488 600.834351 2.305857 -65.084427
11.210161 47.627525 600.183167 2.303551 -65.119339
11.220161 47.650539 599.531616 2.301247 -65.154221
11.230162 47.673531 598.879700 2.298946 -65.189064
11.240162 47.696499 598.227478 2.296647 -65.223877
11.250162 47.719444 597.574890 2.294351 -65.258652
11.260162 47.742363 596.921936 2.292056 -65.293396
11.270163 47.765259 596.268677 2.289764 -65.328102
11.280163 47.788132 595.615051 2.287474 -65.362778
11.290163 47.810982 594.961060 2.285187 -65.397415
11.300163 47.833809 594.306763 2.282902 -65.432014
11.310163 47.856617 593.652100 2.280619 -65.466583
11.320164 47.879402 592.997070 2.278338 -65.501114
11.330164 47.902164 592.341736 2.276060 -65.535614
11.340164 47.924904 591.686035 2.273784 -65.570076
11.350164 47.947620 591.029968 2.271510 -65.604507
11.360165 47.970314 590.373596 2.269239 -65.638901
11.370165 47.992985 589.716858 2.266969 -65.673264
11.380165 48.015633 589.059753 2.264703 -65.707588
11.390165 48.038258 588.402344 2.262438 -65.741882
11.400166 48.060860 587.744568 2.260175 -65.776138
11.410166 48.083439 587.086487 2.257915 -65.810364
11.420166 48.105995 586.428040 2.255657 -65.844551
11.430166 48.128529 585.769226 2.253402 -65.878708
11.440166 48.151039 585.110107 2.251148 -65.912827
11.450167 48.173527 584.450623 2.248897 -65.946915
11.460167 48.195992 583.790833 2.246648 -65.980965
11.470167 48.218437 583.130676 2.244402 -66.014984
11.480167 48.240860 582.470215 2.242157 -66.048965
11.490168 48.263260 581.809387 2.239915 -66.082916
11.500168 48.285637 581.148193 2.237675 -66.116837
11.510168 48.307991 580.486694 2.235438 -66.150719
11.520168 48.330322 579.824829 2.233202 -66.184570
11.530169 48.352631 579.162659 2.230969 -66.218384
11.540169 48.374920 578.500122 2.228738 -66.252167
11.550169 48.397186 577.837280 2.226509 -66.285912
11.560169 48.419430 577.174072 2.224283 -66.319626
11.570169 48.441650 576.510559 2.222059 -66.353310
11.580170 48.463848 575.846680 2.219836 -66.386955
11.590170 48.486023 575.182495 2.217617 -66.420570
11.600170 48.508179 574.517944 2.215399 -66.454147
11.610170 48.530312 573.853088 2.213184 -66.487694
11.620171 48.552422 573.187866 2.210970 -66.521210
11.630171 48.574509 572.522339 2.208760 -66.554688
11.640171 48.596573 571.856445 2.206551 -66.588135
11.650171 48.618618 571.190247 2.204344 -66.621544
11.660172 48.640640 570.523682 2.202140 -66.654922
11.670172 48.662640 569.856812 2.199938 -66.688271
11.680172 48.684616 569.189575 2.197738 -66.721581
11.690172 48.706570 568.522034 2.195540 -66.754860
11.700172 48.728504 567.854126 2.193345 -66.788109
11.710173 48.750416 567.185913 2.191151 -66.821320
11.720173 48.772305 566.517395 2.188960 -66.854500
11.730173 48.794170 565.848511 2.186771 -66.887642
11.740173 48.816017 565.179321 2.184584 -66.920753
11.750174 48.837841 564.509766 2.182400 -66.953835
11.760174 48.859642 563.839905 2.180217 -66.986877
11.770174 48.881424 563.169678 2.178037 -67.019890
11.780174 48.903183 562.499146 2.175859 -67.052872
11.790174 48.924919 561.828308 2.173683 -67.085815
11.800175 48.946632 561.157104 2.171510 -67.118729
11.810175 48.968327 560.485596 2.169338 -67.151611
11.820175 48.989998 559.813721 2.167169 -67.184464
11.830175 49.011646 559.141541 2.165002 -67.217278
11.840176 49.033276 558.469055 2.162837 -67.250061
11.850176 49.054882 557.796204 2.160674 -67.282814
11.860176 49.076466 557.123047 2.158513 -67.315529
11.870176 49.098030 556.449585 2.156354 -67.348213
11.880177 49.119572 555.775757 2.154198 -67.380867
11.890177 49.141090 555.101624 2.152044 -67.413483
11.900177 49.162590 554.427185 2.149892 -67.446068
11.910177 49.184067 553.752380 2.147742 -67.478622
11.920177 49.205524 553.077271 2.145595 -67.511147
11.930178 49.226959 552.401855 2.143449 -67.543633
11.940178 49.248371 551.726074 2.141306 -67.576088
11.950178 49.269764 551.049988 2.139164 -67.608513
11.960178 49.291134 550.373596 2.137025 -67.640907
11.970179 49.312481 549.696838 2.134888 -67.673264
11.980179 49.333809 549.019775 2.132754 -67.705589
11.990179 49.355114 548.342407 2.130621 -67.737885
12.000179 49.376400 547.664734 2.128490 -67.770149
12.010180 49.397663 546.986694 2.126362 -67.802376
12.020180 49.418907 546.308350 2.124235 -67.834572
12.030180 49.440128 545.629700 2.122111 -67.866737
12.040180 49.461327 544.950684 2.119989 -67.898872
12.050180 49.482506 544.271362 2.117869 -67.930977
12.060181 49.503662 543.591736 2.115751 -67.963043
12.070181 49.524799 542.911804 2.113635 -67.995079
12.080181 49.545914 542.231506 2.111522 -68.027084
12.090181 49.567009 541.550903 2.109410 -68.059059
12.100182 49.588081 540.869995 2.107301 -68.091003
12.110182 49.609135 540.188782 2.105193 -68.122910
12.120182 49.630165 539.507263 2.103088 -68.154785
12.130182 49.651176 538.825378 2.100985 -68.186630
12.140182 49.672165 538.143188 2.098884 -68.218445
12.150183 49.693134 537.460693 2.096785 -68.250229
12.160183 49.714081 536.777893 2.094688 -68.281982
12.170183 49.735008 536.094727 2.092594 -68.313698
12.180183 49.755913 535.411255 2.090501 -68.345383
12.190184 49.776798 534.727478 2.088411 -68.377037
12.200184 49.797661 534.043396 2.086322 -68.408661
12.210184 49.818504 533.359009 2.084236 -68.440254
12.220184 49.839325 532.674316 2.082152 -68.471817
12.230185 49.860126 531.989258 2.080070 -68.503342
12.240185 49.880905 531.303894 2.077990 -68.534836
12.250185 49.901665 530.618225 2.075912 -68.566299
12.260185 49.922401 529.932251 2.073836 -68.597733
12.270185 49.943119 529.245972 2.071762 -68.629135
12.280186 49.963818 528.559387 2.069690 -68.660507
12.290186 49.984493 527.872498 2.067620 -68.691849
12.300186 50.005150 527.185242 2.065553 -68.723160
12.310186 50.025784 526.497681 2.063487 -68.754440
12.320187 50.046398 525.809814 2.061424 -68.785683
12.330187 50.066990 525.121643 2.059362 -68.816895
12.340187 50.087563 524.433167 2.057303 -68.848076
12.350187 50.108116 523.744385 2.055245 -68.879227
12.360188 50.128647 523.055298 2.053190 -68.910347
12.370188 50.149158 522.365906 2.051137 -68.941437
12.380188 50.169651 521.676208 2.049086 -68.972496
12.390188 50.190121 520.986145 2.047037 -69.003525
12.400188 50.210571 520.295776 2.044990 -69.034523
12.410189 50.230999 519.605103 2.042945 -69.065491
12.420189 50.251408 518.914124 2.040902 -69.096428
12.430189 50.271797 518.222839 2.038861 -69.127335
12.440189 50.292164 517.531250 2.036822 -69.158211
12.450190 50.312511 516.839355 2.034785 -69.189049
12.460190 50.332840 516.147156 2.032750 -69.219856
12.470190 50.353146 515.454651 2.030718 -69.250633
12.480190 50.373432 514.761841 2.028687 -69.281380
12.490191 50.393700 514.068726 2.026658 -69.312096
12.500191 50.413944 513.375305 2.024632 -69.342781
12.510191 50.434170 512.681580 2.022607 -69.373436
12.520191 50.454376 511.987549 2.020585 -69.404060
12.530191 50.474564 511.293213 2.018564 -69.434654
12.540192 50.494728 510.598572 2.016546 -69.465218
12.550192 50.514874 509.903625 2.014529 -69.495750
12.560192 50.535000 509.208374 2.012514 -69.526253
12.570192 50.555103 508.512817 2.010502 -69.556725
12.580193 50.575188 507.816956 2.008491 -69.587166
12.590193 50.595253 507.120789 2.006483 -69.617577
12.600193 50.615299 506.424316 2.004476 -69.647957
12.610193 50.635323 505.727539 2.002472 -69.678307
12.620193 50.655327 505.030457 2.000469 -69.708626
12.630194 50.675312 504.333069 1.998469 -69.738914
12.640194 50.695278 503.635376 1.996471 -69.769173
12.650194 50.715221 502.937378 1.994474 -69.799400
12.660194 50.735146 502.239075 1.992480 -69.829597
12.670195 50.755051 501.540466 1.990487 -69.859764
12.680195 50.774937 500.841553 1.988497 -69.889908
12.690195 50.794804 500.142365 1.986508 -69.920021
12.700195 50.814648 499.442871 1.984522 -69.950104
12.710196 50.834473 498.743073 1.982537 -69.980156
12.720196 50.854279 498.042969 1.980555 -70.010178
12.730196 50.874065 497.342560 1.978574 -70.040169
12.740196 50.893833 496.641846 1.976596 -70.070129
12.750196 50.913578 495.940857 1.974619 -70.100060
12.760197 50.933304 495.239563 1.972644 -70.129959
12.770197 50.953011 494.537964 1.970672 -70.159828
12.780197 50.972698 493.836060 1.968701 -70.189667
12.790197 50.992367 493.133850 1.966732 -70.219475
12.800198 51.012016 492.431366 1.964766 -70.249252
12.810198 51.031643 491.728577 1.962801 -70.278999
12.820198 51.051250 491.025482 1.960838 -70.308723
12.830198 51.070839 490.322113 1.958877 -70.338417
12.840199 51.090408 489.618439 1.956918 -70.368080
12.850199 51.109959 488.914459 1.954961 -70.397713
12.860199 51.129490 488.210175 1.953006 -70.427315
12.870199 51.149002 487.505615 1.951053 -70.456886
12.880199 51.168491 486.800751 1.949102 -70.486427
12.890200 51.187962 486.095581 1.947153 -70.515938
12.900200 51.207413 485.390137 1.945206 -70.545425
12.910200 51.226845 484.684387 1.943261 -70.574883
12.920200 51.246258 483.978333 1.941318 -70.604309
12.930201 51.265652 483.272003 1.939376 -70.633705
12.940201 51.285027 482.565369 1.937437 -70.663071
12.950201 51.304382 481.858459 1.935499 -70.692406
12.960201 51.323719 481.151245 1.933564 -70.721710
12.970201 51.343037 480.443726 1.931630 -70.750992
12.980202 51.362335 479.735931 1.929699 -70.780243
12.990202 51.381615 479.027832 1.927769 -70.809464
13.000202 51.400871 478.319458 1.925841 -70.838654
13.010202 51.420109 477.610779 1.923916 -70.867813
13.020203 51.439327 476.901794 1.921992 -70.896942
13.030203 51.458527 476.192535 1.920070 -70.926048
13.040203 51.477707 475.482971 1.918149 -70.955124
13.050203 51.496868 474.773132 1.916231 -70.984169
13.060204 51.516010 474.062988 1.914315 -71.013184
13.070204 51.535133 473.352570 1.912401 -71.042168
13.080204 51.554237 472.641846 1.910488 -71.071129
13.090204 51.573322 471.930847 1.908578 -71.100060
13.100204 51.592388 471.219543 1.906669 -71.128960
13.110205 51.611435 470.507965 1.904763 -71.157829
13.120205 51.630463 469.796112 1.902858 -71.186668
13.130205 51.649471 469.083954 1.900955 -71.215485
13.140205 51.668461 468.371521 1.899054 -71.244270
13.150206 51.687431 467.658783 1.897155 -71.273026
13.160206 51.706383 466.945770 1.895258 -71.301750
13.170206 51.725315 466.232452 1.893363 -71.330452
13.180206 51.744228 465.518860 1.891469 -71.359123
13.190207 51.763123 464.804993 1.889578 -71.387764
13.200207 51.781998 464.090820 1.887688 -71.416374
13.210207 51.800858 463.376373 1.885801 -71.444962
13.220207 51.819698 462.661652 1.883915 -71.473518
13.230207 51.838520 461.946625 1.882031 -71.502045
13.240208 51.857323 461.231323 1.880149 -71.530540
13.250208 51.876106 460.515747 1.878269 -71.559013
13.260208 51.894871 459.799866 1.876391 -71.587456
13.270208 51.913616 459.083710 1.874514 -71.615868
13.280209 51.932343 458.367279 1.872640 -71.644249
13.290209 51.951050 457.650543 1.870767 -71.672607
13.300209 51.969738 456.933533 1.868896 -71.700935
13.310209 51.988407 456.216248 1.867027 -71.729233
13.320210 52.007057 455.498657 1.865160 -71.757507
13.330210 52.025692 454.780792 1.863295 -71.785751
13.340210 52.044308 454.062653 1.861432 -71.813965
13.350210 52.062904 453.344238 1.859571 -71.842148
13.360210 52.081482 452.625549 1.857711 -71.870308
13.370211 52.100040 451.906555 1.855853 -71.898438
13.380211 52.118580 451.187286 1.853997 -71.926537
13.390211 52.137100 450.467743 1.852143 -71.954613
13.400211 52.155602 449.747925 1.850291 -71.982658
13.410212 52.174088 449.027832 1.848441 -72.010674
13.420212 52.192554 448.307434 1.846593 -72.038666
13.430212 52.211002 447.586761 1.844746 -72.066628
13.440212 52.229431 446.865814 1.842901 -72.094559
13.450212 52.247841 446.144592 1.841058 -72.122467
13.460213 52.266232 445.423096 1.839217 -72.150345
13.470213 52.284607 444.701324 1.837378 -72.178192
13.480213 52.302963 443.979279 1.835541 -72.206017
13.490213 52.321301 443.256927 1.833705 -72.233810
13.500214 52.339619 442.534302 1.831872 -72.261574
13.510214 52.357918 441.811401 1.830040 -72.289314
13.520214 52.376202 441.088226 1.828210 -72.317024
13.530214 52.394466 440.364777 1.826381 -72.344704
13.540215 52.412712 439.641052 1.824555 -72.372360
13.550215 52.430939 438.917053 1.822731 -72.399986
13.560215 52.449146 438.192780 1.820908 -72.427589
13.570215 52.467339 437.468231 1.819087 -72.455162
13.580215 52.485512 436.743408 1.817268 -72.482704
13.590216 52.503666 436.018311 1.815451 -72.510223
13.600216 52.521801 435.292938 1.813635 -72.537712
13.610216 52.539921 434.567291 1.811821 -72.565178
13.620216 52.558022 433.841370 1.810010 -72.592613
13.630217 52.576103 433.115173 1.808200 -72.620018
13.640217 52.594166 432.388702 1.806391 -72.647400
13.650217 52.612213 431.661957 1.804585 -72.674751
13.660217 52.630241 430.934937 1.802781 -72.702080
13.670218 52.648251 430.207642 1.800978 -72.729378
13.680218 52.666241 429.480072 1.799177 -72.756645
13.690218 52.684216 428.752228 1.797377 -72.783890
13.700218 52.702171 428.024109 1.795580 -72.811104
13.710218 52.720108 427.295715 1.793785 -72.838295
13.720219 52.738029 426.567047 1.791991 -72.865456
13.730219 52.755932 425.838135 1.790199 -72.892593
13.740219 52.773815 425.108948 1.788409 -72.919701
13.750219 52.791683 424.379486 1.786620 -72.946777
13.760220 52.809532 423.649750 1.784834 -72.973831
13.770220 52.827362 422.919739 1.783049 -73.000854
13.780220 52.845173 422.189453 1.781266 -73.027855
13.790220 52.862968 421.458893 1.779485 -73.054825
13.800220 52.880745 420.728088 1.777705 -73.081772
13.810221 52.898502 419.997009 1.775928 -73.108688
13.820221 52.916245 419.265656 1.774152 -73.135582
13.830221 52.933968 418.534027 1.772377 -73.162445
13.840221 52.951675 417.802124 1.770605 -73.189285
13.850222 52.969364 417.069977 1.768834 -73.216095
13.860222 52.987034 416.337555 1.767066 -73.242882
13.870222 53.004688 415.604858 1.765299 -73.269638
13.880222 53.022324 414.871887 1.763533 -73.296371
13.890223 53.039940 414.138641 1.761770 -73.323074
13.900223 53.057541 413.405151 1.760008 -73.349754
13.910223 53.075123 412.671387 1.758248 -73.376404
13.920223 53.092690 411.937347 1.756490 -73.403030
13.930223 53.110237 411.203064 1.754733 -73.429626
13.940224 53.127766 410.468506 1.752978 -73.456200
13.950224 53.145279 409.733673 1.751225 -73.482742
13.960224 53.162773 408.998566 1.749474 -73.509262
13.970224 53.180252 408.263214 1.747725 -73.535751
13.980225 53.197712 407.527588 1.745977 -73.562218
13.990225 53.215153 406.791687 1.744231 -73.588654
14.000225 53.232578 406.055542 1.742487 -73.615067
14.010225 53.249985 405.319122 1.740744 -73.641449
14.020226 53.267376 404.582458 1.739004 -73.667809
14.030226 53.284748 403.845520 1.737265 -73.694138
14.040226 53.302105 403.108307 1.735527 -73.720444
14.050226 53.319443 402.370850 1.733792 -73.746727
14.060226 53.336761 401.633118 1.732058 -73.772980
14.070227 53.354065 400.895111 1.730326 -73.799210
14.080227 53.371349 400.156860 1.728596 -73.825409
14.090227 53.388618 399.418335 1.726867 -73.851585
14.100227 53.405869 398.679565 1.725140 -73.877731
14.110228 53.423103 397.940521 1.723415 -73.903854
14.120228 53.440319 397.201233 1.721691 -73.929947
14.130228 53.457520 396.461670 1.719970 -73.956017
14.140228 53.474701 395.721863 1.718250 -73.982063
14.150229 53.491867 394.981781 1.716532 -74.008080
14.160229 53.509014 394.241455 1.714815 -74.034073
14.170229 53.526146 393.500854 1.713100 -74.060036
14.180229 53.543259 392.760010 1.711387 -74.085976
14.190229 53.560356 392.018890 1.709676 -74.111893
14.200230 53.577435 391.277527 1.707966 -74.137779
14.210230 53.594498 390.535889 1.706258 -74.163643
14.220230 53.611542 389.794006 1.704552 -74.189476
14.230230 53.628571 389.051849 1.702847 -74.215286
14.240231 53.645580 388.309448 1.701144 -74.241074
14.250231 53.662575 387.566772 1.699443 -74.266830
14.260231 53.679554 386.823853 1.697744 -74.292564
14.270231 53.696514 386.080658 1.696046 -74.318275
14.280231 53.713459 385.337219 1.694350 -74.343956
14.290232 53.730385 384.593536 1.692656 -74.369614
14.300232 53.747295 383.849579 1.690963 -74.395241
14.310232 53.764187 383.105377 1.689272 -74.420845
14.320232 53.781063 382.360901 1.687583 -74.446426
14.330233 53.797920 381.616180 1.685895 -74.471977
14.340233 53.814762 380.871216 1.684209 -74.497505
14.350233 53.831589 380.125977 1.682525 -74.523010
14.360233 53.848396 379.380493 1.680843 -74.548485
14.370234 53.865189 378.634766 1.679162 -74.573936
14.380234 53.881962 377.888763 1.677483 -74.599365
14.390234 53.898720 377.142517 1.675805 -74.624763
14.400234 53.915462 376.396027 1.674129 -74.650139
14.410234 53.932186 375.649261 1.672455 -74.675491
14.420235 53.948895 374.902252 1.670783 -74.700813
14.430235 53.965584 374.154999 1.669112 -74.726112
14.440235 53.982258 373.407471 1.667443 -74.751389
14.450235 53.998917 372.659698 1.665775 -74.776634
14.460236 54.015556 371.911682 1.664109 -74.801857
14.470236 54.032181 371.163422 1.662445 -74.827057
14.480236 54.048790 370.414886 1.660783 -74.852226
14.490236 54.065380 369.666107 1.659122 -74.877373
14.500237 54.081955 368.917084 1.657463 -74.902496
14.510237 54.098515 368.167816 1.655805 -74.927597
14.520237 54.115055 367.418304 1.654149 -74.952667
14.530237 54.131580 366.668518 1.652495 -74.977715
14.540237 54.148090 365.918488 1.650843 -75.002739
14.550238 54.164581 365.168213 1.649192 -75.027733
14.560238 54.181057 364.417694 1.647543 -75.052704
14.570238 54.197517 363.666931 1.645895 -75.077652
14.580238 54.213959 362.915894 1.644249 -75.102577
14.590239 54.230385 362.164612 1.642605 -75.127472
14.600239 54.246796 361.413086 1.640962 -75.152344
14.610239 54.263187 360.661316 1.639321 -75.177193
14.620239 54.279564 359.909302 1.637682 -75.202019
14.630239 54.295925 359.157043 1.636044 -75.226814
14.640240 54.312271 358.404541 1.634408 -75.251587
14.650240 54.328598 357.651764 1.632774 -75.276337
14.660240 54.344910 356.898743 1.631141 -75.301064
14.670240 54.361206 356.145477 1.629510 -75.325760
14.680241 54.377483 355.391968 1.627881 -75.350433
14.690241 54.393745 354.638214 1.626253 -75.375084
14.700241 54.409992 353.884216 1.624626 -75.399712
14.710241 54.426224 353.129974 1.623002 -75.424309
14.720242 54.442436 352.375488 1.621379 -75.448883
14.730242 54.458633 351.620758 1.619757 -75.473434
14.740242 54.474815 350.865784 1.618138 -75.497963
14.750242 54.490982 350.110565 1.616519 -75.522469
14.760242 54.507130 349.355103 1.614903 -75.546944
14.770243 54.523262 348.599396 1.613288 -75.571396
14.780243 54.539379 347.843445 1.611675 -75.595825
14.790243 54.555481 347.087250 1.610063 -75.620232
14.800243 54.571564 346.330811 1.608453 -75.644615
14.810244 54.587631 345.574127 1.606845 -75.668968
14.820244 54.603683 344.817200 1.605238 -75.693298
14.830244 54.619720 344.060028 1.603632 -75.717606
14.840244 54.635742 343.302612 1.602029 -75.741890
14.850245 54.651745 342.544952 1.600427 -75.766151
14.860245 54.667732 341.787048 1.598826 -75.790382
14.870245 54.683704 341.028900 1.597228 -75.814590
14.880245 54.699661 340.270508 1.595630 -75.838776
14.890245 54.715603 339.511871 1.594035 -75.862938
14.900246 54.731525 338.752991 1.592441 -75.887077
14.910246 54.747433 337.993866 1.590848 -75.911194
14.920246 54.763325 337.234528 1.589257 -75.935280
14.930246 54.779202 336.474945 1.587668 -75.959343
14.940247 54.795063 335.715118 1.586080 -75.983383
14.950247 54.810909 334.955048 1.584494 -76.007401
14.960247 54.826740 334.194733 1.582910 -76.031395
14.970247 54.842552 333.434174 1.581327 -76.055367
14.980247 54.858349 332.673370 1.579746 -76.079308
14.990248 54.874130 331.912323 1.578166 -76.103226
15.000248 54.889896 331.151062 1.576588 -76.127121
15.010248 54.905647 330.389557 1.575011 -76.150993
15.020248 54.921383 329.627808 1.573436 -76.174843
15.030249 54.937103 328.865814 1.571863 -76.198669
15.040249 54.952805 328.103577 1.570291 -76.222473
15.050249 54.968491 327.341125 1.568720 -76.246254
15.060249 54.984161 326.578430 1.567152 -76.270004
15.070250 54.999817 325.815491 1.565585 -76.293732
15.080250 55.015457 325.052307 1.564019 -76.317436
15.090250 55.031082 324.288910 1.562455 -76.341118
15.100250 55.046692 323.525269 1.560893 -76.364777
15.110250 55.062286 322.761383 1.559332 -76.388412
15.120251 55.077866 321.997253 1.557772 -76.412025
15.130251 55.093430 321.232910 1.556214 -76.435616
15.140251 55.108974 320.468323 1.554658 -76.459183
15.150251 55.124504 319.703491 1.553104 -76.482727
15.160252 55.140018 318.938416 1.551551 -76.506241
15.170252 55.155518 318.173126 1.549999 -76.529732
15.180252 55.171001 317.407593 1.548449 -76.553200
15.190252 55.186470 316.641815 1.546901 -76.576645
15.200253 55.201923 315.875824 1.545354 -76.600067
15.210253 55.217361 315.109589 1.543809 -76.623466
15.220253 55.232784 314.343109 1.542265 -76.646843
15.230253 55.248192 313.576416 1.540723 -76.670197
15.240253 55.263584 312.809479 1.539182 -76.693527
15.250254 55.278961 312.042297 1.537643 -76.716835
15.260254 55.294323 311.274902 1.536105 -76.740120
15.270254 55.309669 310.507263 1.534569 -76.763382
15.280254 55.325001 309.739410 1.533034 -76.786621
15.290255 55.340317 308.971313 1.531501 -76.809837
15.300255 55.355618 308.202972 1.529970 -76.833031
15.310255 55.370903 307.434418 1.528440 -76.856201
15.320255 55.386173 306.665619 1.526911 -76.879349
15.330256 55.401428 305.896606 1.525384 -76.902466
15.340256 55.416668 305.127350 1.523859 -76.925560
15.350256 55.431892 304.357849 1.522335 -76.948631
15.360256 55.447102 303.588135 1.520813 -76.971680
15.370256 55.462296 302.818176 1.519292 -76.994705
15.380257 55.477474 302.048004 1.517773 -77.017708
15.390257 55.492638 301.277588 1.516255 -77.040688
15.400257 55.507786 300.506958 1.514739 -77.063644
15.410257 55.522919 299.736084 1.513224 -77.086578
15.420258 55.538036 298.964996 1.511711 -77.109489
15.430258 55.553139 298.193665 1.510199 -77.132378
15.440258 55.568226 297.422119 1.508689 -77.155243
15.450258 55.583298 296.650330 1.507180 -77.178085
15.460258 55.598354 295.878326 1.505673 -77.200905
15.470259 55.613396 295.106079 1.504167 -77.223701
15.480259 55.628422 294.333618 1.502663 -77.246475
15.490259 55.643433 293.560913 1.501161 -77.269226
15.500259 55.658428 292.787994 1.499659 -77.291954
15.510260 55.673409 292.014862 1.498160 -77.314659
15.520260 55.688374 291.241486 1.496662 -77.337341
15.530260 55.703323 290.467896 1.495165 -77.360001
15.540260 55.718262 289.694061 1.493670 -77.382637
15.550261 55.733185 288.920013 1.492176 -77.405258
15.560261 55.748093 288.145721 1.490684 -77.427856
15.570261 55.762985 287.371216 1.489193 -77.450432
15.580261 55.777863 286.596497 1.487704 -77.472984
15.590261 55.792725 285.821533 1.486216 -77.495514
15.600262 55.807571 285.046356 1.484730 -77.518021
15.610262 55.822403 284.270966 1.483245 -77.540504
15.620262 55.837219 283.495331 1.481762 -77.562965
15.630262 55.852020 282.719482 1.480280 -77.585403
15.640263 55.866810 281.943390 1.478800 -77.607819
15.650263 55.881584 281.167084 1.477321 -77.630211
15.660263 55.896343 280.390564 1.475844 -77.652580
15.670263 55.911087 279.613800 1.474368 -77.674927
15.680264 55.925816 278.836823 1.472894 -77.697250
15.690264 55.940529 278.059631 1.471421 -77.719551
15.700264 55.955227 277.282227 1.469949 -77.741829
15.710264 55.969913 276.504578 1.468480 -77.764084
15.720264 55.984585 275.726715 1.467011 -77.786324
15.730265 55.999241 274.948639 1.465544 -77.808540
15.740265 56.013882 274.170319 1.464079 -77.830734
15.750265 56.028507 273.391785 1.462614 -77.852905
15.760265 56.043118 272.613037 1.461152 -77.875053
15.770266 56.057713 271.834076 1.459691 -77.897179
15.780266 56.072296 271.054871 1.458231 -77.919281
15.790266 56.086864 270.275452 1.456773 -77.941360
15.800266 56.101418 269.495819 1.455316 -77.963417
15.810266 56.115955 268.715973 1.453861 -77.985451
15.820267 56.130478 267.935913 1.452407 -78.007462
15.830267 56.144989 267.155609 1.450954 -78.029457
15.840267 56.159485 266.375092 1.449503 -78.051430
15.850267 56.173965 265.594360 1.448054 -78.073380
15.860268 56.188431 264.813416 1.446606 -78.095306
15.870268 56.202881 264.032257 1.445159 -78.117210
15.880268 56.217319 263.250854 1.443714 -78.139091
15.890268 56.231743 262.469238 1.442270 -78.160950
15.900269 56.246151 261.687408 1.440828 -78.182785
15.910269 56.260544 260.905365 1.439387 -78.204605
15.920269 56.274921 260.123108 1.437948 -78.226402
15.930269 56.289288 259.340637 1.436510 -78.248177
15.940269 56.303638 258.557953 1.435073 -78.269928
15.950270 56.317974 257.775024 1.433638 -78.291656
15.960270 56.332294 256.991882 1.432205 -78.313362
15.970270 56.346603 256.208527 1.430773 -78.335052
15.980270 56.360897 255.424957 1.429342 -78.356720
15.990271 56.375175 254.641174 1.427913 -78.378365
16.000271 56.389439 253.857178 1.426485 -78.399986
16.010271 56.403690 253.072968 1.425058 -78.421585
16.020271 56.417927 252.288528 1.423633 -78.443161
16.030272 56.432148 251.503876 1.422210 -78.464714
16.040272 56.446358 250.719009 1.420787 -78.486252
16.050272 56.460552 249.933929 1.419367 -78.507767
16.060272 56.474731 249.148636 1.417947 -78.529259
16.070272 56.488895 248.363129 1.416529 -78.550728
16.080273 56.503048 247.577408 1.415113 -78.572174
16.090273 56.517185 246.791473 1.413698 -78.593605
16.100273 56.531307 246.005325 1.412284 -78.615013
16.110273 56.545418 245.218964 1.410872 -78.636398
16.120274 56.559513 244.432388 1.409461 -78.657761
16.130274 56.573593 243.645599 1.408051 -78.679100
16.140274 56.587658 242.858597 1.406643 -78.700424
16.150274 56.601711 242.071381 1.405237 -78.721725
16.160275 56.615749 241.283951 1.403831 -78.743004
16.170275 56.629772 240.496307 1.402428 -78.764259
16.180275 56.643784 239.708450 1.401025 -78.785492
16.190275 56.657780 238.920380 1.399624 -78.806709
16.200275 56.671761 238.132095 1.398224 -78.827904
16.210276 56.685730 237.343597 1.396826 -78.849075
16.220276 56.699684 236.554901 1.395429 -78.870224
16.230276 56.713623 235.765991 1.394034 -78.891357
16.240276 56.727551 234.976868 1.392640 -78.912468
16.250277 56.741463 234.187531 1.391247 -78.933556
16.260277 56.755360 233.397980 1.389856 -78.954620
16.270277 56.769245 232.608231 1.388466 -78.975662
16.280277 56.783115 231.818268 1.387078 -78.996689
16.290277 56.796974 231.028091 1.385691 -79.017693
16.300278 56.810818 230.237701 1.384305 -79.038673
16.310278 56.824646 229.447098 1.382921 -79.059631
16.320278 56.838463 228.656296 1.381538 -79.080574
16.330278 56.852264 227.865280 1.380156 -79.101494
16.340279 56.866051 227.074051 1.378776 -79.122391
16.350279 56.879826 226.282623 1.377397 -79.143265
16.360279 56.893585 225.490982 1.376020 -79.164124
16.370279 56.907333 224.699127 1.374644 -79.184959
16.380280 56.921066 223.907074 1.373269 -79.205772
16.390280 56.934784 223.114807 1.371896 -79.226570
16.400280 56.948490 222.322327 1.370524 -79.247345
16.410280 56.962181 221.529648 1.369154 -79.268097
16.420280 56.975861 220.736755 1.367785 -79.288826
16.430281 56.989525 219.943665 1.366417 -79.309540
16.440281 57.003174 219.150360 1.365050 -79.330231
16.450281 57.016811 218.356857 1.363685 -79.350899
16.460281 57.030434 217.563141 1.362322 -79.371552
16.470282 57.044044 216.769226 1.360959 -79.392181
16.480282 57.057640 215.975098 1.359598 -79.412788
16.490282 57.071224 215.180771 1.358239 -79.433372
16.500282 57.084793 214.386230 1.356880 -79.453941
16.510283 57.098347 213.591492 1.355524 -79.474487
16.520283 57.111889 212.796539 1.354168 -79.495010
16.530283 57.125416 212.001389 1.352814 -79.515518
16.540283 57.138931 211.206024 1.351461 -79.536003
16.550283 57.152431 210.410461 1.350110 -79.556465
16.560284 57.165920 209.614685 1.348759 -79.576912
16.570284 57.179394 208.818710 1.347411 -79.597336
16.580284 57.192856 208.022537 1.346063 -79.617737
16.590284 57.206303 207.226151 1.344717 -79.638123
16.600285 57.219738 206.429565 1.343372 -79.658485
16.610285 57.233158 205.632782 1.342029 -79.678825
16.620285 57.246567 204.835785 1.340687 -79.699150
16.630285 57.259960 204.038589 1.339346 -79.719452
16.640285 57.273342 203.241196 1.338007 -79.739731
16.650286 57.286709 202.443588 1.336669 -79.759995
16.660286 57.300060 201.645782 1.335332 -79.780235
16.670286 57.313400 200.847778 1.333997 -79.800453
16.680286 57.326725 200.049576 1.332663 -79.820656
16.690287 57.340038 199.251175 1.331330 -79.840836
16.700287 57.353340 198.452560 1.329999 -79.860992
16.710287 57.366627 197.653748 1.328669 -79.881134
16.720287 57.379902 196.854736 1.327340 -79.901253
16.730288 57.393162 196.055527 1.326013 -79.921349
16.740288 57.406410 195.256119 1.324687 -79.941429
16.750288 57.419643 194.456497 1.323362 -79.961487
16.760288 57.432865 193.656677 1.322039 -79.981522
16.770288 57.446072 192.856659 1.320717 -80.001541
16.780289 57.459267 192.056442 1.319396 -80.021538
16.790289 57.472446 191.256027 1.318077 -80.041519
16.800289 57.485615 190.455414 1.316759 -80.061478
16.810289 57.498768 189.654602 1.315442 -80.081413
16.820290 57.511909 188.853592 1.314126 -80.101334
16.830290 57.525036 188.052383 1.312812 -80.121231
16.840290 57.538151 187.250977 1.311499 -80.141113
16.850290 57.551254 186.449371 1.310188 -80.160973
16.860291 57.564342 185.647568 1.308878 -80.180809
16.870291 57.577419 184.845566 1.307569 -80.200630
16.880291 57.590481 184.043365 1.306261 -80.220428
16.890291 57.603531 183.240967 1.304955 -80.240211
16.900291 57.616566 182.438370 1.303650 -80.259972
16.910292 57.629589 181.635574 1.302346 -80.279709
16.920292 57.642601 180.832581 1.301044 -80.299431
16.930292 57.655598 180.029388 1.299743 -80.319130
16.940292 57.668583 179.225998 1.298443 -80.338814
16.950293 57.681553 178.422409 1.297145 -80.358475
16.960293 57.694511 177.618622 1.295848 -80.378113
16.970293 57.707458 176.814651 1.294552 -80.397736
16.980293 57.720390 176.010483 1.293257 -80.417336
16.990294 57.733311 175.206116 1.291964 -80.436920
17.000294 57.746216 174.401550 1.290672 -80.456482
17.010294 57.759109 173.596786 1.289381 -80.476028
17.020294 57.771992 172.791824 1.288092 -80.495552
17.030294 57.784859 171.986679 1.286804 -80.515053
17.040295 57.797714 171.181335 1.285517 -80.534538
17.050295 57.810558 170.375793 1.284232 -80.554001
17.060295 57.823387 169.570053 1.282947 -80.573448
17.070295 57.836205 168.764130 1.281664 -80.592873
17.080296 57.849007 167.958008 1.280383 -80.612282
17.090296 57.861797 167.151688 1.279102 -80.631668
17.100296 57.874577 166.345184 1.277823 -80.651039
17.110296 57.887341 165.538483 1.276545 -80.670387
17.120296 57.900093 164.731583 1.275269 -80.689720
17.130297 57.912834 163.924500 1.273994 -80.709030
17.140297 57.925560 163.117218 1.272720 -80.728325
17.150297 57.938274 162.309738 1.271447 -80.747597
17.160297 57.950977 161.502075 1.270175 -80.766846
17.170298 57.963665 160.694214 1.268905 -80.786079
17.180298 57.976341 159.886154 1.267636 -80.805290
17.190298 57.989006 159.077911 1.266369 -80.824486
17.200298 58.001656 158.269470 1.265102 -80.843658
17.210299 58.014294 157.460846 1.263837 -80.862816
17.220299 58.026920 156.652023 1.262573 -80.881950
17.230299 58.039532 155.843018 1.261311 -80.901070
17.240299 58.052132 155.033813 1.260050 -80.920166
17.250299 58.064720 154.224426 1.258790 -80.939247
17.260300 58.077297 153.414841 1.257531 -80.958305
17.270300 58.089859 152.605072 1.256273 -80.977348
17.280300 58.102409 151.795105 1.255017 -80.996368
17.290300 58.114948 150.984955 1.253762 -81.015373
17.300301 58.127472 150.174606 1.252508 -81.034355
17.310301 58.139984 149.364075 1.251256 -81.053322
17.320301 58.152485 148.553345 1.250005 -81.072266
17.330301 58.164974 147.742432 1.248755 -81.091194
17.340302 58.177448 146.931335 1.247506 -81.110100
17.350302 58.189911 146.120041 1.246258 -81.128990
17.360302 58.202362 145.308563 1.245012 -81.147858
17.370302 58.214798 144.496902 1.243767 -81.166710
17.380302 58.227222 143.685043 1.242523 -81.185547
17.390303 58.239635 142.873001 1.241281 -81.204361
17.400303 58.252037 142.060776 1.240039 -81.223160
17.410303 58.264423 141.248352 1.238799 -81.241936
17.420303 58.276798 140.435745 1.237561 -81.260696
17.430304 58.289162 139.622955 1.236323 -81.279434
17.440304 58.301514 138.809967 1.235087 -81.298157
17.450304 58.313850 137.996796 1.233852 -81.316856
17.460304 58.326176 137.183441 1.232618 -81.335541
17.470304 58.338490 136.369904 1.231385 -81.354202
17.480305 58.350792 135.556168 1.230154 -81.372849
17.490305 58.363083 134.742249 1.228924 -81.391472
17.500305 58.375359 133.928146 1.227695 -81.410080
17.510305 58.387623 133.113861 1.226467 -81.428673
17.520306 58.399876 132.299393 1.225241 -81.447243
17.530306 58.412117 131.484741 1.224015 -81.465797
17.540306 58.424343 130.669891 1.222791 -81.484329
17.550306 58.436558 129.854858 1.221568 -81.502846
17.560307 58.448761 129.039642 1.220347 -81.521339
17.570307 58.460953 128.224243 1.219127 -81.539818
17.580307 58.473133 127.408661 1.217907 -81.558281
17.590307 58.485298 126.592896 1.216689 -81.576721
17.600307 58.497452 125.776947 1.215473 -81.595146
17.610308 58.509594 124.960808 1.214257 -81.613548
17.620308 58.521725 124.144485 1.213043 -81.631935
17.630308 58.533844 123.327980 1.211830 -81.650307
17.640308 58.545952 122.511292 1.210618 -81.668655
17.650309 58.558044 121.694420 1.209408 -81.686989
17.660309 58.570126 120.877365 1.208198 -81.705299
17.670309 58.582195 120.060127 1.206990 -81.723595
17.680309 58.594254 119.242706 1.205783 -81.741875
17.690310 58.606300 118.425102 1.204577 -81.760132
17.700310 58.618336 117.607315 1.203373 -81.778374
17.710310 58.630356 116.789352 1.202169 -81.796593
17.720310 58.642365 115.971207 1.200967 -81.814796
17.730310 58.654362 115.152878 1.199766 -81.832985
17.740311 58.666348 114.334366 1.198566 -81.851151
17.750311 58.678322 113.515671 1.197368 -81.869301
17.760311 58.690285 112.696800 1.196170 -81.887428
17.770311 58.702236 111.877747 1.194974 -81.905540
17.780312 58.714172 111.058510 1.193779 -81.923637
17.790312 58.726097 110.239090 1.192586 -81.941711
17.800312 58.738010 109.419495 1.191393 -81.959770
17.810312 58.749912 108.599716 1.190202 -81.977814
17.820312 58.761803 107.779755 1.189011 -81.995834
17.830313 58.773682 106.959618 1.187822 -82.013840
17.840313 58.785549 106.139297 1.186635 -82.031822
17.850313 58.797405 105.318802 1.185448 -82.049789
17.860313 58.809246 104.498123 1.184263 -82.067741
17.870314 58.821075 103.677269 1.183078 -82.085670
17.880314 58.832893 102.856232 1.181895 -82.103584
17.890314 58.844700 102.035019 1.180714 -82.121483
17.900314 58.856495 101.213623 1.179533 -82.139359
17.910315 58.868279 100.392052 1.178353 -82.157219
17.920315 58.880051 99.570297 1.177175 -82.175064
17.930315 58.891811 98.748367 1.175998 -82.192886
17.940315 58.903561 97.926262 1.174822 -82.210693
17.950315 58.915298 97.103973 1.173647 -82.228485
17.960316 58.927025 96.281509 1.172473 -82.246254
17.970316 58.938736 95.458870 1.171301 -82.264008
17.980316 58.950436 94.636055 1.170129 -82.281746
17.990316 58.962124 93.813057 1.168959 -82.299461
18.000317 58.973801 92.989883 1.167790 -82.317162
18.010317 58.985466 92.166534 1.166623 -82.334846
18.020317 58.997120 91.343010 1.165456 -82.352509
18.030317 59.008762 90.519310 1.164290 -82.370155
18.040318 59.020393 89.695435 1.163126 -82.387787
18.050318 59.032013 88.871384 1.161963 -82.405396
18.060318 59.043621 88.047157 1.160801 -82.422989
18.070318 59.055218 87.222748 1.159640 -82.440567
18.080318 59.066803 86.398163 1.158481 -82.458130
18.090319 59.078377 85.573402 1.157322 -82.475670
18.100319 59.089939 84.748474 1.156165 -82.493195
18.110319 59.101490 83.923370 1.155009 -82.510704
18.120319 59.113029 83.098091 1.153854 -82.528191
18.130320 59.124557 82.272636 1.152700 -82.545662
18.140320 59.136074 81.447006 1.151547 -82.563118
18.150320 59.147579 80.621201 1.150395 -82.580551
18.160320 59.159073 79.795219 1.149245 -82.597969
18.170321 59.170555 78.969063 1.148096 -82.615372
18.180321 59.182026 78.142738 1.146948 -82.632759
18.190321 59.193485 77.316238 1.145801 -82.650124
18.200321 59.204933 76.489563 1.144655 -82.667473
18.210321 59.216370 75.662712 1.143510 -82.684807
18.220322 59.227795 74.835693 1.142367 -82.702126
18.230322 59.239208 74.008499 1.141224 -82.719421
18.240322 59.250610 73.181129 1.140083 -82.736702
18.250322 59.262001 72.353592 1.138943 -82.753967
18.260323 59.273380 71.525879 1.137804 -82.771210
18.270323 59.284748 70.697998 1.136666 -82.788437
18.280323 59.296104 69.869942 1.135530 -82.805649
18.290323 59.307449 69.041710 1.134394 -82.822845
18.300323 59.318783 68.213310 1.133260 -82.840019
18.310324 59.330105 67.384735 1.132126 -82.857178
18.320324 59.341415 66.555992 1.130994 -82.874321
18.330324 59.352715 65.727081 1.129863 -82.891449
18.340324 59.364002 64.897995 1.128734 -82.908554
18.350325 59.375278 64.068741 1.127605 -82.925644
18.360325 59.386543 63.239315 1.126477 -82.942719
18.370325 59.397797 62.409718 1.125351 -82.959778
18.380325 59.409039 61.579948 1.124225 -82.976814
18.390326 59.420269 60.750011 1.123101 -82.993835
18.400326 59.431488 59.919903 1.121978 -83.010841
18.410326 59.442696 59.089626 1.120856 -83.027832
18.420326 59.453892 58.259178 1.119735 -83.044807
18.430326 59.465076 57.428562 1.118615 -83.061760
18.440327 59.476250 56.597775 1.117497 -83.078697
18.450327 59.487415 55.766819 1.116379 -83.095619
18.460327 59.498569 54.935692 1.115263 -83.112526
18.470327 59.509712 54.104397 1.114148 -83.129410
18.480328 59.520844 53.272934 1.113033 -83.146278
18.490328 59.531963 52.441303 1.111920 -83.163132
18.500328 59.543072 51.609505 1.110808 -83.179970
18.510328 59.554169 50.777538 1.109698 -83.196793
18.520329 59.565254 49.945404 1.108588 -83.213593
18.530329 59.576328 49.113102 1.107479 -83.230377
18.540329 59.587391 48.280632 1.106372 -83.247147
18.550329 59.598442 47.447994 1.105265 -83.263901
18.560329 59.609482 46.615189 1.104160 -83.280640
18.570330 59.620514 45.782215 1.103056 -83.297356
18.580330 59.631535 44.949074 1.101953 -83.314056
18.590330 59.642544 44.115765 1.100851 -83.330742
18.600330 59.653542 43.282291 1.099750 -83.347412
18.610331 59.664528 42.448650 1.098650 -83.364067
18.620331 59.675503 41.614841 1.097552 -83.380707
18.630331 59.686466 40.780869 1.096454 -83.397324
18.640331 59.697418 39.946728 1.095358 -83.413925
18.650331 59.708363 39.112423 1.094262 -83.430511
18.660332 59.719296 38.277950 1.093168 -83.447083
18.670332 59.730217 37.443314 1.092075 -83.463638
18.680332 59.741127 36.608513 1.090983 -83.480171
18.690332 59.752026 35.773544 1.089892 -83.496689
18.700333 59.762913 34.938412 1.088802 -83.513191
18.710333 59.773788 34.103115 1.087713 -83.529678
18.720333 59.784657 33.267654 1.086625 -83.546150
18.730333 59.795513 32.432030 1.085539 -83.562607
18.740334 59.806358 31.596239 1.084453 -83.579041
18.750334 59.817192 30.760284 1.083369 -83.595459
18.760334 59.828014 29.924166 1.082286 -83.611862
18.770334 59.838825 29.087883 1.081203 -83.628250
18.780334 59.849625 28.251436 1.080122 -83.644623
18.790335 59.860416 27.414827 1.079042 -83.660980
18.800335 59.871197 26.578054 1.077963 -83.677322
18.810335 59.881966 25.741117 1.076885 -83.693642
18.820335 59.892723 24.904018 1.075808 -83.709946
18.830336 59.903469 24.066755 1.074732 -83.726234
18.840336 59.914207 23.229330 1.073657 -83.742508
18.850336 59.924934 22.391743 1.072584 -83.758766
18.860336 59.935650 21.553993 1.071511 -83.775009
18.870337 59.946354 20.716082 1.070440 -83.791237
18.880337 59.957047 19.878008 1.069369 -83.807449
18.890337 59.967728 19.039772 1.068300 -83.823639
18.900337 59.978401 18.201374 1.067231 -83.839813
18.910337 59.989063 17.362814 1.066164 -83.855972
18.920338 59.999714 16.524094 1.065098 -83.872116
18.930338 60.010353 15.685211 1.064033 -83.888245
18.940338 60.020985 14.846168 1.062969 -83.904358
18.950338 60.031605 14.006963 1.061906 -83.920456
18.960339 60.042213 13.167598 1.060844 -83.936539
18.970339 60.052811 12.328072 1.059783 -83.952599
18.980339 60.063396 11.488385 1.058723 -83.968643
18.990339 60.073975 10.648539 1.057665 -83.984673
19.000340 60.084541 9.808532 1.056607 -84.000687
19.010340 60.095097 8.968365 1.055550 -84.016685
19.020340 60.105640 8.128038 1.054495 -84.032669
19.030340 60.116177 7.287552 1.053440 -84.048637
19.040340 60.126701 6.446906 1.052387 -84.064590
19.050341 60.137215 5.606101 1.051334 -84.080528
19.060341 60.147717 4.765137 1.050283 -84.096451
19.070341 60.158211 3.924013 1.049233 -84.112358
19.080341 60.168694 3.082731 1.048184 -84.128242
19.090342 60.179165 2.241290 1.047135 -84.144112
19.100342 60.189625 1.399690 1.046088 -84.159966
19.110342 60.200077 .557932 1.045042 -84.175804
