.000000 .000000 1000.000000 10.000000 .000000
.010000 .099900 999.999023 9.990000 -.100000
.020000 .199700 999.997009 9.980010 -.199900
.030000 .299400 999.994019 9.970030 -.299700
.040000 .399001 999.990051 9.960060 -.399400
.050000 .498502 999.985046 9.950100 -.499001
.060000 .597903 999.979065 9.940150 -.598502
.070000 .697206 999.972107 9.930210 -.697904
.080000 .796408 999.964111 9.920280 -.797206
.090000 .895512 999.955139 9.910359 -.896408
.100000 .994516 999.945190 9.900449 -.995512
.110000 1.093422 999.934265 9.890549 -1.094517
.120000 1.192229 999.922302 9.880658 -1.193422
.130000 1.290936 999.909363 9.870777 -1.292229
.140000 1.389545 999.895447 9.860907 -1.390936
.150000 1.488056 999.880554 9.851046 -1.489545
.160000 1.586468 999.864685 9.841194 -1.588056
.170000 1.684781 999.847839 9.831353 -1.686468
.180000 1.782997 999.830017 9.821522 -1.784781
.190000 1.881114 999.811157 9.811700 -1.882997
.200000 1.979133 999.791321 9.801888 -1.981114
.210000 2.077053 999.770508 9.792087 -2.079133
.220000 2.174876 999.748718 9.782294 -2.177053
.230000 2.272601 999.725952 9.772512 -2.274876
.240000 2.370229 999.702209 9.762740 -2.372602
.250000 2.467759 999.677490 9.752977 -2.470229
.260000 2.565191 999.651794 9.743224 -2.567759
.270000 2.662526 999.625122 9.733480 -2.665191
.280000 2.759763 999.597473 9.723747 -2.762526
.290000 2.856904 999.568848 9.714024 -2.859763
.300000 2.953947 999.539307 9.704309 -2.956903
.310000 3.050893 999.508789 9.694605 -3.053946
.320000 3.147742 999.477295 9.684910 -3.150892
.330000 3.244494 999.444824 9.675225 -3.247742
.340000 3.341150 999.411377 9.665550 -3.344494
.350000 3.437708 999.376953 9.655885 -3.441149
.360000 3.534171 999.341553 9.646229 -3.537708
.370000 3.630537 999.305237 9.636582 -3.634171
.380000 3.726806 999.267944 9.626945 -3.730536
.390000 3.822979 999.229675 9.617318 -3.826806
.400000 3.919056 999.190430 9.607701 -3.922979
.410000 4.015037 999.150269 9.598094 -4.019056
.420000 4.110922 999.109131 9.588496 -4.115037
.430000 4.206711 999.067017 9.578908 -4.210922
.440000 4.302404 999.023926 9.569329 -4.306711
.450000 4.398002 998.979919 9.559760 -4.402404
.460000 4.493504 998.934937 9.550200 -4.498002
.470000 4.588910 998.888977 9.540650 -4.593504
.480000 4.684221 998.842102 9.531110 -4.688910
.490000 4.779437 998.794250 9.521579 -4.784222
.500000 4.874557 998.745483 9.512057 -4.879437
.510000 4.969583 998.695740 9.502545 -4.974558
.520000 5.064514 998.645020 9.493043 -5.069583
.530000 5.159349 998.593384 9.483550 -5.164514
.540000 5.254090 998.540771 9.474067 -5.259349
.550000 5.348736 998.487244 9.464593 -5.354090
.560000 5.443287 998.432739 9.455129 -5.448736
.570000 5.537744 998.377319 9.445674 -5.543287
.580000 5.632106 998.320923 9.436228 -5.637744
.590000 5.726374 998.263611 9.426791 -5.732106
.600000 5.820547 998.205322 9.417364 -5.826374
.610000 5.914627 998.146118 9.407947 -5.920547
.620000 6.008612 998.085999 9.398539 -6.014627
.630000 6.102504 998.024902 9.389140 -6.108613
.640000 6.196301 997.962891 9.379751 -6.202504
.650000 6.290005 997.899902 9.370372 -6.296302
.660000 6.383615 997.835999 9.361001 -6.390006
.670000 6.477131 997.771179 9.351640 -6.483615
.680000 6.570554 997.705383 9.342288 -6.577132
.690000 6.663884 997.638672 9.332946 -6.670555
.700000 6.757120 997.571045 9.323613 -6.763884
.710000 6.850263 997.502502 9.314289 -6.857120
.720000 6.943312 997.432983 9.304975 -6.950263
.730000 7.036269 997.362549 9.295670 -7.043313
.740000 7.129132 997.291199 9.286374 -7.136269
.750000 7.221903 997.218933 9.277088 -7.229133
.760000 7.314581 997.145691 9.267811 -7.321904
.770000 7.407167 997.071533 9.258543 -7.414582
.780000 7.499660 996.996460 9.249285 -7.507167
.790000 7.592061 996.920471 9.240035 -7.599660
.800000 7.684369 996.843567 9.230795 -7.692061
.810000 7.776584 996.765747 9.221564 -7.784369
.820000 7.868708 996.687012 9.212342 -7.876585
.830000 7.960739 996.607300 9.203130 -7.968708
.839999 8.052678 996.526672 9.193927 -8.060740
.849999 8.144526 996.445129 9.184732 -8.152678
.859999 8.236281 996.362671 9.175548 -8.244526
.869999 8.327945 996.279297 9.166372 -8.336282
.879999 8.419517 996.195007 9.157206 -8.427945
.889999 8.510997 996.109802 9.148048 -8.519517
.899999 8.602386 996.023682 9.138901 -8.610997
.909999 8.693683 995.936646 9.129762 -8.702386
.919999 8.784889 995.848694 9.120632 -8.793683
.929999 8.876004 995.759827 9.111511 -8.884890
.939999 8.967029 995.670044 9.102400 -8.976005
.949999 9.057961 995.579346 9.093297 -9.067029
.959999 9.148804 995.487793 9.084204 -9.157962
.969999 9.239555 995.395325 9.075120 -9.248804
.979999 9.330215 995.301941 9.066045 -9.339556
.989999 9.420785 995.207642 9.056979 -9.430216
.999999 9.511264 995.112427 9.047922 -9.520785
1.009999 9.601652 995.016296 9.038875 -9.611264
1.019999 9.691951 994.919250 9.029836 -9.701653
1.029999 9.782159 994.821350 9.020806 -9.791951
1.039999 9.872276 994.722534 9.011786 -9.882159
1.049999 9.962304 994.622803 9.002773 -9.972277
1.059999 10.052242 994.522156 8.993771 -10.062304
1.069999 10.142090 994.420654 8.984776 -10.152243
1.079999 10.231848 994.318237 8.975792 -10.242090
1.089999 10.321516 994.214905 8.966816 -10.331848
1.099999 10.411095 994.110718 8.957850 -10.421516
1.109999 10.500584 994.005615 8.948892 -10.511095
1.119999 10.589983 993.899597 8.939942 -10.600584
1.129999 10.679293 993.792725 8.931003 -10.689983
1.139999 10.768514 993.684937 8.922071 -10.779293
1.149999 10.857645 993.576233 8.913150 -10.868514
1.159999 10.946688 993.466675 8.904237 -10.957645
1.169999 11.035641 993.356201 8.895332 -11.046688
1.179999 11.124505 993.244873 8.886437 -11.135641
1.189999 11.213281 993.132629 8.877551 -11.224505
1.199999 11.301968 993.019470 8.868673 -11.313281
1.209999 11.390566 992.905457 8.859805 -11.401968
1.219999 11.479075 992.790527 8.850945 -11.490566
1.229999 11.567496 992.674744 8.842094 -11.579076
1.239999 11.655828 992.558044 8.833252 -11.667497
1.249999 11.744073 992.440491 8.824419 -11.755829
1.259999 11.832229 992.322021 8.815595 -11.844073
1.269999 11.920297 992.202698 8.806779 -11.932229
1.279999 12.008276 992.082520 8.797972 -12.020297
1.289999 12.096168 991.961426 8.789174 -12.108276
1.299999 12.183971 991.839478 8.780385 -12.196168
1.309999 12.271688 991.716614 8.771605 -12.283972
1.319999 12.359316 991.592896 8.762833 -12.371688
1.329999 12.446856 991.468323 8.754070 -12.459316
1.339999 12.534309 991.342834 8.745317 -12.546857
1.349999 12.621675 991.216492 8.736571 -12.634310
1.359999 12.708954 991.089294 8.727835 -12.721676
1.369999 12.796144 990.961182 8.719107 -12.808954
1.379999 12.883248 990.832214 8.710387 -12.896145
1.389999 12.970265 990.702393 8.701676 -12.983249
1.399999 13.057195 990.571716 8.692975 -13.070266
1.409999 13.144037 990.440125 8.684282 -13.157195
1.419999 13.230793 990.307678 8.675598 -13.244038
1.429999 13.317462 990.174377 8.666923 -13.330793
1.439999 13.404044 990.040222 8.658256 -13.417462
1.449999 13.490541 989.905151 8.649597 -13.504045
1.459999 13.576950 989.769226 8.640947 -13.590541
1.469999 13.663273 989.632446 8.632306 -13.676950
1.479999 13.749510 989.494812 8.623673 -13.763273
1.489999 13.835660 989.356323 8.615049 -13.849510
1.499999 13.921724 989.216980 8.606434 -13.935660
1.509999 14.007703 989.076782 8.597828 -14.021725
1.519999 14.093596 988.935730 8.589231 -14.107703
1.529999 14.179402 988.793823 8.580642 -14.193596
1.539999 14.265123 988.651001 8.572062 -14.279403
1.549999 14.350759 988.507324 8.563490 -14.365124
1.559999 14.436308 988.362793 8.554927 -14.450759
1.569999 14.521771 988.217407 8.546372 -14.536308
1.579999 14.607150 988.071167 8.537826 -14.621772
1.589999 14.692443 987.924072 8.529287 -14.707150
1.599999 14.777651 987.776123 8.520758 -14.792443
1.609999 14.862773 987.627319 8.512237 -14.877651
1.619999 14.947810 987.477661 8.503724 -14.962773
1.629999 15.032763 987.327209 8.495220 -15.047811
1.639999 15.117630 987.175903 8.486725 -15.132763
1.649999 15.202413 987.023743 8.478238 -15.217630
1.659999 15.287110 986.870728 8.469760 -15.302413
1.669999 15.371723 986.716858 8.461290 -15.387111
1.679999 15.456251 986.562134 8.452829 -15.471724
1.689999 15.540695 986.406555 8.444377 -15.556252
1.699999 15.625054 986.250122 8.435932 -15.640696
1.709999 15.709330 986.092896 8.427496 -15.725055
1.719999 15.793520 985.934814 8.419068 -15.809330
1.729999 15.877626 985.775879 8.410649 -15.893520
1.739999 15.961649 985.616089 8.402239 -15.977627
1.749999 16.045588 985.455444 8.393837 -16.061649
1.759999 16.129442 985.294006 8.385443 -16.145588
1.769999 16.213213 985.131714 8.377057 -16.229443
1.779999 16.296900 984.968567 8.368680 -16.313213
1.789999 16.380503 984.804626 8.360312 -16.396900
1.799999 16.464022 984.639832 8.351952 -16.480503
1.809999 16.547457 984.474182 8.343599 -16.564022
1.819999 16.630810 984.307678 8.335256 -16.647457
1.829999 16.714079 984.140381 8.326921 -16.730810
1.839999 16.797264 983.972229 8.318594 -16.814079
1.849999 16.880367 983.803284 8.310275 -16.897264
1.859999 16.963387 983.633484 8.301965 -16.980368
1.869999 17.046324 983.462830 8.293663 -17.063387
1.879999 17.129177 983.291382 8.285369 -17.146324
1.889999 17.211948 983.119080 8.277083 -17.229177
1.899999 17.294636 982.945984 8.268806 -17.311949
1.909999 17.377241 982.772034 8.260538 -17.394636
1.919999 17.459764 982.597290 8.252277 -17.477242
1.929999 17.542204 982.421692 8.244025 -17.559765
1.939999 17.624561 982.245300 8.235782 -17.642204
1.949998 17.706837 982.068054 8.227546 -17.724562
1.959998 17.789030 981.890015 8.219318 -17.806837
1.969998 17.871141 981.711121 8.211099 -17.889030
1.979998 17.953171 981.531433 8.202888 -17.971142
1.989998 18.035118 981.350891 8.194685 -18.053171
1.999998 18.116983 981.169556 8.186490 -18.135118
2.009999 18.198767 980.987366 8.178304 -18.216984
2.019999 18.280468 980.804382 8.170125 -18.298767
2.029999 18.362087 980.620605 8.161955 -18.380468
2.039999 18.443624 980.435974 8.153793 -18.462088
2.049999 18.525082 980.250549 8.145639 -18.543625
2.059999 18.606457 980.064270 8.137494 -18.625082
2.069999 18.687750 979.877197 8.129356 -18.706457
2.079998 18.768963 979.689331 8.121227 -18.787750
2.089998 18.850094 979.500671 8.113106 -18.868963
2.099998 18.931145 979.311157 8.104993 -18.950094
2.109998 19.012114 979.120850 8.096888 -19.031143
2.119998 19.093002 978.929749 8.088791 -19.112112
2.129998 19.173809 978.737793 8.080702 -19.193001
2.139998 19.254536 978.545044 8.072621 -19.273808
2.149998 19.335180 978.351501 8.064548 -19.354534
2.159998 19.415745 978.157166 8.056484 -19.435179
2.169998 19.496229 977.962036 8.048428 -19.515743
2.179998 19.576633 977.766052 8.040380 -19.596228
2.189998 19.656958 977.569275 8.032339 -19.676632
2.199998 19.737200 977.371704 8.024306 -19.756956
2.209998 19.817362 977.173340 8.016282 -19.837198
2.219998 19.897444 976.974182 8.008265 -19.917360
2.229998 19.977446 976.774231 8.000257 -19.997442
2.239998 20.057367 976.573486 7.992257 -20.077444
2.249998 20.137211 976.371887 7.984265 -20.157366
2.259998 20.216974 976.169495 7.976281 -20.237209
2.269998 20.296658 975.966309 7.968305 -20.316973
2.279998 20.376261 975.762329 7.960336 -20.396656
2.289998 20.455784 975.557556 7.952376 -20.476259
2.299998 20.535229 975.351990 7.944424 -20.555782
2.309998 20.614594 975.145630 7.936479 -20.635227
2.319998 20.693878 974.938477 7.928543 -20.714592
2.329998 20.773085 974.730530 7.920614 -20.793877
2.339998 20.852211 974.521790 7.912694 -20.873083
2.349998 20.931259 974.312256 7.904781 -20.952209
2.359998 21.010227 974.101929 7.896876 -21.031258
2.369998 21.089117 973.890808 7.888979 -21.110226
2.379998 21.167929 973.678894 7.881090 -21.189116
2.389998 21.246660 973.466187 7.873209 -21.267927
2.399998 21.325314 973.252747 7.865336 -21.346659
2.409998 21.403889 973.038513 7.857471 -21.425312
2.419998 21.482386 972.823486 7.849613 -21.503887
2.429998 21.560802 972.607666 7.841763 -21.582384
2.439998 21.639141 972.391052 7.833922 -21.660801
2.449998 21.717402 972.173645 7.826088 -21.739140
2.459998 21.795584 971.955444 7.818262 -21.817400
2.469998 21.873688 971.736511 7.810444 -21.895582
2.479998 21.951714 971.516785 7.802633 -21.973686
2.489998 22.029661 971.296265 7.794831 -22.051712
2.499998 22.107531 971.074951 7.787036 -22.129660
2.509998 22.185324 970.852905 7.779249 -22.207529
2.519998 22.263039 970.630066 7.771470 -22.285322
2.529998 22.340675 970.406433 7.763698 -22.363037
2.539998 22.418234 970.182007 7.755934 -22.440674
2.549998 22.495716 969.956848 7.748178 -22.518232
2.559998 22.573120 969.730896 7.740430 -22.595715
2.569998 22.650448 969.504150 7.732690 -22.673119
2.579998 22.727697 969.276672 7.724957 -22.750446
2.589998 22.804871 969.048401 7.717232 -22.827696
2.599998 22.881966 968.819336 7.709515 -22.904869
2.609998 22.958984 968.589539 7.701806 -22.981964
2.619998 23.035925 968.358948 7.694104 -23.058983
2.629998 23.112789 968.127563 7.686409 -23.135923
2.639998 23.189577 967.895447 7.678723 -23.212788
2.649998 23.266287 967.662537 7.671044 -23.289576
2.659998 23.342920 967.428894 7.663373 -23.366285
2.669998 23.419477 967.194458 7.655710 -23.442919
2.679998 23.495958 966.959290 7.648055 -23.519476
2.689998 23.572363 966.723328 7.640407 -23.595957
2.699998 23.648691 966.486633 7.632766 -23.672361
2.709998 23.724943 966.249146 7.625134 -23.748690
2.719998 23.801119 966.010925 7.617508 -23.824942
2.729998 23.877218 965.771912 7.609891 -23.901117
2.739998 23.953241 965.532166 7.602281 -23.977217
2.749998 24.029188 965.291626 7.594679 -24.053240
2.759998 24.105059 965.050354 7.587084 -24.129187
2.769998 24.180853 964.808289 7.579497 -24.205057
2.779998 24.256573 964.565491 7.571918 -24.280851
2.789998 24.332216 964.321899 7.564346 -24.356571
2.799998 24.407784 964.077576 7.556782 -24.432215
2.809998 24.483276 963.832520 7.549225 -24.507782
2.819998 24.558693 963.586670 7.541676 -24.583275
2.829998 24.634035 963.340088 7.534134 -24.658691
2.839998 24.709301 963.092773 7.526600 -24.734034
2.849998 24.784492 962.844666 7.519073 -24.809299
2.859998 24.859608 962.595825 7.511554 -24.884491
2.869998 24.934649 962.346252 7.504043 -24.959606
2.879998 25.009613 962.095886 7.496539 -25.034647
2.889998 25.084503 961.844788 7.489042 -25.109612
2.899998 25.159319 961.592957 7.481553 -25.184502
2.909998 25.234060 961.340393 7.474072 -25.259317
2.919998 25.308725 961.087036 7.466598 -25.334059
2.929998 25.383316 960.832947 7.459131 -25.408724
2.939998 25.457832 960.578125 7.451672 -25.483315
2.949998 25.532274 960.322571 7.444220 -25.557831
2.959998 25.606642 960.066223 7.436776 -25.632273
2.969998 25.680935 959.809143 7.429339 -25.706640
2.979998 25.755154 959.551331 7.421910 -25.780933
2.989998 25.829298 959.292786 7.414488 -25.855152
2.999998 25.903368 959.033508 7.407073 -25.929296
3.009998 25.977365 958.773499 7.399666 -26.003366
3.019998 26.051289 958.512695 7.392267 -26.077364
3.029998 26.125137 958.251160 7.384874 -26.151287
3.039998 26.198912 957.988892 7.377490 -26.225136
3.049998 26.272614 957.725891 7.370112 -26.298910
3.059998 26.346241 957.462158 7.362742 -26.372612
3.069998 26.419794 957.197693 7.355379 -26.446239
3.079998 26.493275 956.932495 7.348024 -26.519793
3.089998 26.566681 956.666565 7.340676 -26.593273
3.099998 26.640015 956.399902 7.333335 -26.666679
3.109998 26.713274 956.132507 7.326002 -26.740013
3.119998 26.786461 955.864380 7.318676 -26.813272
3.129997 26.859575 955.595520 7.311357 -26.886459
3.139997 26.932615 955.325928 7.304046 -26.959574
3.149997 27.005583 955.055603 7.296741 -27.032614
3.159997 27.078478 954.784546 7.289445 -27.105581
3.169997 27.151299 954.512756 7.282156 -27.178476
3.179997 27.224047 954.240234 7.274873 -27.251297
3.189997 27.296722 953.966980 7.267598 -27.324045
3.199997 27.369326 953.692993 7.260331 -27.396721
3.209997 27.441856 953.418274 7.253070 -27.469324
3.219997 27.514315 953.142883 7.245817 -27.541855
3.229997 27.586700 952.866760 7.238571 -27.614313
3.239997 27.659014 952.589905 7.231333 -27.686699
3.249997 27.731255 952.312317 7.224102 -27.759012
3.259997 27.803423 952.033997 7.216877 -27.831253
3.269997 27.875519 951.754944 7.209661 -27.903421
3.279997 27.947544 951.475159 7.202451 -27.975517
3.289997 28.019497 951.194702 7.195248 -28.047543
3.299997 28.091377 950.913513 7.188053 -28.119495
3.309997 28.163185 950.631592 7.180865 -28.191376
3.319997 28.234922 950.348938 7.173684 -28.263184
3.329997 28.306587 950.065613 7.166511 -28.334921
3.339997 28.378181 949.781555 7.159344 -28.406586
3.349997 28.449703 949.496765 7.152185 -28.478180
3.359997 28.521154 949.211243 7.145033 -28.549702
3.369997 28.592533 948.925049 7.137888 -28.621153
3.379997 28.663841 948.638123 7.130750 -28.692532
3.389997 28.735077 948.350464 7.123620 -28.763840
3.399997 28.806242 948.062134 7.116496 -28.835075
3.409997 28.877337 947.773071 7.109380 -28.906240
3.419997 28.948359 947.483276 7.102271 -28.977335
3.429997 29.019310 947.192810 7.095168 -29.048357
3.439997 29.090191 946.901611 7.088073 -29.119308
3.449997 29.161001 946.609680 7.080985 -29.190189
3.459997 29.231741 946.317078 7.073904 -29.261000
3.469997 29.302410 946.023743 7.066830 -29.331739
3.479997 29.373007 945.729736 7.059763 -29.402409
3.489997 29.443533 945.434998 7.052703 -29.473005
3.499997 29.513988 945.139587 7.045650 -29.543531
3.509997 29.584375 944.843445 7.038605 -29.613987
3.519997 29.654692 944.546631 7.031566 -29.684374
3.529997 29.724937 944.249084 7.024535 -29.754690
3.539997 29.795113 943.950806 7.017510 -29.824936
3.549997 29.865217 943.651855 7.010492 -29.895111
3.559997 29.935251 943.352173 7.003482 -29.965216
3.569997 30.005217 943.051819 6.996479 -30.035250
3.579997 30.075111 942.750793 6.989482 -30.105215
3.589997 30.144936 942.449036 6.982492 -30.175110
3.599997 30.214691 942.146606 6.975510 -30.244934
3.609997 30.284376 941.843445 6.968534 -30.314690
3.619997 30.353992 941.539612 6.961566 -30.384375
3.629997 30.423538 941.235046 6.954605 -30.453991
3.639997 30.493015 940.929810 6.947650 -30.523537
3.649997 30.562422 940.623901 6.940702 -30.593014
3.659997 30.631760 940.317261 6.933762 -30.662420
3.669997 30.701029 940.009949 6.926828 -30.731758
3.679997 30.770227 939.701965 6.919901 -30.801027
3.689997 30.839357 939.393250 6.912981 -30.870226
3.699997 30.908419 939.083862 6.906068 -30.939356
3.709997 30.977409 938.773804 6.899162 -31.008417
3.719997 31.046331 938.463013 6.892262 -31.077408
3.729997 31.115185 938.151550 6.885370 -31.146330
3.739997 31.183969 937.839417 6.878485 -31.215183
3.749997 31.252686 937.526550 6.871606 -31.283968
3.759997 31.321333 937.213013 6.864735 -31.352684
3.769997 31.389912 936.898804 6.857870 -31.421331
3.779997 31.458422 936.583923 6.851012 -31.489910
3.789997 31.526863 936.268311 6.844161 -31.558420
3.799997 31.595236 935.952026 6.837317 -31.626862
3.809997 31.663540 935.635071 6.830480 -31.695234
3.819997 31.731777 935.317444 6.823649 -31.763538
3.829997 31.799946 934.999146 6.816825 -31.831776
3.839997 31.868046 934.680176 6.810009 -31.899944
3.849997 31.936077 934.360474 6.803198 -31.968044
3.859997 32.004040 934.040100 6.796395 -32.036076
3.869997 32.071938 933.719055 6.789599 -32.104038
3.879997 32.139767 933.397339 6.782809 -32.171936
3.889997 32.207527 933.074951 6.776026 -32.239765
3.899997 32.275219 932.751892 6.769250 -32.307526
3.909997 32.342842 932.428162 6.762481 -32.375217
3.919997 32.410400 932.103760 6.755719 -32.442841
3.929997 32.477890 931.778625 6.748963 -32.510399
3.939997 32.545311 931.452820 6.742214 -32.577888
3.949997 32.612667 931.126343 6.735472 -32.645309
3.959997 32.679955 930.799194 6.728736 -32.712666
3.969997 32.747173 930.471375 6.722008 -32.779953
3.979997 32.814327 930.142883 6.715286 -32.847172
3.989997 32.881413 929.813721 6.708570 -32.914326
3.999997 32.948433 929.483887 6.701862 -32.981411
4.009997 33.015385 929.153381 6.695160 -33.048431
4.019997 33.082268 928.822205 6.688465 -33.115383
4.029997 33.149086 928.490356 6.681776 -33.182266
4.039998 33.215836 928.157837 6.675094 -33.249084
4.049998 33.282520 927.824707 6.668419 -33.315834
4.059998 33.349136 927.490906 6.661750 -33.382519
4.069998 33.415688 927.156433 6.655088 -33.449135
4.079998 33.482170 926.821289 6.648433 -33.515686
4.089999 33.548588 926.485474 6.641785 -33.582169
4.099999 33.614941 926.148987 6.635143 -33.648586
4.109999 33.681225 925.811829 6.628508 -33.714939
4.119999 33.747444 925.473999 6.621879 -33.781223
4.130000 33.813599 925.135498 6.615257 -33.847443
4.140000 33.879684 924.796387 6.608642 -33.913593
4.150000 33.945705 924.456604 6.602034 -33.979679
4.160000 34.011662 924.116150 6.595432 -34.045700
4.170001 34.077549 923.775024 6.588836 -34.111656
4.180001 34.143372 923.433228 6.582247 -34.177544
4.190001 34.209129 923.090820 6.575665 -34.243366
4.200001 34.274818 922.747742 6.569089 -34.309124
4.210001 34.340443 922.403992 6.562521 -34.374813
4.220002 34.406002 922.059570 6.555958 -34.440437
4.230002 34.471497 921.714539 6.549402 -34.505997
4.240002 34.536926 921.368835 6.542852 -34.571491
4.250002 34.602291 921.022461 6.536310 -34.636921
4.260003 34.667587 920.675415 6.529773 -34.702286
4.270003 34.732819 920.327759 6.523243 -34.767582
4.280003 34.797985 919.979431 6.516720 -34.832813
4.290003 34.863087 919.630432 6.510203 -34.897980
4.300004 34.928123 919.280823 6.503693 -34.963081
4.310004 34.993095 918.930542 6.497190 -35.028118
4.320004 35.058002 918.579590 6.490692 -35.093090
4.330004 35.122845 918.228027 6.484201 -35.157997
4.340004 35.187622 917.875793 6.477717 -35.222839
4.350005 35.252335 917.522888 6.471240 -35.287617
4.360005 35.316982 917.169373 6.464768 -35.352329
4.370005 35.381565 916.815186 6.458303 -35.416977
4.380005 35.446083 916.460388 6.451845 -35.481560
4.390006 35.510536 916.104919 6.445394 -35.546078
4.400006 35.574924 915.748840 6.438948 -35.610531
4.410006 35.639248 915.392090 6.432509 -35.674919
4.420006 35.703510 915.034668 6.426077 -35.739243
4.430007 35.767708 914.676636 6.419651 -35.803505
4.440007 35.831841 914.317932 6.413231 -35.867702
4.450007 35.895908 913.958618 6.406818 -35.931835
4.460007 35.959911 913.598633 6.400411 -35.995903
4.470007 36.023853 913.238037 6.394011 -36.059906
4.480008 36.087730 912.876770 6.387617 -36.123848
4.490008 36.151543 912.514893 6.381229 -36.187725
4.500008 36.215290 912.152405 6.374848 -36.251537
4.510008 36.278976 911.789246 6.368473 -36.315285
4.520009 36.342598 911.425476 6.362104 -36.378971
4.530009 36.406155 911.061035 6.355742 -36.442593
4.540009 36.469650 910.695984 6.349387 -36.506149
4.550009 36.533081 910.330261 6.343037 -36.569645
4.560009 36.596447 909.963928 6.336694 -36.633076
4.570010 36.659752 909.596985 6.330358 -36.696442
4.580010 36.722992 909.229370 6.324027 -36.759747
4.590010 36.786167 908.861145 6.317703 -36.822987
4.600010 36.849281 908.492310 6.311386 -36.886162
4.610011 36.912331 908.122803 6.305074 -36.949276
4.620011 36.975319 907.752686 6.298769 -37.012325
4.630011 37.038242 907.381958 6.292470 -37.075314
4.640011 37.101105 907.010559 6.286178 -37.138237
4.650012 37.163902 906.638550 6.279892 -37.201099
4.660012 37.226639 906.265930 6.273612 -37.263897
4.670012 37.289310 905.892639 6.267338 -37.326633
4.680012 37.351921 905.518738 6.261071 -37.389305
4.690012 37.414471 905.144226 6.254810 -37.451916
4.700013 37.476955 904.769104 6.248555 -37.514465
4.710013 37.539379 904.393311 6.242307 -37.576950
4.720013 37.601738 904.016907 6.236064 -37.639374
4.730013 37.664036 903.639893 6.229828 -37.701733
4.740014 37.726273 903.262268 6.223598 -37.764030
4.750014 37.788445 902.884033 6.217375 -37.826267
4.760014 37.850555 902.505127 6.211157 -37.888439
4.770014 37.912605 902.125610 6.204946 -37.950550
4.780015 37.974594 901.745483 6.198741 -38.012600
4.790015 38.036518 901.364746 6.192542 -38.074589
4.800015 38.098381 900.983398 6.186349 -38.136513
4.810015 38.160183 900.601440 6.180163 -38.198376
4.820015 38.221924 900.218811 6.173983 -38.260178
4.830016 38.283604 899.835571 6.167809 -38.321918
4.840016 38.345219 899.451721 6.161641 -38.383598
4.850016 38.406773 899.067261 6.155479 -38.445213
4.860016 38.468266 898.682190 6.149323 -38.506767
4.870017 38.529697 898.296509 6.143174 -38.568260
4.880017 38.591068 897.910217 6.137031 -38.629692
4.890017 38.652378 897.523315 6.130894 -38.691063
4.900017 38.713627 897.135803 6.124763 -38.752373
4.910017 38.774815 896.747681 6.118639 -38.813622
4.920018 38.835941 896.358948 6.112520 -38.874809
4.930018 38.897007 895.969604 6.106407 -38.935936
4.940018 38.958012 895.579651 6.100301 -38.997002
4.950018 39.018955 895.189087 6.094201 -39.058006
4.960019 39.079838 894.797913 6.088107 -39.118950
4.970019 39.140659 894.406128 6.082018 -39.179832
4.980019 39.201420 894.013733 6.075936 -39.240654
4.990019 39.262119 893.620728 6.069860 -39.301414
5.000020 39.322758 893.227112 6.063791 -39.362114
5.010020 39.383335 892.832886 6.057727 -39.422752
5.020020 39.443851 892.438049 6.051669 -39.483330
5.030020 39.504307 892.042603 6.045618 -39.543846
5.040020 39.564701 891.646545 6.039572 -39.604301
5.050021 39.625038 891.249878 6.033532 -39.664696
5.060021 39.685314 890.852600 6.027499 -39.725033
5.070021 39.745529 890.454773 6.021471 -39.785309
5.080021 39.805683 890.056335 6.015450 -39.845524
5.090022 39.865776 889.657288 6.009434 -39.905678
5.100022 39.925812 889.257629 6.003425 -39.965771
5.110022 39.985786 888.857361 5.997421 -40.025806
5.120022 40.045700 888.456482 5.991424 -40.085781
5.130023 40.105553 888.055054 5.985432 -40.145695
5.140023 40.165348 887.653015 5.979447 -40.205547
5.150023 40.225082 887.250366 5.973467 -40.265343
5.160023 40.284756 886.847107 5.967494 -40.325077
5.170023 40.344372 886.443237 5.961526 -40.384750
5.180024 40.403927 886.038818 5.955565 -40.444366
5.190024 40.463425 885.633789 5.949609 -40.503922
5.200024 40.522861 885.228149 5.943660 -40.563419
5.210024 40.582237 884.821899 5.937716 -40.622856
5.220025 40.641556 884.415100 5.931778 -40.682232
5.230025 40.700813 884.007690 5.925847 -40.741550
5.240025 40.760014 883.599670 5.919921 -40.800808
5.250025 40.819153 883.191040 5.914001 -40.860008
5.260026 40.878235 882.781860 5.908087 -40.919147
5.270026 40.937256 882.372070 5.902179 -40.978230
5.280026 40.996220 881.961670 5.896276 -41.037251
5.290026 41.055122 881.550720 5.890380 -41.096214
5.300026 41.113968 881.139160 5.884490 -41.155117
5.310027 41.172752 880.727051 5.878605 -41.213963
5.320027 41.231480 880.314331 5.872727 -41.272747
5.330027 41.290150 879.901001 5.866854 -41.331474
5.340027 41.348759 879.487122 5.860987 -41.390144
5.350028 41.407310 879.072632 5.855126 -41.448753
5.360028 41.465805 878.657532 5.849271 -41.507305
5.370028 41.524239 878.241882 5.843422 -41.565800
5.380028 41.582615 877.825623 5.837578 -41.624233
5.390028 41.640934 877.408813 5.831741 -41.682610
5.400029 41.699192 876.991394 5.825909 -41.740929
5.410029 41.757393 876.573425 5.820083 -41.799187
5.420029 41.815536 876.154846 5.814263 -41.857388
5.430029 41.873619 875.735718 5.808449 -41.915531
5.440030 41.931644 875.315979 5.802640 -41.973614
5.450030 41.989613 874.895691 5.796838 -42.031639
5.460030 42.047523 874.474792 5.791041 -42.089607
5.470030 42.105377 874.053345 5.785250 -42.147518
5.480031 42.163174 873.631287 5.779464 -42.205372
5.490031 42.220909 873.208679 5.773685 -42.263168
5.500031 42.278587 872.785461 5.767911 -42.320904
5.510031 42.336208 872.361694 5.762144 -42.378582
5.520031 42.393772 871.937317 5.756382 -42.436203
5.530032 42.451279 871.512390 5.750625 -42.493767
5.540032 42.508728 871.086853 5.744874 -42.551273
5.550032 42.566120 870.660767 5.739130 -42.608723
5.560032 42.623455 870.234131 5.733390 -42.666115
5.570033 42.680733 869.806885 5.727657 -42.723450
5.580033 42.737953 869.379089 5.721929 -42.780727
5.590033 42.795116 868.950684 5.716207 -42.837948
5.600033 42.852222 868.521729 5.710491 -42.895111
5.610034 42.909271 868.092224 5.704780 -42.952217
5.620034 42.966263 867.662109 5.699075 -43.009266
5.630034 43.023197 867.231445 5.693376 -43.066257
5.640034 43.080074 866.800232 5.687683 -43.123192
5.650034 43.136894 866.368408 5.681995 -43.180069
5.660035 43.193657 865.936035 5.676313 -43.236889
5.670035 43.250362 865.503113 5.670637 -43.293652
5.680035 43.307011 865.069580 5.664966 -43.350357
5.690035 43.363605 864.635498 5.659301 -43.407005
5.700036 43.420143 864.200867 5.653642 -43.463600
5.710036 43.476624 863.765686 5.647988 -43.520138
5.720036 43.533047 863.329895 5.642340 -43.576618
5.730036 43.589413 862.893555 5.636698 -43.633041
5.740036 43.645721 862.456665 5.631061 -43.689407
5.750037 43.701977 862.019226 5.625430 -43.745716
5.760037 43.758175 861.581177 5.619805 -43.801971
5.770037 43.814316 861.142578 5.614185 -43.858170
5.780037 43.870403 860.703430 5.608571 -43.914310
5.790038 43.926434 860.263733 5.602962 -43.970398
5.800038 43.982407 859.823486 5.597359 -44.026428
5.810038 44.038322 859.382690 5.591762 -44.082401
5.820038 44.094185 858.941284 5.586170 -44.138317
5.830039 44.149990 858.499329 5.580584 -44.194180
5.840039 44.205742 858.056824 5.575003 -44.249985
5.850039 44.261436 857.613770 5.569428 -44.305737
5.860039 44.317074 857.170166 5.563859 -44.361431
5.870039 44.372658 856.726013 5.558295 -44.417068
5.880040 44.428185 856.281311 5.552736 -44.472652
5.890040 44.483658 855.836060 5.547184 -44.528179
5.900040 44.539074 855.390198 5.541636 -44.583652
5.910040 44.594437 854.943787 5.536095 -44.639069
5.920041 44.649742 854.496826 5.530559 -44.694431
5.930041 44.704994 854.049316 5.525028 -44.749737
5.940041 44.760189 853.601257 5.519503 -44.804989
5.950041 44.815331 853.152649 5.513984 -44.860184
5.960042 44.870415 852.703491 5.508470 -44.915325
5.970042 44.925446 852.253784 5.502961 -44.970409
5.980042 44.980419 851.803528 5.497458 -45.025440
5.990042 45.035339 851.352722 5.491961 -45.080414
6.000042 45.090202 850.901367 5.486469 -45.135334
6.010043 45.145012 850.449463 5.480982 -45.190197
6.020043 45.199768 849.997009 5.475502 -45.245007
6.030043 45.254467 849.544006 5.470026 -45.299763
6.040043 45.309113 849.090454 5.464556 -45.354462
6.050044 45.363705 848.636353 5.459092 -45.409107
6.060044 45.418240 848.181702 5.453632 -45.463699
6.070044 45.472721 847.726501 5.448179 -45.518234
6.080044 45.527149 847.270752 5.442730 -45.572716
6.090044 45.581524 846.814453 5.437288 -45.627144
6.100045 45.635841 846.357666 5.431850 -45.681519
6.110045 45.690105 845.900330 5.426419 -45.735836
6.120045 45.744316 845.442444 5.420992 -45.790100
6.130045 45.798473 844.984009 5.415571 -45.844311
6.140046 45.852573 844.525024 5.410156 -45.898468
6.150046 45.906620 844.065491 5.404746 -45.952568
6.160046 45.960613 843.605408 5.399341 -46.006615
6.170046 46.014553 843.144775 5.393941 -46.060608
6.180047 46.068439 842.683655 5.388547 -46.114548
6.190047 46.122272 842.221985 5.383159 -46.168434
6.200047 46.176052 841.759766 5.377776 -46.222267
6.210047 46.229774 841.296997 5.372398 -46.276047
6.220047 46.283443 840.833679 5.367025 -46.329769
6.230048 46.337059 840.369873 5.361659 -46.383438
6.240048 46.390621 839.905518 5.356297 -46.437054
6.250048 46.444130 839.440613 5.350941 -46.490616
6.260048 46.497585 838.975159 5.345590 -46.544125
6.270049 46.550987 838.509155 5.340244 -46.597580
6.280049 46.604336 838.042664 5.334904 -46.650982
6.290049 46.657631 837.575623 5.329569 -46.704330
6.300049 46.710873 837.108032 5.324239 -46.757626
6.310050 46.764061 836.639954 5.318915 -46.810867
6.320050 46.817196 836.171326 5.313596 -46.864056
6.330050 46.870277 835.702148 5.308282 -46.917191
6.340050 46.923306 835.232422 5.302974 -46.970272
6.350050 46.976284 834.762207 5.297671 -47.023300
6.360051 47.029209 834.291443 5.292374 -47.076279
6.370051 47.082081 833.820129 5.287081 -47.129204
6.380051 47.134899 833.348328 5.281794 -47.182076
6.390051 47.187664 832.875977 5.276512 -47.234894
6.400052 47.240376 832.403076 5.271235 -47.287659
6.410052 47.293034 831.929688 5.265964 -47.340370
6.420052 47.345642 831.455750 5.260698 -47.393028
6.430052 47.398197 830.981323 5.255437 -47.445637
6.440053 47.450699 830.506348 5.250182 -47.498192
6.450053 47.503147 830.030823 5.244932 -47.550694
6.460053 47.555546 829.554810 5.239687 -47.603142
6.470053 47.607891 829.078247 5.234448 -47.655540
6.480053 47.660183 828.601196 5.229214 -47.707886
6.490054 47.712421 828.123596 5.223985 -47.760178
6.500054 47.764610 827.645447 5.218761 -47.812416
6.510054 47.816746 827.166809 5.213542 -47.864605
6.520054 47.868828 826.687622 5.208328 -47.916740
6.530055 47.920860 826.207947 5.203120 -47.968822
6.540055 47.972839 825.727722 5.197917 -48.020855
6.550055 48.024765 825.247009 5.192719 -48.072834
6.560055 48.076641 824.765747 5.187526 -48.124760
6.570055 48.128464 824.283997 5.182338 -48.176636
6.580056 48.180237 823.801697 5.177156 -48.228458
6.590056 48.231956 823.318909 5.171979 -48.280231
6.600056 48.283623 822.835571 5.166807 -48.331951
6.610056 48.335239 822.351746 5.161640 -48.383617
6.620057 48.386803 821.867371 5.156478 -48.435234
6.630057 48.438316 821.382507 5.151322 -48.486797
6.640057 48.489777 820.897095 5.146171 -48.538311
6.650057 48.541187 820.411194 5.141025 -48.589771
6.660058 48.592545 819.924805 5.135883 -48.641182
6.670058 48.643852 819.437866 5.130747 -48.692539
6.680058 48.695107 818.950439 5.125617 -48.743847
6.690058 48.746311 818.462463 5.120491 -48.795101
6.700058 48.797466 817.973999 5.115371 -48.846306
6.710059 48.848568 817.485046 5.110255 -48.897461
6.720059 48.899620 816.995544 5.105145 -48.948563
6.730059 48.950619 816.505554 5.100040 -48.999615
6.740059 49.001568 816.015076 5.094940 -49.050613
6.750060 49.052467 815.524048 5.089845 -49.101562
6.760060 49.103313 815.032532 5.084755 -49.152462
6.770060 49.154110 814.540527 5.079670 -49.203308
6.780060 49.204857 814.047974 5.074590 -49.254105
6.790061 49.255550 813.554932 5.069516 -49.304852
6.800061 49.306194 813.061401 5.064446 -49.355545
6.810061 49.356789 812.567322 5.059381 -49.406189
6.820061 49.407333 812.072754 5.054322 -49.456783
6.830061 49.457825 811.577698 5.049268 -49.507328
6.840062 49.508266 811.082092 5.044219 -49.557819
6.850062 49.558659 810.585999 5.039175 -49.608261
6.860062 49.609001 810.089417 5.034135 -49.658653
6.870062 49.659290 809.592346 5.029101 -49.708996
6.880063 49.709530 809.094727 5.024072 -49.759285
6.890063 49.759720 808.596619 5.019048 -49.809525
6.900063 49.809860 808.098022 5.014029 -49.859715
6.910063 49.859951 807.598938 5.009015 -49.909855
6.920063 49.909992 807.099365 5.004006 -49.959946
6.930064 49.959984 806.599243 4.999002 -50.009987
6.940064 50.009922 806.098633 4.994003 -50.059978
6.950064 50.059811 805.597534 4.989009 -50.109917
6.960064 50.109650 805.095947 4.984020 -50.159805
6.970065 50.159439 804.593872 4.979036 -50.209644
6.980065 50.209179 804.091248 4.974057 -50.259434
6.990065 50.258869 803.588135 4.969083 -50.309174
7.000065 50.308510 803.084534 4.964114 -50.358864
7.010066 50.358101 802.580444 4.959149 -50.408504
7.020066 50.407642 802.075867 4.954190 -50.458096
7.030066 50.457134 801.570801 4.949236 -50.507637
7.040066 50.506577 801.065247 4.944287 -50.557129
7.050066 50.555969 800.559204 4.939342 -50.606571
7.060067 50.605312 800.052673 4.934403 -50.655964
7.070067 50.654606 799.545593 4.929469 -50.705307
7.080067 50.703850 799.038025 4.924539 -50.754601
7.090067 50.753044 798.529968 4.919614 -50.803844
7.100068 50.802193 798.021423 4.914695 -50.853039
7.110068 50.851292 797.512390 4.909780 -50.902187
7.120068 50.900341 797.002869 4.904870 -50.951286
7.130068 50.949341 796.492859 4.899965 -51.000336
7.140069 50.998291 795.982361 4.895065 -51.049335
7.150069 51.047192 795.471375 4.890170 -51.098286
7.160069 51.096043 794.959900 4.885280 -51.147186
7.170069 51.144848 794.447937 4.880395 -51.196037
7.180069 51.193604 793.935486 4.875515 -51.244843
7.190070 51.242310 793.422546 4.870639 -51.293598
7.200070 51.290966 792.909119 4.865768 -51.342304
7.210070 51.339577 792.395203 4.860903 -51.390961
7.220070 51.388138 791.880798 4.856042 -51.439571
7.230071 51.436649 791.365906 4.851186 -51.488132
7.240071 51.485111 790.850525 4.846334 -51.536644
7.250071 51.533527 790.334656 4.841488 -51.585106
7.260071 51.581894 789.818298 4.836647 -51.633522
7.270072 51.630211 789.301453 4.831810 -51.681889
7.280072 51.678482 788.784180 4.826978 -51.730206
7.290072 51.726704 788.266418 4.822151 -51.778477
7.300072 51.774876 787.748169 4.817329 -51.826698
7.310072 51.823002 787.229431 4.812511 -51.874870
7.320073 51.871078 786.710205 4.807699 -51.922997
7.330073 51.919106 786.190491 4.802891 -51.971073
7.340073 51.967087 785.670288 4.798089 -52.019100
7.350073 52.015018 785.149597 4.793291 -52.067081
7.360074 52.062904 784.628418 4.788497 -52.115013
7.370074 52.110741 784.106812 4.783709 -52.162899
7.380074 52.158531 783.584717 4.778925 -52.210735
7.390074 52.206272 783.062134 4.774147 -52.258526
7.400074 52.253967 782.539062 4.769372 -52.306267
7.410075 52.301613 782.015503 4.764603 -52.353962
7.420075 52.349213 781.491516 4.759839 -52.401608
7.430075 52.396763 780.967041 4.755079 -52.449207
7.440075 52.444267 780.442078 4.750324 -52.496758
7.450076 52.491722 779.916626 4.745574 -52.544262
7.460076 52.539131 779.390686 4.740828 -52.591717
7.470076 52.586491 778.864319 4.736087 -52.639126
7.480076 52.633804 778.337463 4.731351 -52.686485
7.490077 52.681072 777.810120 4.726620 -52.733799
7.500077 52.728291 777.282288 4.721894 -52.781067
7.510077 52.775463 776.754028 4.717172 -52.828285
7.520077 52.822586 776.225281 4.712454 -52.875458
7.530077 52.869663 775.696045 4.707742 -52.922581
7.540078 52.916695 775.166321 4.703034 -52.969658
7.550078 52.963676 774.636169 4.698331 -53.016689
7.560078 53.010612 774.105530 4.693633 -53.063671
7.570078 53.057503 773.574402 4.688939 -53.110607
7.580079 53.104343 773.042847 4.684250 -53.157497
7.590079 53.151138 772.510803 4.679566 -53.204338
7.600079 53.197887 771.978271 4.674886 -53.251133
7.610079 53.244591 771.445312 4.670211 -53.297882
7.620080 53.291245 770.911865 4.665541 -53.344585
7.630080 53.337852 770.377930 4.660876 -53.391239
7.640080 53.384415 769.843567 4.656215 -53.437847
7.650080 53.430931 769.308716 4.651558 -53.484409
7.660080 53.477402 768.773376 4.646907 -53.530926
7.670081 53.523823 768.237610 4.642260 -53.577396
7.680081 53.570198 767.701355 4.637618 -53.623817
7.690081 53.616528 767.164673 4.632980 -53.670193
7.700081 53.662811 766.627502 4.628347 -53.716522
7.710082 53.709049 766.089905 4.623719 -53.762806
7.720082 53.755241 765.551819 4.619095 -53.809044
7.730082 53.801388 765.013245 4.614476 -53.855236
7.740082 53.847485 764.474243 4.609861 -53.901382
7.750082 53.893536 763.934753 4.605251 -53.947479
7.760083 53.939541 763.394836 4.600646 -53.993530
7.770083 53.985500 762.854431 4.596045 -54.039536
7.780083 54.031414 762.313599 4.591449 -54.085495
7.790083 54.077282 761.772278 4.586858 -54.131409
7.800084 54.123104 761.230530 4.582271 -54.177277
7.810084 54.168880 760.688293 4.577689 -54.223099
7.820084 54.214611 760.145630 4.573111 -54.268875
7.830084 54.260296 759.602478 4.568538 -54.314606
7.840085 54.305935 759.058899 4.563969 -54.360291
7.850085 54.351528 758.514832 4.559405 -54.405930
7.860085 54.397076 757.970337 4.554846 -54.451523
7.870085 54.442577 757.425354 4.550291 -54.497070
7.880085 54.488033 756.879944 4.545741 -54.542572
7.890086 54.533443 756.334045 4.541195 -54.588028
7.900086 54.578812 755.787720 4.536654 -54.633438
7.910086 54.624134 755.240906 4.532117 -54.678806
7.920086 54.669411 754.693665 4.527585 -54.724129
7.930087 54.714642 754.145996 4.523057 -54.769405
7.940087 54.759827 753.597839 4.518534 -54.814636
7.950087 54.804966 753.049255 4.514015 -54.859821
7.960087 54.850060 752.500183 4.509501 -54.904961
7.970088 54.895111 751.950684 4.504992 -54.950054
7.980088 54.940117 751.400757 4.500486 -54.995106
7.990088 54.985077 750.850342 4.495986 -55.040112
8.000088 55.029991 750.299500 4.491490 -55.085072
8.010088 55.074860 749.748230 4.486999 -55.129986
8.020088 55.119686 749.196472 4.482512 -55.174854
8.030088 55.164467 748.644287 4.478029 -55.219681
8.040089 55.209202 748.091614 4.473551 -55.264462
8.050089 55.253891 747.538513 4.469077 -55.309196
8.060089 55.298538 746.984985 4.464608 -55.353886
8.070089 55.343140 746.431030 4.460144 -55.398533
8.080090 55.387695 745.876587 4.455683 -55.443134
8.090090 55.432209 745.321716 4.451228 -55.487690
8.100090 55.476677 744.766418 4.446776 -55.532204
8.110090 55.521099 744.210632 4.442329 -55.576672
8.120090 55.565479 743.654419 4.437887 -55.621094
8.130091 55.609814 743.097778 4.433449 -55.665474
8.140091 55.654102 742.540710 4.429016 -55.709808
8.150091 55.698349 741.983154 4.424587 -55.754097
8.160091 55.742550 741.425171 4.420162 -55.798344
8.170092 55.786709 740.866760 4.415742 -55.842545
8.180092 55.830822 740.307922 4.411326 -55.886703
8.190092 55.874889 739.748596 4.406915 -55.930817
8.200092 55.918915 739.188843 4.402508 -55.974884
8.210093 55.962894 738.628662 4.398106 -56.018909
8.220093 56.006832 738.068054 4.393708 -56.062889
8.230093 56.050724 737.506958 4.389314 -56.106827
8.240093 56.094574 736.945435 4.384925 -56.150719
8.250093 56.138378 736.383484 4.380540 -56.194569
8.260094 56.182140 735.821106 4.376159 -56.238373
8.270094 56.225857 735.258301 4.371783 -56.282135
8.280094 56.269531 734.695068 4.367412 -56.325851
8.290094 56.313160 734.131348 4.363044 -56.369526
8.300095 56.356747 733.567200 4.358681 -56.413155
8.310095 56.400291 733.002625 4.354322 -56.456741
8.320095 56.443790 732.437622 4.349968 -56.500286
8.330095 56.487247 731.872192 4.345618 -56.543785
8.340096 56.530659 731.306335 4.341272 -56.587242
8.350096 56.574028 730.740051 4.336931 -56.630653
8.360096 56.617355 730.173340 4.332594 -56.674023
8.370096 56.660637 729.606140 4.328262 -56.717350
8.380096 56.703876 729.038513 4.323934 -56.760632
8.390097 56.747074 728.470459 4.319610 -56.803871
8.400097 56.790226 727.901978 4.315290 -56.847069
8.410097 56.833336 727.333069 4.310975 -56.890221
8.420097 56.876404 726.763733 4.306664 -56.933331
8.430098 56.919426 726.193970 4.302357 -56.976398
8.440098 56.962406 725.623779 4.298054 -57.019421
8.450098 57.005344 725.053162 4.293756 -57.062401
8.460098 57.048241 724.482117 4.289462 -57.105339
8.470098 57.091091 723.910645 4.285172 -57.148235
8.480099 57.133900 723.338745 4.280887 -57.191086
8.490099 57.176666 722.766418 4.276606 -57.233894
8.500099 57.219391 722.193665 4.272329 -57.276661
8.510099 57.262070 721.620483 4.268057 -57.319386
8.520100 57.304707 721.046875 4.263789 -57.362064
8.530100 57.347301 720.472839 4.259525 -57.404701
8.540100 57.389854 719.898376 4.255265 -57.447296
8.550100 57.432365 719.323486 4.251010 -57.489849
8.560101 57.474834 718.748169 4.246759 -57.532360
8.570101 57.517258 718.172424 4.242512 -57.574829
8.580101 57.559639 717.596252 4.238270 -57.617256
8.590101 57.601978 717.019653 4.234032 -57.659637
8.600101 57.644276 716.442627 4.229798 -57.701977
8.610102 57.686531 715.865173 4.225568 -57.744274
8.620102 57.728745 715.287292 4.221342 -57.786530
8.630102 57.770916 714.708984 4.217121 -57.828743
8.640102 57.813046 714.130249 4.212903 -57.870914
8.650103 57.855133 713.551147 4.208691 -57.913044
8.660103 57.897179 712.971619 4.204482 -57.955132
8.670103 57.939182 712.391663 4.200278 -57.997177
8.680103 57.981144 711.811279 4.196077 -58.039181
8.690104 58.023064 711.230469 4.191881 -58.081142
8.700104 58.064941 710.649231 4.187689 -58.123062
8.710104 58.106777 710.067566 4.183502 -58.164940
8.720104 58.148571 709.485474 4.179318 -58.206776
8.730104 58.190323 708.903015 4.175139 -58.248569
8.740105 58.232033 708.320129 4.170964 -58.290321
8.750105 58.273701 707.736816 4.166793 -58.332031
8.760105 58.315327 707.153076 4.162626 -58.373699
8.770105 58.356911 706.568909 4.158463 -58.415325
8.780106 58.398453 705.984314 4.154305 -58.456909
8.790106 58.439953 705.399353 4.150151 -58.498451
8.800106 58.481411 704.813965 4.146001 -58.539951
8.810106 58.522831 704.228149 4.141855 -58.581413
8.820107 58.564209 703.641907 4.137713 -58.622833
8.830107 58.605545 703.055237 4.133575 -58.664211
8.840107 58.646839 702.468201 4.129442 -58.705547
8.850107 58.688091 701.880737 4.125312 -58.746841
8.860107 58.729301 701.292847 4.121187 -58.788094
8.870108 58.770473 700.704529 4.117066 -58.829304
8.880108 58.811604 700.115845 4.112949 -58.870476
8.890108 58.852692 699.526733 4.108836 -58.911606
8.900108 58.893738 698.937195 4.104727 -58.952694
8.910109 58.934746 698.347229 4.100623 -58.993740
8.920109 58.975712 697.756897 4.096522 -59.034748
8.930109 59.016636 697.166138 4.092425 -59.075714
8.940109 59.057518 696.574951 4.088333 -59.116638
8.950109 59.098362 695.983398 4.084245 -59.157520
8.960110 59.139164 695.391418 4.080161 -59.198364
8.970110 59.179924 694.799011 4.076080 -59.239166
8.980110 59.220646 694.206238 4.072004 -59.279926
8.990110 59.261326 693.613037 4.067932 -59.320648
9.000111 59.301964 693.019409 4.063864 -59.361328
9.010111 59.342564 692.425415 4.059800 -59.401966
9.020111 59.383121 691.830994 4.055740 -59.442566
9.030111 59.423637 691.236145 4.051684 -59.483124
9.040112 59.464115 690.640930 4.047633 -59.523640
9.050112 59.504551 690.045288 4.043585 -59.564117
9.060112 59.544945 689.449219 4.039541 -59.604553
9.070112 59.585300 688.852783 4.035501 -59.644947
9.080112 59.625614 688.255920 4.031466 -59.685303
9.090113 59.665890 687.658691 4.027434 -59.725616
9.100113 59.706123 687.061035 4.023407 -59.765892
9.110113 59.746319 686.462952 4.019383 -59.806126
9.120113 59.786472 685.864502 4.015364 -59.846321
9.130114 59.826588 685.265625 4.011349 -59.886475
9.140114 59.866661 684.666382 4.007338 -59.926590
9.150114 59.906693 684.066711 4.003330 -59.966663
9.160114 59.946686 683.466675 3.999327 -60.006695
9.170115 59.986641 682.866211 3.995328 -60.046688
9.180115 60.026554 682.265320 3.991332 -60.086643
9.190115 60.066429 681.664062 3.987341 -60.126556
9.200115 60.106262 681.062378 3.983354 -60.166431
9.210115 60.146057 680.460327 3.979370 -60.206264
9.220116 60.185810 679.857849 3.975391 -60.246059
9.230116 60.225525 679.255005 3.971416 -60.285812
9.240116 60.265198 678.651733 3.967444 -60.325527
9.250116 60.304832 678.048096 3.963477 -60.365200
9.260117 60.344429 677.444031 3.959513 -60.404835
9.270117 60.383984 676.839600 3.955554 -60.444431
9.280117 60.423500 676.234741 3.951598 -60.483986
9.290117 60.462978 675.629517 3.947647 -60.523502
9.300117 60.502415 675.023865 3.943699 -60.562981
9.310118 60.541813 674.417847 3.939755 -60.602417
9.320118 60.581173 673.811401 3.935815 -60.641815
9.330118 60.620491 673.204590 3.931880 -60.681175
9.340118 60.659771 672.597412 3.927948 -60.720493
9.350119 60.699013 671.989807 3.924020 -60.759773
9.360119 60.738213 671.381836 3.920096 -60.799015
9.370119 60.777374 670.773438 3.916176 -60.838215
9.380119 60.816498 670.164673 3.912259 -60.877377
9.390120 60.855579 669.555481 3.908347 -60.916500
9.400120 60.894623 668.945923 3.904439 -60.955585
9.410120 60.933628 668.335999 3.900534 -60.994629
9.420120 60.972595 667.725647 3.896634 -61.033634
9.430120 61.011524 667.114929 3.892737 -61.072601
9.440121 61.050411 666.503784 3.888844 -61.111530
9.450121 61.089260 665.892273 3.884956 -61.150417
9.460121 61.128071 665.280396 3.881071 -61.189266
9.470121 61.166843 664.668091 3.877190 -61.228077
9.480122 61.205578 664.055420 3.873312 -61.266850
9.490122 61.244274 663.442383 3.869439 -61.305584
9.500122 61.282928 662.828918 3.865570 -61.344280
9.510122 61.321545 662.215088 3.861704 -61.382935
9.520123 61.360123 661.600891 3.857842 -61.421551
9.530123 61.398663 660.986267 3.853985 -61.460129
9.540123 61.437164 660.371277 3.850131 -61.498669
9.550123 61.475628 659.755920 3.846280 -61.537170
9.560123 61.514053 659.140137 3.842434 -61.575634
9.570124 61.552441 658.523987 3.838592 -61.614059
9.580124 61.590790 657.907471 3.834753 -61.652447
9.590124 61.629101 657.290588 3.830919 -61.690796
9.600124 61.667370 656.673279 3.827088 -61.729107
9.610125 61.705601 656.055603 3.823261 -61.767376
9.620125 61.743793 655.437561 3.819437 -61.805607
9.630125 61.781948 654.819153 3.815618 -61.843800
9.640125 61.820065 654.200317 3.811802 -61.881954
9.650126 61.858143 653.581116 3.807990 -61.920071
9.660126 61.896183 652.961548 3.804182 -61.958149
9.670126 61.934185 652.341614 3.800378 -61.996189
9.680126 61.972153 651.721252 3.796578 -62.034191
9.690126 62.010082 651.100525 3.792781 -62.072159
9.700127 62.047974 650.479431 3.788988 -62.110088
9.710127 62.085827 649.857971 3.785199 -62.147980
9.720127 62.123642 649.236084 3.781414 -62.185833
9.730127 62.161419 648.613831 3.777633 -62.223648
9.740128 62.199158 647.991211 3.773855 -62.261425
9.750128 62.236858 647.368225 3.770081 -62.299164
9.760128 62.274521 646.744873 3.766311 -62.336864
9.770128 62.312145 646.121155 3.762545 -62.374527
9.780128 62.349731 645.497009 3.758782 -62.412151
9.790129 62.387283 644.872498 3.755024 -62.449738
9.800129 62.424797 644.247620 3.751269 -62.487289
9.810129 62.462273 643.622375 3.747517 -62.524803
9.820129 62.499710 642.996765 3.743770 -62.562279
9.830130 62.537109 642.370789 3.740026 -62.599716
9.840130 62.574471 641.744446 3.736286 -62.637115
9.850130 62.611797 641.117676 3.732550 -62.674477
9.860130 62.649086 640.490540 3.728817 -62.711803
9.870131 62.686337 639.863037 3.725088 -62.749092
9.880131 62.723549 639.235168 3.721363 -62.786343
9.890131 62.760727 638.606934 3.717642 -62.823555
9.900131 62.797867 637.978333 3.713924 -62.860733
9.910131 62.834969 637.349365 3.710210 -62.897873
9.920132 62.872032 636.720032 3.706500 -62.934975
9.930132 62.909061 636.090332 3.702794 -62.972038
9.940132 62.946053 635.460266 3.699091 -63.009068
9.950132 62.983006 634.829834 3.695392 -63.046059
9.960133 63.019924 634.198975 3.691696 -63.083012
9.970133 63.056805 633.567749 3.688004 -63.119930
9.980133 63.093647 632.936157 3.684316 -63.156811
9.990133 63.130455 632.304199 3.680632 -63.193653
10.000134 63.167225 631.671875 3.676951 -63.230461
10.010134 63.203957 631.039185 3.673275 -63.267231
10.020134 63.240654 630.406128 3.669601 -63.303963
10.030134 63.277313 629.772705 3.665932 -63.340660
10.040134 63.313934 629.138916 3.662266 -63.377319
10.050135 63.350521 628.504761 3.658603 -63.413940
10.060135 63.387070 627.870239 3.654945 -63.450527
10.070135 63.423584 627.235352 3.651290 -63.487076
10.080135 63.460060 626.600098 3.647639 -63.523590
10.090136 63.496502 625.964478 3.643991 -63.560066
10.100136 63.532906 625.328491 3.640347 -63.596508
10.110136 63.569271 624.692139 3.636707 -63.632912
10.120136 63.605602 624.055420 3.633070 -63.669277
10.130136 63.641895 623.418335 3.629437 -63.705608
10.140137 63.678154 622.780945 3.625808 -63.741901
10.150137 63.714375 622.143188 3.622182 -63.778160
10.160137 63.750561 621.505066 3.618559 -63.814381
10.170137 63.786709 620.866577 3.614941 -63.850567
10.180138 63.822823 620.227722 3.611326 -63.886715
10.190138 63.858898 619.588501 3.607715 -63.922829
10.200138 63.894939 618.948914 3.604107 -63.958904
10.210138 63.930946 618.308960 3.600503 -63.994946
10.220139 63.966915 617.668640 3.596902 -64.030952
10.230139 64.002846 617.027954 3.593305 -64.066925
10.240139 64.038742 616.386902 3.589712 -64.102859
10.250139 64.074600 615.745544 3.586122 -64.138756
10.260139 64.110428 615.103821 3.582536 -64.174614
10.270140 64.146217 614.461731 3.578954 -64.210442
10.280140 64.181969 613.819275 3.575375 -64.246231
10.290140 64.217690 613.176453 3.571800 -64.281982
10.300140 64.253372 612.533264 3.568228 -64.317703
10.310141 64.289017 611.889709 3.564660 -64.353386
10.320141 64.324631 611.245850 3.561095 -64.389030
10.330141 64.360207 610.601624 3.557534 -64.424644
10.340141 64.395744 609.957031 3.553977 -64.460220
10.350142 64.431252 609.312073 3.550423 -64.495758
10.360142 64.466721 608.666748 3.546872 -64.531265
10.370142 64.502151 608.021057 3.543325 -64.566734
10.380142 64.537552 607.375061 3.539782 -64.602165
10.390142 64.572914 606.728699 3.536242 -64.637566
10.400143 64.608238 606.081970 3.532706 -64.672928
10.410143 64.643532 605.434875 3.529173 -64.708252
10.420143 64.678787 604.787415 3.525644 -64.743546
10.430143 64.714012 604.139648 3.522118 -64.778801
10.440144 64.749199 603.491516 3.518596 -64.814026
10.450144 64.784348 602.843018 3.515078 -64.849213
10.460144 64.819466 602.194153 3.511563 -64.884361
10.470144 64.854546 601.544983 3.508051 -64.919479
10.480145 64.889587 600.895447 3.504543 -64.954559
10.490145 64.924599 600.245544 3.501038 -64.989601
10.500145 64.959572 599.595276 3.497537 -65.024612
10.510145 64.994514 598.944702 3.494040 -65.059586
10.520145 65.029419 598.293762 3.490546 -65.094528
10.530146 65.064293 597.642456 3.487055 -65.129433
10.540146 65.099129 596.990784 3.483568 -65.164307
10.550146 65.133926 596.338806 3.480085 -65.199142
10.560146 65.168694 595.686462 3.476604 -65.233940
10.570147 65.203423 595.033752 3.473128 -65.268707
10.580147 65.238121 594.380737 3.469655 -65.303436
10.590147 65.272781 593.727356 3.466185 -65.338135
10.600147 65.307411 593.073608 3.462719 -65.372795
10.610147 65.342003 592.419556 3.459256 -65.407425
10.620148 65.376564 591.765137 3.455797 -65.442017
10.630148 65.411087 591.110352 3.452341 -65.476578
10.640148 65.445580 590.455261 3.448889 -65.511101
10.650148 65.480034 589.799805 3.445440 -65.545593
10.660149 65.514450 589.143982 3.441994 -65.580048
10.670149 65.548836 588.487854 3.438552 -65.614464
10.680149 65.583183 587.831360 3.435114 -65.648849
10.690149 65.617500 587.174500 3.431679 -65.683197
10.700150 65.651779 586.517334 3.428247 -65.717514
10.710150 65.686028 585.859802 3.424819 -65.751793
10.720150 65.720238 585.201965 3.421394 -65.786041
10.730150 65.754417 584.543762 3.417973 -65.820251
10.740150 65.788567 583.885193 3.414555 -65.854431
10.750151 65.822678 583.226318 3.411140 -65.888580
10.760151 65.856758 582.567078 3.407729 -65.922691
10.770151 65.890800 581.907532 3.404321 -65.956772
10.780151 65.924812 581.247620 3.400917 -65.990814
10.790152 65.958786 580.587341 3.397516 -66.024826
10.800152 65.992729 579.926758 3.394119 -66.058800
10.810152 66.026634 579.265808 3.390724 -66.092743
10.820152 66.060509 578.604553 3.387334 -66.126648
10.830153 66.094345 577.942932 3.383946 -66.160522
10.840153 66.128151 577.281006 3.380562 -66.194359
10.850153 66.161926 576.618713 3.377182 -66.228165
10.860153 66.195663 575.956116 3.373805 -66.261940
10.870153 66.229370 575.293152 3.370431 -66.295677
10.880154 66.263039 574.629883 3.367060 -66.329384
10.890154 66.296677 573.966248 3.363693 -66.363052
10.900154 66.330276 573.302307 3.360330 -66.396690
10.910154 66.363846 572.638000 3.356969 -66.430290
10.920155 66.397385 571.973389 3.353612 -66.463860
10.930155 66.430885 571.308411 3.350259 -66.497398
10.940155 66.464355 570.643127 3.346909 -66.530899
10.950155 66.497787 569.977478 3.343562 -66.564369
10.960155 66.531189 569.311523 3.340218 -66.597801
10.970156 66.564560 568.645203 3.336878 -66.631203
10.980156 66.597893 567.978577 3.333541 -66.664574
10.990156 66.631195 567.311584 3.330207 -66.697906
11.000156 66.664467 566.644287 3.326877 -66.731209
11.010157 66.697701 565.976624 3.323550 -66.764481
11.020157 66.730904 565.308655 3.320227 -66.797714
11.030157 66.764076 564.640320 3.316906 -66.830917
11.040157 66.797211 563.971680 3.313590 -66.864090
11.050158 66.830315 563.302734 3.310276 -66.897224
11.060158 66.863388 562.633423 3.306966 -66.930328
11.070158 66.896423 561.963806 3.303659 -66.963402
11.080158 66.929428 561.293823 3.300355 -66.996437
11.090158 66.962402 560.623535 3.297055 -67.029442
11.100159 66.995338 559.952881 3.293758 -67.062416
11.110159 67.028244 559.281921 3.290464 -67.095352
11.120159 67.061119 558.610657 3.287174 -67.128258
11.130159 67.093956 557.939026 3.283886 -67.161133
11.140160 67.126762 557.267090 3.280602 -67.193970
11.150160 67.159538 556.594849 3.277322 -67.226776
11.160160 67.192276 555.922241 3.274045 -67.259552
11.170160 67.224983 555.249329 3.270771 -67.292290
11.180161 67.257660 554.576050 3.267500 -67.324997
11.190161 67.290298 553.902466 3.264232 -67.357674
11.200161 67.322906 553.228577 3.260968 -67.390312
11.210161 67.355484 552.554321 3.257707 -67.422920
11.220161 67.388031 551.879761 3.254449 -67.455498
11.230162 67.420540 551.204895 3.251195 -67.488045
11.240162 67.453018 550.529663 3.247944 -67.520554
11.250162 67.485466 549.854126 3.244696 -67.553032
11.260162 67.517883 549.178284 3.241451 -67.585480
11.270163 67.550262 548.502075 3.238210 -67.617897
11.280163 67.582611 547.825562 3.234972 -67.650276
11.290163 67.614929 547.148743 3.231737 -67.682625
11.300163 67.647217 546.471619 3.228505 -67.714943
11.310163 67.679466 545.794128 3.225276 -67.747231
11.320164 67.711685 545.116333 3.222051 -67.779480
11.330164 67.743874 544.438232 3.218829 -67.811699
11.340164 67.776031 543.759766 3.215610 -67.843887
11.350164 67.808159 543.080994 3.212395 -67.876045
11.360165 67.840248 542.401917 3.209182 -67.908173
11.370165 67.872307 541.722534 3.205973 -67.940262
11.380165 67.904335 541.042786 3.202767 -67.972321
11.390165 67.936333 540.362732 3.199564 -68.004349
11.400166 67.968300 539.682373 3.196365 -68.036346
11.410166 68.000229 539.001709 3.193168 -68.068314
11.420166 68.032127 538.320679 3.189975 -68.100243
11.430166 68.063995 537.639343 3.186785 -68.132141
11.440166 68.095833 536.957703 3.183599 -68.164009
11.450167 68.127640 536.275757 3.180415 -68.195847
11.460167 68.159409 535.593506 3.177234 -68.227654
11.470167 68.191147 534.910889 3.174057 -68.259422
11.480167 68.222855 534.227966 3.170883 -68.291161
11.490168 68.254532 533.544739 3.167712 -68.322868
11.500168 68.286179 532.861206 3.164545 -68.354546
11.510168 68.317795 532.177368 3.161380 -68.386192
11.520168 68.349380 531.493164 3.158219 -68.417809
11.530169 68.380928 530.808655 3.155060 -68.449394
11.540169 68.412445 530.123840 3.151905 -68.480942
11.550169 68.443932 529.438721 3.148753 -68.512459
11.560169 68.475388 528.753296 3.145605 -68.543945
11.570169 68.506813 528.067566 3.142459 -68.575401
11.580170 68.538208 527.381470 3.139317 -68.606827
11.590170 68.569572 526.695068 3.136177 -68.638222
11.600170 68.600906 526.008362 3.133041 -68.669586
11.610170 68.632202 525.321350 3.129908 -68.700920
11.620171 68.663467 524.634033 3.126778 -68.732216
11.630171 68.694702 523.946411 3.123651 -68.763481
11.640171 68.725906 523.258484 3.120528 -68.794716
11.650171 68.757080 522.570251 3.117407 -68.825920
11.660172 68.788223 521.881653 3.114290 -68.857094
11.670172 68.819336 521.192749 3.111176 -68.888237
11.680172 68.850418 520.503540 3.108064 -68.919350
11.690172 68.881470 519.814026 3.104956 -68.950432
11.700172 68.912491 519.124207 3.101851 -68.981483
11.710173 68.943481 518.434082 3.098750 -69.012505
11.720173 68.974442 517.743652 3.095651 -69.043495
11.730173 69.005363 517.052917 3.092555 -69.074455
11.740173 69.036255 516.361877 3.089463 -69.105377
11.750174 69.067116 515.670532 3.086373 -69.136269
11.760174 69.097946 514.978882 3.083287 -69.167130
11.770174 69.128746 514.286926 3.080204 -69.197960
11.780174 69.159515 513.594666 3.077124 -69.228760
11.790174 69.190254 512.902100 3.074047 -69.259529
11.800175 69.220963 512.209167 3.070973 -69.290268
11.810175 69.251640 511.515961 3.067902 -69.320976
11.820175 69.282288 510.822449 3.064834 -69.351654
11.830175 69.312904 510.128632 3.061769 -69.382301
11.840176 69.343491 509.434509 3.058707 -69.412918
11.850176 69.374046 508.740082 3.055648 -69.443504
11.860176 69.404572 508.045349 3.052593 -69.474060
11.870176 69.435066 507.350311 3.049540 -69.504585
11.880177 69.465530 506.654968 3.046490 -69.535080
11.890177 69.495964 505.959320 3.043444 -69.565544
11.900177 69.526367 505.263367 3.040401 -69.595978
11.910177 69.556740 504.567108 3.037360 -69.626381
11.920177 69.587082 503.870544 3.034323 -69.656754
11.930178 69.617393 503.173676 3.031288 -69.687096
11.940178 69.647675 502.476501 3.028257 -69.717407
11.950178 69.677925 501.779022 3.025229 -69.747688
11.960178 69.708145 501.081238 3.022204 -69.777939
11.970179 69.738335 500.383148 3.019181 -69.808159
11.980179 69.768494 499.684753 3.016162 -69.838348
11.990179 69.798622 498.986053 3.013146 -69.868507
12.000179 69.828720 498.287079 3.010133 -69.898636
12.010180 69.858788 497.587799 3.007123 -69.928734
12.020180 69.888832 496.888214 3.004116 -69.958809
12.030180 69.918846 496.188324 3.001112 -69.988853
12.040180 69.948830 495.488129 2.998111 -70.018867
12.050180 69.978783 494.787628 2.995112 -70.048851
12.060181 70.008705 494.086853 2.992117 -70.078804
12.070181 70.038597 493.385773 2.989125 -70.108727
12.080181 70.068459 492.684387 2.986136 -70.138618
12.090181 70.098289 491.982697 2.983150 -70.168480
12.100182 70.128090 491.280701 2.980167 -70.198311
12.110182 70.157860 490.578430 2.977187 -70.228111
12.120182 70.187599 489.875854 2.974210 -70.257881
12.130182 70.217308 489.172974 2.971235 -70.287621
12.140182 70.246994 488.469788 2.968264 -70.317329
12.150183 70.276649 487.766327 2.965296 -70.347015
12.160183 70.306274 487.062561 2.962331 -70.376671
12.170183 70.335869 486.358490 2.959368 -70.406296
12.180183 70.365433 485.654144 2.956409 -70.435890
12.190184 70.394966 484.949493 2.953453 -70.465454
12.200184 70.424469 484.244537 2.950499 -70.494987
12.210184 70.453941 483.539307 2.947549 -70.524490
12.220184 70.483391 482.833771 2.944601 -70.553963
12.230185 70.512810 482.127930 2.941656 -70.583412
12.240185 70.542198 481.421814 2.938715 -70.612831
12.250185 70.571556 480.715393 2.935776 -70.642220
12.260185 70.600883 480.008667 2.932840 -70.671577
12.270185 70.630180 479.301666 2.929907 -70.700905
12.280186 70.659447 478.594360 2.926977 -70.730202
12.290186 70.688690 477.886780 2.924050 -70.759468
12.300186 70.717903 477.178894 2.921126 -70.788712
12.310186 70.747086 476.470703 2.918205 -70.817924
12.320187 70.776237 475.762238 2.915287 -70.847107
12.330187 70.805359 475.053467 2.912372 -70.876259
12.340187 70.834450 474.344421 2.909459 -70.905380
12.350187 70.863518 473.635071 2.906550 -70.934471
12.360188 70.892555 472.925446 2.903643 -70.963539
12.370188 70.921562 472.215515 2.900740 -70.992577
12.380188 70.950539 471.505310 2.897839 -71.021584
12.390188 70.979485 470.794800 2.894941 -71.050560
12.400188 71.008408 470.084015 2.892046 -71.079506
12.410189 71.037300 469.372925 2.889154 -71.108429
12.420189 71.066162 468.661560 2.886265 -71.137321
12.430189 71.094994 467.949890 2.883379 -71.166183
12.440189 71.123802 467.237946 2.880495 -71.195015
12.450190 71.152580 466.525696 2.877615 -71.223824
12.460190 71.181328 465.813171 2.874737 -71.252602
12.470190 71.210045 465.100372 2.871862 -71.281349
12.480190 71.238731 464.387268 2.868990 -71.310066
12.490191 71.267395 463.673889 2.866122 -71.338753
12.500191 71.296028 462.960205 2.863256 -71.367416
12.510191 71.324631 462.246246 2.860392 -71.396049
12.520191 71.353203 461.532013 2.857532 -71.424652
12.530191 71.381752 460.817474 2.854675 -71.453224
12.540192 71.410271 460.102661 2.851820 -71.481773
12.550192 71.438759 459.387573 2.848968 -71.510292
12.560192 71.467216 458.672180 2.846119 -71.538780
12.570192 71.495651 457.956512 2.843273 -71.567238
12.580193 71.524055 457.240570 2.840430 -71.595673
12.590193 71.552429 456.524323 2.837590 -71.624077
12.600193 71.580780 455.807800 2.834752 -71.652451
12.610193 71.609100 455.091003 2.831917 -71.680801
12.620193 71.637390 454.373901 2.829085 -71.709122
12.630194 71.665649 453.656525 2.826256 -71.737411
12.640194 71.693886 452.938873 2.823430 -71.765671
12.650194 71.722092 452.220947 2.820606 -71.793907
12.660194 71.750267 451.502716 2.817786 -71.822113
12.670195 71.778419 450.784210 2.814968 -71.850288
12.680195 71.806541 450.065430 2.812153 -71.878441
12.690195 71.834633 449.346375 2.809341 -71.906563
12.700195 71.862701 448.627014 2.806532 -71.934654
12.710196 71.890739 447.907379 2.803725 -71.962723
12.720196 71.918747 447.187469 2.800921 -71.990761
12.730196 71.946732 446.467285 2.798120 -72.018768
12.740196 71.974686 445.746826 2.795322 -72.046753
12.750196 72.002609 445.026093 2.792527 -72.074707
12.760197 72.030510 444.305054 2.789735 -72.102631
12.770197 72.058380 443.583740 2.786945 -72.130531
12.780197 72.086220 442.862152 2.784158 -72.158401
12.790197 72.114037 442.140289 2.781374 -72.186241
12.800198 72.141823 441.418152 2.778592 -72.214058
12.810198 72.169579 440.695740 2.775814 -72.241844
12.820198 72.197311 439.973053 2.773038 -72.269600
12.830198 72.225014 439.250092 2.770265 -72.297333
12.840199 72.252686 438.526855 2.767495 -72.325035
12.850199 72.280334 437.803314 2.764727 -72.352707
12.860199 72.307953 437.079498 2.761962 -72.380356
12.870199 72.335548 436.355408 2.759200 -72.407974
12.880199 72.363113 435.631042 2.756441 -72.435570
12.890200 72.390648 434.906403 2.753685 -72.463135
12.900200 72.418159 434.181488 2.750931 -72.490669
12.910200 72.445641 433.456299 2.748180 -72.518181
12.920200 72.473091 432.730835 2.745432 -72.545662
12.930201 72.500519 432.005096 2.742687 -72.573112
12.940201 72.527916 431.279083 2.739944 -72.600540
12.950201 72.555290 430.552795 2.737204 -72.627937
12.960201 72.582634 429.826233 2.734467 -72.655312
12.970201 72.609955 429.099396 2.731732 -72.682655
12.980202 72.637245 428.372284 2.729000 -72.709976
12.990202 72.664505 427.644897 2.726271 -72.737267
13.000202 72.691742 426.917267 2.723545 -72.764526
13.010202 72.718948 426.189362 2.720822 -72.791763
13.020203 72.746132 425.461182 2.718101 -72.818970
13.030203 72.773285 424.732727 2.715383 -72.846153
13.040203 72.800415 424.003998 2.712667 -72.873306
13.050203 72.827515 423.274994 2.709955 -72.900436
13.060204 72.854584 422.545715 2.707245 -72.927536
13.070204 72.881630 421.816162 2.704537 -72.954605
13.080204 72.908646 421.086334 2.701833 -72.981651
13.090204 72.935638 420.356262 2.699131 -73.008667
13.100204 72.962601 419.625916 2.696432 -73.035660
13.110205 72.989540 418.895294 2.693735 -73.062622
13.120205 73.016449 418.164398 2.691042 -73.089561
13.130205 73.043335 417.433228 2.688351 -73.116470
13.140205 73.070190 416.701782 2.685662 -73.143356
13.150206 73.097023 415.970093 2.682977 -73.170212
13.160206 73.123825 415.238129 2.680294 -73.197044
13.170206 73.150604 414.505890 2.677613 -73.223846
13.180206 73.177353 413.773376 2.674936 -73.250626
13.190207 73.204079 413.040588 2.672261 -73.277374
13.200207 73.230774 412.307556 2.669589 -73.304100
13.210207 73.257446 411.574249 2.666919 -73.330795
13.220207 73.284088 410.840668 2.664252 -73.357468
13.230207 73.310707 410.106812 2.661588 -73.384109
13.240208 73.337296 409.372711 2.658926 -73.410728
13.250208 73.363861 408.638336 2.656267 -73.437317
13.260208 73.390396 407.903687 2.653611 -73.463882
13.270208 73.416908 407.168793 2.650958 -73.490417
13.280209 73.443390 406.433624 2.648307 -73.516930
13.290209 73.469849 405.698181 2.645658 -73.543411
13.300209 73.496277 404.962494 2.643013 -73.569870
13.310209 73.522682 404.226532 2.640369 -73.596298
13.320210 73.549057 403.490295 2.637729 -73.622704
13.330210 73.575409 402.753815 2.635091 -73.649078
13.340210 73.601730 402.017059 2.632456 -73.675430
13.350210 73.628029 401.280029 2.629824 -73.701752
13.360210 73.654305 400.542755 2.627194 -73.728050
13.370211 73.680550 399.805206 2.624567 -73.754326
13.380211 73.706772 399.067413 2.621943 -73.780571
13.390211 73.732964 398.329346 2.619321 -73.806793
13.400211 73.759132 397.591003 2.616701 -73.832985
13.410212 73.785271 396.852417 2.614085 -73.859154
13.420212 73.811386 396.113556 2.611471 -73.885292
13.430212 73.837471 395.374451 2.608859 -73.911407
13.440212 73.863533 394.635071 2.606251 -73.937492
13.450212 73.889572 393.895447 2.603644 -73.963554
13.460213 73.915581 393.155548 2.601041 -73.989594
13.470213 73.941566 392.415405 2.598440 -74.015602
13.480213 73.967522 391.674988 2.595841 -74.041588
13.490213 73.993454 390.934326 2.593245 -74.067543
13.500214 74.019363 390.193390 2.590652 -74.093475
13.510214 74.045242 389.452209 2.588061 -74.119385
13.520214 74.071098 388.710754 2.585473 -74.145264
13.530214 74.096924 387.969055 2.582888 -74.171120
13.540215 74.122726 387.227081 2.580305 -74.196945
13.550215 74.148506 386.484863 2.577725 -74.222748
13.560215 74.174255 385.742371 2.575147 -74.248528
13.570215 74.199982 384.999634 2.572572 -74.274277
13.580215 74.225685 384.256622 2.569999 -74.300003
13.590216 74.251358 383.513367 2.567429 -74.325706
13.600216 74.277008 382.769867 2.564862 -74.351379
13.610216 74.302628 382.026093 2.562297 -74.377029
13.620216 74.328224 381.282074 2.559735 -74.402649
13.630217 74.353798 380.537781 2.557175 -74.428246
13.640217 74.379341 379.793243 2.554618 -74.453819
13.650217 74.404861 379.048462 2.552063 -74.479362
13.660217 74.430359 378.303406 2.549511 -74.504883
13.670218 74.455826 377.558105 2.546962 -74.530380
13.680218 74.481270 376.812561 2.544415 -74.555847
13.690218 74.506691 376.066742 2.541870 -74.581291
13.700218 74.532082 375.320679 2.539328 -74.606712
13.710218 74.557449 374.574371 2.536789 -74.632103
13.720219 74.582794 373.827789 2.534252 -74.657471
13.730219 74.608109 373.080963 2.531718 -74.682816
13.740219 74.633400 372.333893 2.529186 -74.708130
13.750219 74.658669 371.586548 2.526657 -74.733421
13.760220 74.683907 370.838959 2.524130 -74.758690
13.770220 74.709122 370.091125 2.521606 -74.783928
13.780220 74.734314 369.343048 2.519085 -74.809143
13.790220 74.759483 368.594696 2.516566 -74.834335
13.800220 74.784622 367.846100 2.514049 -74.859505
13.810221 74.809738 367.097260 2.511535 -74.884644
13.820221 74.834831 366.348175 2.509023 -74.909760
13.830221 74.859894 365.598816 2.506514 -74.934853
13.840221 74.884933 364.849213 2.504008 -74.959915
13.850222 74.909950 364.099365 2.501504 -74.984955
13.860222 74.934937 363.349274 2.499002 -75.009972
13.870222 74.959900 362.598938 2.496503 -75.034958
13.880222 74.984840 361.848328 2.494007 -75.059921
13.890223 75.009758 361.097473 2.491513 -75.084862
13.900223 75.034645 360.346375 2.489021 -75.109779
13.910223 75.059509 359.595032 2.486532 -75.134666
13.920223 75.084351 358.843445 2.484046 -75.159531
13.930223 75.109169 358.091614 2.481561 -75.184372
13.940224 75.133957 357.339508 2.479080 -75.209190
13.950224 75.158722 356.587158 2.476601 -75.233978
13.960224 75.183464 355.834564 2.474124 -75.258743
13.970224 75.208183 355.081726 2.471650 -75.283485
13.980225 75.232872 354.328644 2.469178 -75.308205
13.990225 75.257538 353.575317 2.466709 -75.332893
14.000225 75.282181 352.821747 2.464243 -75.357559
14.010225 75.306801 352.067932 2.461778 -75.382202
14.020226 75.331390 351.313873 2.459317 -75.406822
14.030226 75.355957 350.559570 2.456857 -75.431412
14.040226 75.380501 349.805023 2.454401 -75.455978
14.050226 75.405022 349.050232 2.451946 -75.480522
14.060226 75.429520 348.295197 2.449494 -75.505043
14.070227 75.453987 347.539886 2.447045 -75.529541
14.080227 75.478432 346.784332 2.444597 -75.554008
14.090227 75.502853 346.028534 2.442153 -75.578453
14.100227 75.527252 345.272491 2.439711 -75.602875
14.110228 75.551628 344.516205 2.437271 -75.627274
14.120228 75.575974 343.759674 2.434834 -75.651649
14.130228 75.600296 343.002899 2.432399 -75.675995
14.140228 75.624596 342.245911 2.429967 -75.700317
14.150229 75.648872 341.488678 2.427537 -75.724617
14.160229 75.673126 340.731201 2.425109 -75.748894
14.170229 75.697350 339.973480 2.422684 -75.773148
14.180229 75.721550 339.215515 2.420261 -75.797371
14.190229 75.745728 338.457306 2.417841 -75.821571
14.200230 75.769882 337.698853 2.415423 -75.845749
14.210230 75.794014 336.940155 2.413008 -75.869904
14.220230 75.818123 336.181213 2.410595 -75.894035
14.230230 75.842201 335.422028 2.408184 -75.918144
14.240231 75.866257 334.662598 2.405776 -75.942223
14.250231 75.890289 333.902924 2.403370 -75.966278
14.260231 75.914299 333.143005 2.400967 -75.990311
14.270231 75.938286 332.382874 2.398566 -76.014320
14.280231 75.962250 331.622498 2.396168 -76.038307
14.290232 75.986191 330.861877 2.393771 -76.062271
14.300232 76.010101 330.101013 2.391378 -76.086212
14.310232 76.033989 329.339905 2.388986 -76.110123
14.320232 76.057854 328.578552 2.386597 -76.134010
14.330233 76.081696 327.816986 2.384211 -76.157875
14.340233 76.105515 327.055176 2.381827 -76.181717
14.350233 76.129311 326.293121 2.379445 -76.205536
14.360233 76.153084 325.530823 2.377065 -76.229332
14.370234 76.176834 324.768280 2.374688 -76.253105
14.380234 76.200554 324.005524 2.372314 -76.276855
14.390234 76.224251 323.242523 2.369941 -76.300575
14.400234 76.247925 322.479279 2.367572 -76.324272
14.410234 76.271576 321.715790 2.365204 -76.347946
14.420235 76.295204 320.952087 2.362839 -76.371597
14.430235 76.318810 320.188141 2.360476 -76.395226
14.440235 76.342392 319.423950 2.358116 -76.418831
14.450235 76.365952 318.659515 2.355757 -76.442413
14.460236 76.389488 317.894867 2.353402 -76.465973
14.470236 76.413002 317.129974 2.351048 -76.489510
14.480236 76.436485 316.364838 2.348697 -76.513023
14.490236 76.459946 315.599487 2.346349 -76.536507
14.500237 76.483383 314.833893 2.344002 -76.559967
14.510237 76.506798 314.068054 2.341658 -76.583405
14.520237 76.530190 313.301971 2.339317 -76.606819
14.530237 76.553558 312.535675 2.336977 -76.630211
14.540237 76.576904 311.769135 2.334640 -76.653580
14.550238 76.600227 311.002380 2.332306 -76.676926
14.560238 76.623528 310.235382 2.329973 -76.700249
14.570238 76.646805 309.468140 2.327643 -76.723549
14.580238 76.670059 308.700684 2.325316 -76.746826
14.590239 76.693291 307.932983 2.322990 -76.770081
14.600239 76.716499 307.165039 2.320668 -76.793312
14.610239 76.739685 306.396881 2.318347 -76.816521
14.620239 76.762848 305.628479 2.316028 -76.839706
14.630239 76.785988 304.859863 2.313712 -76.862869
14.640240 76.809105 304.091003 2.311399 -76.886009
14.650240 76.832199 303.321899 2.309087 -76.909126
14.660240 76.855270 302.552582 2.306778 -76.932220
14.670240 76.878319 301.783020 2.304471 -76.955292
14.680241 76.901337 301.013245 2.302167 -76.978340
14.690241 76.924332 300.243225 2.299865 -77.001358
14.700241 76.947304 299.472992 2.297565 -77.024353
14.710241 76.970253 298.702515 2.295267 -77.047325
14.720242 76.993179 297.931824 2.292972 -77.070274
14.730242 77.016083 297.160889 2.290679 -77.093201
14.740242 77.038963 296.389740 2.288388 -77.116104
14.750242 77.061821 295.618347 2.286100 -77.138985
14.760242 77.084656 294.846741 2.283814 -77.161842
14.770243 77.107468 294.074890 2.281530 -77.184677
14.780243 77.130257 293.302826 2.279249 -77.207489
14.790243 77.153023 292.530518 2.276969 -77.230278
14.800243 77.175766 291.757996 2.274693 -77.253044
14.810244 77.198494 290.985229 2.272418 -77.275787
14.820244 77.221199 290.212250 2.270145 -77.298515
14.830244 77.243881 289.439026 2.267875 -77.321220
14.840244 77.266541 288.665588 2.265607 -77.343903
14.850245 77.289177 287.891937 2.263342 -77.366562
14.860245 77.311790 287.118042 2.261078 -77.389198
14.870245 77.334381 286.343933 2.258817 -77.411812
14.880245 77.356949 285.569580 2.256558 -77.434402
14.890245 77.379494 284.795013 2.254302 -77.456970
14.900246 77.402016 284.020233 2.252048 -77.479515
14.910246 77.424515 283.245209 2.249795 -77.502037
14.920246 77.446991 282.469971 2.247546 -77.524536
14.930246 77.469444 281.694489 2.245298 -77.547012
14.940247 77.491875 280.918793 2.243053 -77.569466
14.950247 77.514282 280.142883 2.240810 -77.591896
14.960247 77.536667 279.366730 2.238569 -77.614304
14.970247 77.559029 278.590363 2.236331 -77.636688
14.980247 77.581367 277.813782 2.234094 -77.659050
14.990248 77.603683 277.036957 2.231860 -77.681389
15.000248 77.625977 276.259918 2.229628 -77.703705
15.010248 77.648247 275.482666 2.227399 -77.725998
15.020248 77.670502 274.705170 2.225171 -77.748268
15.030249 77.692734 273.927460 2.222946 -77.770523
15.040249 77.714943 273.149536 2.220723 -77.792755
15.050249 77.737129 272.371399 2.218503 -77.814964
15.060249 77.759293 271.593018 2.216284 -77.837151
15.070250 77.781433 270.814423 2.214068 -77.859314
15.080250 77.803551 270.035614 2.211854 -77.881454
15.090250 77.825645 269.256592 2.209642 -77.903572
15.100250 77.847717 268.477325 2.207432 -77.925667
15.110250 77.869766 267.697845 2.205225 -77.947739
15.120251 77.891800 266.918152 2.203020 -77.969788
15.130251 77.913811 266.138245 2.200817 -77.991821
15.140251 77.935799 265.358093 2.198616 -78.013832
15.150251 77.957764 264.577728 2.196417 -78.035820
15.160252 77.979706 263.797150 2.194221 -78.057785
15.170252 78.001625 263.016357 2.192027 -78.079727
15.180252 78.023521 262.235352 2.189835 -78.101646
15.190252 78.045395 261.454102 2.187645 -78.123543
15.200253 78.067253 260.672638 2.185457 -78.145416
15.210253 78.089088 259.890961 2.183272 -78.167274
15.220253 78.110901 259.109070 2.181088 -78.189110
15.230253 78.132690 258.326965 2.178907 -78.210922
15.240253 78.154457 257.544647 2.176728 -78.232712
15.250254 78.176201 256.762115 2.174552 -78.254478
15.260254 78.197922 255.979355 2.172377 -78.276222
15.270254 78.219627 255.196381 2.170205 -78.297943
15.280254 78.241310 254.413177 2.168035 -78.319649
15.290255 78.262970 253.629761 2.165867 -78.341331
15.300255 78.284607 252.846130 2.163701 -78.362991
15.310255 78.306221 252.062286 2.161537 -78.384628
15.320255 78.327812 251.278229 2.159376 -78.406242
15.330256 78.349388 250.493958 2.157216 -78.427834
15.340256 78.370941 249.709457 2.155059 -78.449409
15.350256 78.392471 248.924744 2.152904 -78.470963
15.360256 78.413979 248.139816 2.150751 -78.492493
15.370256 78.435463 247.354675 2.148600 -78.514000
15.380257 78.456924 246.569321 2.146452 -78.535484
15.390257 78.478371 245.783752 2.144305 -78.556946
15.400257 78.499794 244.997971 2.142161 -78.578392
15.410257 78.521194 244.211975 2.140019 -78.599815
15.420258 78.542572 243.425766 2.137879 -78.621216
15.430258 78.563927 242.639343 2.135741 -78.642593
15.440258 78.585266 241.852707 2.133605 -78.663948
15.450258 78.606583 241.065857 2.131471 -78.685287
15.460258 78.627876 240.278793 2.129340 -78.706604
15.470259 78.649147 239.491516 2.127211 -78.727898
15.480259 78.670395 238.704025 2.125083 -78.749168
15.490259 78.691628 237.916321 2.122958 -78.770416
15.500259 78.712837 237.128403 2.120836 -78.791649
15.510260 78.734024 236.340271 2.118715 -78.812859
15.520260 78.755188 235.551926 2.116596 -78.834045
15.530260 78.776329 234.763367 2.114479 -78.855209
15.540260 78.797455 233.974609 2.112365 -78.876350
15.550261 78.818558 233.185638 2.110252 -78.897476
15.560261 78.839638 232.396454 2.108142 -78.918579
15.570261 78.860695 231.607056 2.106034 -78.939659
15.580261 78.881737 230.817444 2.103928 -78.960716
15.590261 78.902756 230.027634 2.101824 -78.981758
15.600262 78.923752 229.237610 2.099722 -79.002777
15.610262 78.944725 228.447372 2.097622 -79.023773
15.620262 78.965683 227.656921 2.095525 -79.044746
15.630262 78.986618 226.866272 2.093429 -79.065704
15.640263 79.007530 226.075409 2.091336 -79.086639
15.650263 79.028419 225.284332 2.089245 -79.107552
15.660263 79.049294 224.493042 2.087155 -79.128441
15.670263 79.070145 223.701553 2.085068 -79.149315
15.680264 79.090973 222.909851 2.082983 -79.170166
15.690264 79.111778 222.117935 2.080900 -79.190994
15.700264 79.132568 221.325821 2.078819 -79.211800
15.710264 79.153336 220.533493 2.076741 -79.232590
15.720264 79.174080 219.740967 2.074664 -79.253357
15.730265 79.194809 218.948227 2.072589 -79.274101
15.740265 79.215515 218.155273 2.070517 -79.294830
15.750265 79.236198 217.362122 2.068446 -79.315536
15.760265 79.256859 216.568756 2.066378 -79.336220
15.770266 79.277504 215.775192 2.064311 -79.356880
15.780266 79.298126 214.981415 2.062247 -79.377525
15.790266 79.318726 214.187439 2.060185 -79.398148
15.800266 79.339310 213.393250 2.058125 -79.418747
15.810266 79.359871 212.598862 2.056067 -79.439331
15.820267 79.380409 211.804260 2.054010 -79.459892
15.830267 79.400932 211.009460 2.051956 -79.480431
15.840267 79.421432 210.214447 2.049904 -79.500954
15.850267 79.441910 209.419235 2.047854 -79.521454
15.860268 79.462364 208.623810 2.045807 -79.541931
15.870268 79.482803 207.828186 2.043761 -79.562386
15.880268 79.503220 207.032364 2.041717 -79.582825
15.890268 79.523613 206.236328 2.039675 -79.603241
15.900269 79.543991 205.440094 2.037636 -79.623634
15.910269 79.564346 204.643646 2.035598 -79.644012
15.920269 79.584679 203.847000 2.033562 -79.664368
15.930269 79.604996 203.050156 2.031529 -79.684700
15.940269 79.625290 202.253113 2.029497 -79.705017
15.950270 79.645561 201.455856 2.027468 -79.725311
15.960270 79.665817 200.658401 2.025440 -79.745583
15.970270 79.686050 199.860748 2.023415 -79.765839
15.980270 79.706261 199.062881 2.021392 -79.786072
15.990271 79.726456 198.264816 2.019370 -79.806282
16.000271 79.746628 197.466553 2.017351 -79.826477
16.010271 79.766785 196.668091 2.015334 -79.846649
16.020271 79.786919 195.869415 2.013318 -79.866806
16.030272 79.807030 195.070541 2.011305 -79.886940
16.040272 79.827126 194.271469 2.009294 -79.907051
16.050272 79.847198 193.472198 2.007284 -79.927147
16.060272 79.867249 192.672729 2.005277 -79.947220
16.070272 79.887283 191.873062 2.003272 -79.967270
16.080273 79.907295 191.073196 2.001269 -79.987305
16.090273 79.927284 190.273117 1.999267 -80.007317
16.100273 79.947258 189.472839 1.997268 -80.027306
16.110273 79.967209 188.672363 1.995271 -80.047279
16.120274 79.987144 187.871689 1.993276 -80.067230
16.130274 80.007057 187.070816 1.991282 -80.087166
16.140274 80.026947 186.269745 1.989291 -80.107079
16.150274 80.046822 185.468475 1.987302 -80.126968
16.160275 80.066673 184.667007 1.985314 -80.146843
16.170275 80.086510 183.865341 1.983329 -80.166695
16.180275 80.106323 183.063477 1.981346 -80.186531
16.190275 80.126114 182.261414 1.979364 -80.206345
16.200275 80.145889 181.459152 1.977385 -80.226135
16.210276 80.165642 180.656693 1.975408 -80.245911
16.220276 80.185379 179.854034 1.973432 -80.265663
16.230276 80.205093 179.051178 1.971459 -80.285400
16.240276 80.224785 178.248123 1.969487 -80.305115
16.250277 80.244461 177.444870 1.967518 -80.324806
16.260277 80.264114 176.641418 1.965550 -80.344482
16.270277 80.283752 175.837784 1.963585 -80.364136
16.280277 80.303368 175.033951 1.961621 -80.383774
16.290277 80.322968 174.229919 1.959660 -80.403389
16.300278 80.342545 173.425690 1.957700 -80.422989
16.310278 80.362099 172.621262 1.955742 -80.442566
16.320278 80.381638 171.816635 1.953786 -80.462120
16.330278 80.401154 171.011826 1.951833 -80.481659
16.340279 80.420654 170.206818 1.949881 -80.501175
16.350279 80.440132 169.401611 1.947931 -80.520676
16.360279 80.459595 168.596207 1.945983 -80.540154
16.370279 80.479034 167.790604 1.944037 -80.559616
16.380280 80.498459 166.984818 1.942093 -80.579056
16.390280 80.517860 166.178833 1.940151 -80.598480
16.400280 80.537239 165.372650 1.938211 -80.617882
16.410280 80.556602 164.566284 1.936273 -80.637260
16.420280 80.575943 163.759720 1.934336 -80.656624
16.430281 80.595268 162.952957 1.932402 -80.675964
16.440281 80.614571 162.146011 1.930470 -80.695290
16.450281 80.633858 161.338867 1.928539 -80.714592
16.460281 80.653122 160.531525 1.926611 -80.733879
16.470282 80.672371 159.723999 1.924684 -80.753143
16.480282 80.691597 158.916275 1.922759 -80.772392
16.490282 80.710808 158.108353 1.920837 -80.791618
16.500282 80.729996 157.300247 1.918916 -80.810829
16.510283 80.749168 156.491943 1.916997 -80.830017
16.520283 80.768318 155.683456 1.915080 -80.849190
16.530283 80.787453 154.874771 1.913165 -80.868340
16.540283 80.806564 154.065903 1.911252 -80.887474
16.550283 80.825661 153.256836 1.909340 -80.906586
16.560284 80.844734 152.447586 1.907431 -80.925682
16.570284 80.863792 151.638138 1.905523 -80.944756
16.580284 80.882828 150.828506 1.903618 -80.963814
16.590284 80.901848 150.018677 1.901714 -80.982849
16.600285 80.920845 149.208664 1.899812 -81.001869
16.610285 80.939827 148.398453 1.897913 -81.020866
16.620285 80.958786 147.588058 1.896015 -81.039848
16.630285 80.977730 146.777466 1.894119 -81.058807
16.640285 80.996651 145.966690 1.892225 -81.077751
16.650286 81.015556 145.155716 1.890332 -81.096672
16.660286 81.034439 144.344559 1.888442 -81.115578
16.670286 81.053307 143.533218 1.886554 -81.134460
16.680286 81.072151 142.721680 1.884667 -81.153328
16.690287 81.090981 141.909958 1.882782 -81.172173
16.700287 81.109787 141.098053 1.880900 -81.191002
16.710287 81.128578 140.285950 1.879019 -81.209808
16.720287 81.147346 139.473663 1.877140 -81.228600
16.730288 81.166100 138.661194 1.875262 -81.247368
16.740288 81.184830 137.848526 1.873387 -81.266121
16.750288 81.203545 137.035675 1.871514 -81.284851
16.760288 81.222244 136.222641 1.869642 -81.303566
16.770288 81.240921 135.409424 1.867773 -81.322266
16.780289 81.259583 134.596008 1.865905 -81.340942
16.790289 81.278221 133.782410 1.864039 -81.359604
16.800289 81.296844 132.968628 1.862175 -81.378242
16.810289 81.315445 132.154663 1.860313 -81.396866
16.820290 81.334030 131.340515 1.858453 -81.415466
16.830290 81.352592 130.526169 1.856594 -81.434052
16.840290 81.371140 129.711639 1.854738 -81.452614
16.850290 81.389671 128.896927 1.852883 -81.471161
16.860291 81.408180 128.082031 1.851030 -81.489693
16.870291 81.426674 127.266953 1.849179 -81.508202
16.880291 81.445145 126.451683 1.847330 -81.526695
16.890291 81.463600 125.636230 1.845482 -81.545166
16.900291 81.482033 124.820595 1.843637 -81.563622
16.910292 81.500450 124.004776 1.841793 -81.582054
16.920292 81.518852 123.188774 1.839951 -81.600471
16.930292 81.537231 122.372589 1.838111 -81.618874
16.940292 81.555595 121.556213 1.836273 -81.637253
16.950293 81.573936 120.739655 1.834437 -81.655617
16.960293 81.592262 119.922913 1.832603 -81.673958
16.970293 81.610573 119.105988 1.830770 -81.692284
16.980293 81.628860 118.288879 1.828939 -81.710594
16.990294 81.647133 117.471588 1.827110 -81.728882
17.000294 81.665382 116.654114 1.825283 -81.747154
17.010294 81.683617 115.836456 1.823458 -81.765404
17.020294 81.701836 115.018623 1.821634 -81.783638
17.030294 81.720032 114.200607 1.819813 -81.801857
17.040295 81.738213 113.382408 1.817993 -81.820053
17.050295 81.756371 112.564026 1.816175 -81.838234
17.060295 81.774513 111.745461 1.814359 -81.856392
17.070295 81.792641 110.926712 1.812544 -81.874535
17.080296 81.810745 110.107788 1.810732 -81.892662
17.090296 81.828835 109.288681 1.808921 -81.910767
17.100296 81.846909 108.469391 1.807112 -81.928856
17.110296 81.864960 107.649925 1.805305 -81.946930
17.120296 81.882996 106.830276 1.803500 -81.964981
17.130297 81.901016 106.010445 1.801696 -81.983017
17.140297 81.919014 105.190437 1.799894 -82.001038
17.150297 81.936996 104.370247 1.798095 -82.019035
17.160297 81.954956 103.549873 1.796296 -82.037018
17.170298 81.972900 102.729324 1.794500 -82.054977
17.180298 81.990829 101.908592 1.792706 -82.072922
17.190298 82.008736 101.087685 1.790913 -82.090851
17.200298 82.026627 100.266594 1.789122 -82.108757
17.210299 82.044502 99.445328 1.787333 -82.126648
17.220299 82.062355 98.623886 1.785546 -82.144524
17.230299 82.080193 97.802261 1.783760 -82.162376
17.240299 82.098015 96.980461 1.781976 -82.180214
17.250299 82.115814 96.158478 1.780195 -82.198036
17.260300 82.133598 95.336319 1.778414 -82.215836
17.270300 82.151367 94.513985 1.776636 -82.233620
17.280300 82.169113 93.691467 1.774859 -82.251389
17.290300 82.186844 92.868774 1.773084 -82.269135
17.300301 82.204559 92.045906 1.771311 -82.286865
17.310301 82.222252 91.222862 1.769540 -82.304581
17.320301 82.239929 90.399643 1.767770 -82.322273
17.330301 82.257591 89.576241 1.766003 -82.339951
17.340302 82.275230 88.752663 1.764237 -82.357613
17.350302 82.292854 87.928909 1.762473 -82.375252
17.360302 82.310463 87.104980 1.760710 -82.392876
17.370302 82.328049 86.280876 1.758949 -82.410484
17.380302 82.345619 85.456596 1.757190 -82.428070
17.390303 82.363174 84.632141 1.755433 -82.445641
17.400303 82.380714 83.807510 1.753678 -82.463196
17.410303 82.398232 82.982704 1.751924 -82.480736
17.420303 82.415733 82.157722 1.750172 -82.498253
17.430304 82.433220 81.332565 1.748422 -82.515755
17.440304 82.450684 80.507233 1.746673 -82.533241
17.450304 82.468132 79.681725 1.744927 -82.550705
17.460304 82.485565 78.856041 1.743182 -82.568153
17.470304 82.502983 78.030182 1.741439 -82.585587
17.480305 82.520378 77.204155 1.739697 -82.603004
17.490305 82.537758 76.377953 1.737957 -82.620399
17.500305 82.555122 75.551575 1.736220 -82.637779
17.510305 82.572464 74.725021 1.734483 -82.655144
17.520306 82.589790 73.898300 1.732749 -82.672485
17.530306 82.607101 73.071404 1.731016 -82.689812
17.540306 82.624397 72.244331 1.729285 -82.707123
17.550306 82.641670 71.417084 1.727556 -82.724419
17.560307 82.658928 70.589668 1.725828 -82.741692
17.570307 82.676170 69.762077 1.724102 -82.758949
17.580307 82.693398 68.934319 1.722378 -82.776192
17.590307 82.710602 68.106384 1.720656 -82.793419
17.600307 82.727791 67.278275 1.718935 -82.810623
17.610308 82.744965 66.449997 1.717216 -82.827812
17.620308 82.762123 65.621544 1.715499 -82.844986
17.630308 82.779259 64.792923 1.713784 -82.862144
17.640308 82.796379 63.964130 1.712070 -82.879280
17.650309 82.813484 63.135166 1.710358 -82.896400
17.660309 82.830574 62.306030 1.708647 -82.913506
17.670309 82.847641 61.476723 1.706939 -82.930595
17.680309 82.864693 60.647247 1.705232 -82.947662
17.690310 82.881729 59.817600 1.703527 -82.964714
17.700310 82.898750 58.987782 1.701823 -82.981750
17.710310 82.915749 58.157795 1.700121 -82.998772
17.720310 82.932732 57.327637 1.698421 -83.015770
17.730310 82.949699 56.497311 1.696723 -83.032753
17.740311 82.966652 55.666813 1.695026 -83.049721
17.750311 82.983582 54.836147 1.693331 -83.066673
17.760311 83.000496 54.005310 1.691638 -83.083603
17.770311 83.017395 53.174305 1.689946 -83.100517
17.780312 83.034279 52.343132 1.688256 -83.117416
17.790312 83.051147 51.511787 1.686568 -83.134300
17.800312 83.067993 50.680275 1.684881 -83.151169
17.810312 83.084824 49.848595 1.683196 -83.168015
17.820312 83.101639 49.016747 1.681513 -83.184845
17.830313 83.118439 48.184731 1.679832 -83.201660
17.840313 83.135223 47.352547 1.678152 -83.218460
17.850313 83.151985 46.520195 1.676474 -83.235245
17.860313 83.168732 45.687675 1.674797 -83.252007
17.870314 83.185463 44.854988 1.673123 -83.268753
17.880314 83.202179 44.022133 1.671449 -83.285484
17.890314 83.218880 43.189110 1.669778 -83.302200
17.900314 83.235558 42.355919 1.668108 -83.318901
17.910315 83.252220 41.522564 1.666440 -83.335579
17.920315 83.268867 40.689041 1.664774 -83.352242
17.930315 83.285500 39.855350 1.663109 -83.368889
17.940315 83.302116 39.021496 1.661446 -83.385521
17.950315 83.318718 38.187473 1.659784 -83.402138
17.960316 83.335297 37.353287 1.658125 -83.418739
17.970316 83.351860 36.518932 1.656467 -83.435318
17.980316 83.368408 35.684414 1.654810 -83.451881
17.990316 83.384941 34.849731 1.653155 -83.468430
18.000317 83.401459 34.014881 1.651502 -83.484962
18.010317 83.417953 33.179867 1.649851 -83.501480
18.020317 83.434433 32.344688 1.648201 -83.517975
18.030317 83.450897 31.509344 1.646553 -83.534454
18.040318 83.467346 30.673836 1.644906 -83.550919
18.050318 83.483780 29.838161 1.643261 -83.567368
18.060318 83.500198 29.002323 1.641618 -83.583801
18.070318 83.516602 28.166321 1.639976 -83.600220
18.080318 83.532982 27.330154 1.638336 -83.616623
18.090319 83.549347 26.493824 1.636698 -83.633003
18.100319 83.565697 25.657330 1.635061 -83.649368
18.110319 83.582031 24.820673 1.633426 -83.665718
18.120319 83.598351 23.983852 1.631793 -83.682053
18.130320 83.614655 23.146870 1.630161 -83.698372
18.140320 83.630943 22.309723 1.628531 -83.714676
18.150320 83.647209 21.472414 1.626902 -83.730965
18.160320 83.663460 20.634941 1.625275 -83.747231
18.170321 83.679695 19.797306 1.623650 -83.763481
18.180321 83.695915 18.959509 1.622027 -83.779716
18.190321 83.712120 18.121550 1.620404 -83.795937
18.200321 83.728310 17.283428 1.618784 -83.812141
18.210321 83.744484 16.445145 1.617165 -83.828331
18.220322 83.760643 15.606700 1.615548 -83.844505
18.230322 83.776779 14.768093 1.613933 -83.860664
18.240322 83.792900 13.929325 1.612319 -83.876801
18.250322 83.809006 13.090396 1.610706 -83.892921
18.260323 83.825096 12.251306 1.609096 -83.909027
18.270323 83.841171 11.412054 1.607486 -83.925117
18.280323 83.857231 10.572642 1.605879 -83.941193
18.290323 83.873276 9.733069 1.604273 -83.957253
18.300323 83.889305 8.893336 1.602669 -83.973297
18.310324 83.905319 8.053443 1.601066 -83.989326
18.320324 83.921310 7.213389 1.599465 -84.005341
18.330324 83.937286 6.373176 1.597866 -84.021332
18.340324 83.953247 5.532803 1.596268 -84.037308
18.350325 83.969193 4.692270 1.594671 -84.053268
18.360325 83.985123 3.851578 1.593077 -84.069214
18.370325 84.001038 3.010727 1.591484 -84.085144
18.380325 84.016937 2.169716 1.589892 -84.101059
18.390326 84.032822 1.328547 1.588302 -84.116959
18.400326 84.048691 .487218 1.586714 -84.132843
