.010000 100.099503 9.950000
.020000 100.198006 9.849999
.030000 100.295509 9.749999
.040000 100.392006 9.649999
.050000 100.487503 9.549998
.060000 100.582001 9.449998
.070000 100.675499 9.349998
.080000 100.767998 9.249997
.090000 100.859497 9.149997
.100000 100.949997 9.049996
.110000 101.039497 8.949996
.120000 101.127998 8.849996
.130000 101.215500 8.749995
.140000 101.302002 8.649995
.150000 101.387505 8.549994
.160000 101.472008 8.449994
.170000 101.555511 8.349994
.180000 101.638008 8.249993
.190000 101.719505 8.149993
.200000 101.800003 8.049993
.210000 101.879501 7.949993
.220000 101.958000 7.849993
.230000 102.035500 7.749993
.240000 102.112000 7.649993
.250000 102.187500 7.549993
.260000 102.262001 7.449993
.270000 102.335503 7.349993
.280000 102.408005 7.249993
.290000 102.479507 7.149993
.300000 102.550011 7.049994
.310000 102.619507 6.949994
.320000 102.688004 6.849994
.330000 102.755501 6.749994
.340000 102.821999 6.649994
.350000 102.887497 6.549994
.360000 102.951996 6.449994
.370000 103.015495 6.349994
.380000 103.077995 6.249994
.390000 103.139496 6.149994
.400000 103.199997 6.049994
.410000 103.259499 5.949995
.420000 103.318001 5.849995
.430000 103.375504 5.749995
.440000 103.432007 5.649995
.450000 103.487503 5.549995
.460000 103.542000 5.449995
.470000 103.595497 5.349995
.480000 103.647995 5.249995
.490000 103.699493 5.149995
.500000 103.749992 5.049995
.510000 103.799492 4.949996
.520000 103.847992 4.849996
.530000 103.895493 4.749996
.540000 103.941994 4.649996
.550000 103.987495 4.549996
.560000 104.031998 4.449996
.570000 104.075500 4.349996
.580000 104.118004 4.249996
.590000 104.159500 4.149996
.600000 104.199997 4.049996
.610000 104.239494 3.949996
.620000 104.277992 3.849997
.630000 104.315491 3.749997
.640000 104.351990 3.649997
.650000 104.387489 3.549997
.660000 104.421989 3.449997
.670000 104.455490 3.349997
.680000 104.487991 3.249997
.690000 104.519493 3.149997
.700000 104.549995 3.049997
.710000 104.579498 2.949997
.720000 104.608002 2.849998
.730000 104.635498 2.749998
.740000 104.661995 2.649998
.750000 104.687492 2.549998
.760000 104.711990 2.449998
.770000 104.735489 2.349998
.780000 104.757988 2.249998
.790000 104.779488 2.149998
.800000 104.799988 2.049998
.810000 104.819489 1.949998
.820000 104.837990 1.849998
.830000 104.855492 1.749998
.839999 104.871994 1.649998
.849999 104.887497 1.549998
.859999 104.902000 1.449998
.869999 104.915497 1.349998
.879999 104.927994 1.249998
.889999 104.939491 1.149998
.899999 104.949989 1.049998
.909999 104.959488 .949998
.919999 104.967987 .849998
.929999 104.975487 .749998
.939999 104.981987 .649998
.949999 104.987488 .549998
.959999 104.991989 .449998
.969999 104.995491 .349998
.979999 104.997993 .249998
.989999 104.999496 .149998
.999999 105.000000 .049998
1.009999 104.999496 -.050002
1.019999 104.997993 -.150002
1.029999 104.995491 -.250002
1.039999 104.991989 -.350002
1.049999 104.987488 -.450002
1.059999 104.981987 -.550002
1.069999 104.975487 -.650002
1.079999 104.967987 -.750002
1.089999 104.959488 -.850002
1.099999 104.949989 -.950002
1.109999 104.939491 -1.050002
1.119999 104.927994 -1.150002
1.129999 104.915497 -1.250002
1.139999 104.902000 -1.350002
1.149999 104.887497 -1.450002
1.159999 104.871994 -1.550002
1.169999 104.855492 -1.650002
1.179999 104.837990 -1.750002
1.189999 104.819489 -1.850002
1.199999 104.799988 -1.950002
1.209999 104.779488 -2.050002
1.219999 104.757988 -2.150002
1.229999 104.735489 -2.250002
1.239999 104.711990 -2.350002
1.249999 104.687492 -2.450002
1.259999 104.661995 -2.550002
1.269999 104.635498 -2.650002
1.279999 104.608002 -2.750002
1.289999 104.579498 -2.850002
1.299999 104.549995 -2.950001
1.309999 104.519493 -3.050001
1.319999 104.487991 -3.150001
1.329999 104.455490 -3.250001
1.339999 104.421989 -3.350001
1.349999 104.387489 -3.450001
1.359999 104.351990 -3.550001
1.369999 104.315491 -3.650001
1.379999 104.277992 -3.750001
1.389999 104.239494 -3.850001
1.399999 104.199997 -3.950001
1.409999 104.159500 -4.050001
1.419999 104.118004 -4.150001
1.429999 104.075500 -4.250000
1.439999 104.031998 -4.350000
1.449999 103.987495 -4.450000
1.459999 103.941994 -4.550000
1.469999 103.895493 -4.650000
1.479999 103.847992 -4.750000
1.489999 103.799492 -4.850000
1.499999 103.749992 -4.950000
1.509999 103.699493 -5.050000
1.519999 103.647995 -5.150000
1.529999 103.595497 -5.250000
1.539999 103.542000 -5.349999
1.549999 103.487503 -5.449999
1.559999 103.432007 -5.549999
1.569999 103.375504 -5.649999
1.579999 103.318001 -5.749999
1.589999 103.259499 -5.849999
1.599999 103.199997 -5.949999
1.609999 103.139496 -6.049999
1.619999 103.077995 -6.149999
1.629999 103.015495 -6.249999
1.639999 102.951996 -6.349998
1.649999 102.887497 -6.449998
1.659999 102.821999 -6.549998
1.669999 102.755501 -6.649998
1.679999 102.688004 -6.749998
1.689999 102.619507 -6.849998
1.699999 102.550003 -6.949998
1.709999 102.479500 -7.049998
1.719999 102.407997 -7.149998
1.729999 102.335495 -7.249998
1.739999 102.261993 -7.349998
1.749999 102.187492 -7.449997
1.759999 102.111992 -7.549997
1.769999 102.035492 -7.649997
1.779999 101.957993 -7.749997
1.789999 101.879494 -7.849997
1.799999 101.799995 -7.949997
1.809999 101.719498 -8.049997
1.819999 101.638000 -8.149998
1.829999 101.555504 -8.249998
1.839999 101.472000 -8.349998
1.849999 101.387497 -8.449999
1.859999 101.301994 -8.549999
1.869999 101.215492 -8.650000
1.879999 101.127991 -8.750000
1.889999 101.039490 -8.850000
1.899999 100.949989 -8.950001
1.909999 100.859489 -9.050001
1.919999 100.767990 -9.150002
1.929999 100.675491 -9.250002
1.939999 100.581993 -9.350002
1.949998 100.487495 -9.450003
1.959998 100.391998 -9.550003
1.969998 100.295502 -9.650003
1.979998 100.197998 -9.750004
1.989998 100.099495 -9.850004
1.999998 99.999992 -9.950005
2.009999 99.899490 -10.050005
2.019999 99.797989 -10.150005
2.029999 99.695488 -10.250006
2.039999 99.591988 -10.350006
2.049999 99.487488 -10.450006
2.059999 99.381989 -10.550007
2.069999 99.275490 -10.650007
2.079998 99.167992 -10.750008
2.089998 99.059494 -10.850008
2.099998 98.949997 -10.950008
2.109998 98.839500 -11.050009
2.119998 98.727997 -11.150009
2.129998 98.615494 -11.250010
2.139998 98.501991 -11.350010
2.149998 98.387489 -11.450010
2.159998 98.271988 -11.550011
2.169998 98.155487 -11.650011
2.179998 98.037987 -11.750011
2.189998 97.919487 -11.850012
2.199998 97.799988 -11.950012
2.209998 97.679489 -12.050013
2.219998 97.557991 -12.150013
2.229998 97.435493 -12.250013
2.239998 97.311996 -12.350014
2.249998 97.187500 -12.450014
2.259998 97.061996 -12.550014
2.269998 96.935493 -12.650015
2.279998 96.807991 -12.750015
2.289998 96.679489 -12.850016
2.299998 96.549988 -12.950016
2.309998 96.419487 -13.050016
2.319998 96.287987 -13.150017
2.329998 96.155487 -13.250017
2.339998 96.021988 -13.350018
2.349998 95.887489 -13.450018
2.359998 95.751991 -13.550018
2.369998 95.615494 -13.650019
2.379998 95.477997 -13.750019
2.389998 95.339500 -13.850019
2.399998 95.199997 -13.950020
2.409998 95.059494 -14.050020
2.419998 94.917992 -14.150021
2.429998 94.775490 -14.250021
2.439998 94.631989 -14.350021
2.449998 94.487488 -14.450022
2.459998 94.341988 -14.550022
2.469998 94.195488 -14.650023
2.479998 94.047989 -14.750023
2.489998 93.899490 -14.850023
2.499998 93.749992 -14.950024
2.509998 93.599495 -15.050024
2.519998 93.447998 -15.150024
2.529998 93.295494 -15.250025
2.539998 93.141991 -15.350025
2.549998 92.987488 -15.450026
2.559998 92.831985 -15.550026
2.569998 92.675484 -15.650026
2.579998 92.517982 -15.750027
2.589998 92.359482 -15.850027
2.599998 92.199982 -15.950027
2.609998 92.039482 -16.050028
2.619998 91.877983 -16.150028
2.629998 91.715485 -16.250029
2.639998 91.551987 -16.350029
2.649998 91.387489 -16.450029
2.659998 91.221992 -16.550030
2.669998 91.055489 -16.650030
2.679998 90.887985 -16.750031
2.689998 90.719482 -16.850031
2.699998 90.549980 -16.950031
2.709998 90.379478 -17.050032
2.719998 90.207977 -17.150032
2.729998 90.035477 -17.250032
2.739998 89.861977 -17.350033
2.749998 89.687477 -17.450033
2.759998 89.511978 -17.550034
2.769998 89.335480 -17.650034
2.779998 89.157982 -17.750034
2.789998 88.979485 -17.850035
2.799998 88.799988 -17.950035
2.809998 88.619484 -18.050035
2.819998 88.437981 -18.150036
2.829998 88.255478 -18.250036
2.839998 88.071976 -18.350037
2.849998 87.887474 -18.450037
2.859998 87.701973 -18.550037
2.869998 87.515472 -18.650038
2.879998 87.327972 -18.750038
2.889998 87.139473 -18.850039
2.899998 86.949974 -18.950039
2.909998 86.759476 -19.050039
2.919998 86.567978 -19.150040
2.929998 86.375481 -19.250040
2.939998 86.181984 -19.350040
2.949998 85.987480 -19.450041
2.959998 85.791977 -19.550041
2.969998 85.595474 -19.650042
2.979998 85.397972 -19.750042
2.989998 85.199471 -19.850042
2.999998 84.999969 -19.950043
3.009998 84.799469 -20.050043
3.019998 84.597969 -20.150043
3.029998 84.395470 -20.250044
3.039998 84.191971 -20.350044
3.049998 83.987473 -20.450045
3.059998 83.781975 -20.550045
3.069998 83.575478 -20.650045
3.079998 83.367981 -20.750046
3.089998 83.159477 -20.850046
3.099998 82.949974 -20.950047
3.109998 82.739471 -21.050047
3.119998 82.527969 -21.150047
3.129997 82.315468 -21.250048
3.139997 82.101967 -21.350048
3.149997 81.887466 -21.450048
3.159997 81.671967 -21.550049
3.169997 81.455467 -21.650049
3.179997 81.237968 -21.750050
3.189997 81.019470 -21.850050
3.199997 80.799973 -21.950050
3.209997 80.579475 -22.050051
3.219997 80.357971 -22.150051
3.229997 80.135468 -22.250051
3.239997 79.911964 -22.350052
3.249997 79.687462 -22.450052
3.259997 79.461960 -22.550053
3.269997 79.235458 -22.650053
3.279997 79.007957 -22.750053
3.289997 78.779457 -22.850054
3.299997 78.549957 -22.950054
3.309997 78.319458 -23.050055
3.319997 78.087959 -23.150055
3.329997 77.855461 -23.250055
3.339997 77.621964 -23.350056
3.349997 77.387466 -23.450056
3.359997 77.151962 -23.550056
3.369997 76.915459 -23.650057
3.379997 76.677956 -23.750057
3.389997 76.439453 -23.850058
3.399997 76.199951 -23.950058
3.409997 75.959450 -24.050058
3.419997 75.717949 -24.150059
3.429997 75.475449 -24.250059
3.439997 75.231949 -24.350060
3.449997 74.987450 -24.450060
3.459997 74.741951 -24.550060
3.469997 74.495453 -24.650061
3.479997 74.247955 -24.750061
3.489997 73.999458 -24.850061
3.499997 73.749954 -24.950062
3.509997 73.499451 -25.050062
3.519997 73.247948 -25.150063
3.529997 72.995445 -25.250063
3.539997 72.741943 -25.350063
3.549997 72.487442 -25.450064
3.559997 72.231941 -25.550064
3.569997 71.975441 -25.650064
3.579997 71.717941 -25.750065
3.589997 71.459442 -25.850065
3.599997 71.199944 -25.950066
3.609997 70.939445 -26.050066
3.619997 70.677948 -26.150066
3.629997 70.415451 -26.250067
3.639997 70.151947 -26.350067
3.649997 69.887444 -26.450068
3.659997 69.621941 -26.550068
3.669997 69.355438 -26.650068
3.679997 69.087936 -26.750069
3.689997 68.819435 -26.850069
3.699997 68.549934 -26.950069
3.709997 68.279434 -27.050070
3.719997 68.007935 -27.150070
3.729997 67.735435 -27.250071
3.739997 67.461937 -27.350071
3.749997 67.187439 -27.450071
3.759997 66.911942 -27.550072
3.769997 66.635437 -27.650072
3.779997 66.357933 -27.750072
3.789997 66.079430 -27.850073
3.799997 65.799927 -27.950073
3.809997 65.519424 -28.050074
3.819997 65.237923 -28.150074
3.829997 64.955421 -28.250074
3.839997 64.671921 -28.350075
3.849997 64.387421 -28.450075
3.859997 64.101921 -28.550076
3.869997 63.815422 -28.650076
3.879997 63.527920 -28.750076
3.889997 63.239418 -28.850077
3.899997 62.949917 -28.950077
3.909997 62.659416 -29.050077
3.919997 62.367916 -29.150078
3.929997 62.075417 -29.250078
3.939997 61.781918 -29.350079
3.949997 61.487415 -29.450079
3.959997 61.191914 -29.550079
3.969997 60.895412 -29.650080
3.979997 60.597912 -29.750080
3.989997 60.299412 -29.850080
3.999997 59.999912 -29.950081
4.009997 59.699413 -30.050081
4.019997 59.397911 -30.150082
4.029997 59.095409 -30.250082
4.039998 58.791908 -30.350082
4.049998 58.487408 -30.450083
4.059998 58.181908 -30.550083
4.069998 57.875408 -30.650084
4.079998 57.567909 -30.750084
4.089999 57.259407 -30.850084
4.099999 56.949905 -30.950085
4.109999 56.639404 -31.050085
4.119999 56.327904 -31.150085
4.130000 56.015404 -31.250086
4.140000 55.701904 -31.350086
4.150000 55.387402 -31.450087
4.160000 55.071899 -31.550087
4.170001 54.755398 -31.650087
4.180001 54.437897 -31.750088
4.190001 54.119396 -31.850088
4.200001 53.799896 -31.950089
4.210001 53.479397 -32.050087
4.220002 53.157894 -32.150085
4.230002 52.835392 -32.250084
4.240002 52.511890 -32.350082
4.250002 52.187389 -32.450081
4.260003 51.861889 -32.550079
4.270003 51.535389 -32.650078
4.280003 51.207890 -32.750076
4.290003 50.879387 -32.850075
4.300004 50.549885 -32.950073
4.310004 50.219383 -33.050072
4.320004 49.887882 -33.150070
4.330004 49.555382 -33.250069
4.340004 49.221882 -33.350067
4.350005 48.887383 -33.450066
4.360005 48.551884 -33.550064
4.370005 48.215382 -33.650063
4.380005 47.877880 -33.750061
4.390006 47.539379 -33.850060
4.400006 47.199879 -33.950058
4.410006 46.859379 -34.050056
4.420006 46.517879 -34.150055
4.430007 46.175381 -34.250053
4.440007 45.831879 -34.350052
4.450007 45.487377 -34.450050
4.460007 45.141876 -34.550049
4.470007 44.795376 -34.650047
4.480008 44.447876 -34.750046
4.490008 44.099377 -34.850044
4.500008 43.749878 -34.950043
4.510008 43.399376 -35.050041
4.520009 43.047874 -35.150040
4.530009 42.695374 -35.250038
4.540009 42.341873 -35.350037
4.550009 41.987373 -35.450035
4.560009 41.631874 -35.550034
4.570010 41.275375 -35.650032
4.580010 40.917873 -35.750031
4.590010 40.559372 -35.850029
4.600010 40.199871 -35.950027
4.610011 39.839371 -36.050026
4.620011 39.477871 -36.150024
4.630011 39.115372 -36.250023
4.640011 38.751873 -36.350021
4.650012 38.387371 -36.450020
4.660012 38.021870 -36.550018
4.670012 37.655369 -36.650017
4.680012 37.287868 -36.750015
4.690012 36.919369 -36.850014
4.700013 36.549870 -36.950012
4.710013 36.179371 -37.050011
4.720013 35.807869 -37.150009
4.730013 35.435368 -37.250008
4.740014 35.061867 -37.350006
4.750014 34.687366 -37.450005
4.760014 34.311867 -37.550003
4.770014 33.935368 -37.650002
4.780015 33.557869 -37.750000
4.790015 33.179367 -37.849998
4.800015 32.799866 -37.949997
4.810015 32.419365 -38.049995
4.820015 32.037865 -38.149994
4.830016 31.655365 -38.249992
4.840016 31.271866 -38.349991
4.850016 30.887365 -38.449989
4.860016 30.501865 -38.549988
4.870017 30.115366 -38.649986
4.880017 29.727865 -38.749985
4.890017 29.339365 -38.849983
4.900017 28.949865 -38.949982
4.910017 28.559366 -39.049980
4.920018 28.167866 -39.149979
4.930018 27.775366 -39.249977
4.940018 27.381866 -39.349976
4.950018 26.987368 -39.449974
4.960019 26.591867 -39.549973
4.970019 26.195368 -39.649971
4.980019 25.797869 -39.749969
4.990019 25.399368 -39.849968
5.000020 24.999868 -39.949966
5.010020 24.599369 -40.049965
5.020020 24.197870 -40.149963
5.030020 23.795370 -40.249962
5.040020 23.391870 -40.349960
5.050021 22.987371 -40.449959
5.060021 22.581871 -40.549957
5.070021 22.175371 -40.649956
5.080021 21.767872 -40.749954
5.090022 21.359373 -40.849953
5.100022 20.949873 -40.949951
5.110022 20.539373 -41.049950
5.120022 20.127874 -41.149948
5.130023 19.715374 -41.249947
5.140023 19.301874 -41.349945
5.150023 18.887375 -41.449944
5.160023 18.471876 -41.549942
5.170023 18.055376 -41.649940
5.180024 17.637877 -41.749939
5.190024 17.219378 -41.849937
5.200024 16.799879 -41.949936
5.210024 16.379379 -42.049934
5.220025 15.957880 -42.149933
5.230025 15.535380 -42.249931
5.240025 15.111881 -42.349930
5.250025 14.687382 -42.449928
5.260026 14.261883 -42.549927
5.270026 13.835383 -42.649925
5.280026 13.407885 -42.749924
5.290026 12.979385 -42.849922
5.300026 12.549886 -42.949921
5.310027 12.119387 -43.049919
5.320027 11.687887 -43.149918
5.330027 11.255388 -43.249916
5.340027 10.821889 -43.349915
5.350028 10.387390 -43.449913
5.360028 9.951891 -43.549911
5.370028 9.515392 -43.649910
5.380028 9.077893 -43.749908
5.390028 8.639394 -43.849907
5.400029 8.199895 -43.949905
5.410029 7.759396 -44.049904
5.420029 7.317897 -44.149902
5.430029 6.875398 -44.249901
5.440030 6.431899 -44.349899
5.450030 5.987400 -44.449898
5.460030 5.541901 -44.549896
5.470030 5.095402 -44.649895
5.480031 4.647903 -44.749893
5.490031 4.199404 -44.849892
5.500031 3.749905 -44.949890
5.510031 3.299407 -45.049889
5.520031 2.847908 -45.149887
5.530032 2.395409 -45.249886
5.540032 1.941910 -45.349884
5.550032 1.487411 -45.449883
5.560032 1.031912 -45.549881
5.570033 .575413 -45.649879
5.580033 .117915 -45.749878
