.010000 99.999496 -.050000
.020000 99.997993 -.150000
.030000 99.995491 -.250000
.040000 99.991989 -.350000
.050000 99.987488 -.450000
.060000 99.981987 -.550000
.070000 99.975487 -.650000
.080000 99.967987 -.750000
.090000 99.959488 -.850000
.100000 99.949989 -.950000
.110000 99.939491 -1.050000
.120000 99.927994 -1.150000
.130000 99.915497 -1.250000
.140000 99.902000 -1.350000
.150000 99.887497 -1.450000
.160000 99.871994 -1.550000
.170000 99.855492 -1.650000
.180000 99.837990 -1.750000
.190000 99.819489 -1.850000
.200000 99.799988 -1.950000
.210000 99.779488 -2.050000
.220000 99.757988 -2.150000
.230000 99.735489 -2.250000
.240000 99.711990 -2.350000
.250000 99.687492 -2.450000
.260000 99.661995 -2.550000
.270000 99.635498 -2.650000
.280000 99.608002 -2.750000
.290000 99.579498 -2.849999
.300000 99.549995 -2.949999
.310000 99.519493 -3.049999
.320000 99.487991 -3.149999
.330000 99.455490 -3.249999
.340000 99.421989 -3.349999
.350000 99.387489 -3.449999
.360000 99.351990 -3.549999
.370000 99.315491 -3.649999
.380000 99.277992 -3.749999
.390000 99.239494 -3.849998
.400000 99.199997 -3.949998
.410000 99.159500 -4.049998
.420000 99.118004 -4.149998
.430000 99.075500 -4.249998
.440000 99.031998 -4.349998
.450000 98.987495 -4.449998
.460000 98.941994 -4.549998
.470000 98.895493 -4.649998
.480000 98.847992 -4.749998
.490000 98.799492 -4.849998
.500000 98.749992 -4.949997
.510000 98.699493 -5.049997
.520000 98.647995 -5.149997
.530000 98.595497 -5.249997
.540000 98.542000 -5.349997
.550000 98.487503 -5.449997
.560000 98.432007 -5.549997
.570000 98.375504 -5.649997
.580000 98.318001 -5.749997
.590000 98.259499 -5.849997
.600000 98.199997 -5.949996
.610000 98.139496 -6.049996
.620000 98.077995 -6.149996
.630000 98.015495 -6.249996
.640000 97.951996 -6.349996
.650000 97.887497 -6.449996
.660000 97.821999 -6.549996
.670000 97.755501 -6.649996
.680000 97.688004 -6.749996
.690000 97.619507 -6.849996
.700000 97.550011 -6.949996
.710000 97.479507 -7.049995
.720000 97.408005 -7.149995
.730000 97.335503 -7.249995
.740000 97.262001 -7.349995
.750000 97.187500 -7.449995
.760000 97.112000 -7.549995
.770000 97.035500 -7.649995
.780000 96.958000 -7.749995
.790000 96.879501 -7.849995
.800000 96.800003 -7.949995
.810000 96.719505 -8.049994
.820000 96.638008 -8.149995
.830000 96.555511 -8.249995
.839999 96.472008 -8.349996
.849999 96.387505 -8.449996
.859999 96.302002 -8.549996
.869999 96.215500 -8.649997
.879999 96.127998 -8.749997
.889999 96.039497 -8.849998
.899999 95.949997 -8.949998
.909999 95.859497 -9.049998
.919999 95.767998 -9.149999
.929999 95.675499 -9.249999
.939999 95.582001 -9.349999
.949999 95.487503 -9.450000
.959999 95.392006 -9.550000
.969999 95.295509 -9.650001
.979999 95.198006 -9.750001
.989999 95.099503 -9.850001
.999999 95.000000 -9.950002
1.009999 94.899498 -10.050002
1.019999 94.797997 -10.150002
1.029999 94.695496 -10.250003
1.039999 94.591995 -10.350003
1.049999 94.487495 -10.450004
1.059999 94.381996 -10.550004
1.069999 94.275497 -10.650004
1.079999 94.167999 -10.750005
1.089999 94.059502 -10.850005
1.099999 93.950005 -10.950006
1.109999 93.839508 -11.050006
1.119999 93.728004 -11.150006
1.129999 93.615501 -11.250007
1.139999 93.501999 -11.350007
1.149999 93.387497 -11.450007
1.159999 93.271996 -11.550008
1.169999 93.155495 -11.650008
1.179999 93.037994 -11.750009
1.189999 92.919495 -11.850009
1.199999 92.799995 -11.950009
1.209999 92.679497 -12.050010
1.219999 92.557999 -12.150010
1.229999 92.435501 -12.250010
1.239999 92.312004 -12.350011
1.249999 92.187508 -12.450011
1.259999 92.062004 -12.550012
1.269999 91.935501 -12.650012
1.279999 91.807999 -12.750012
1.289999 91.679497 -12.850013
1.299999 91.549995 -12.950013
1.309999 91.419495 -13.050014
1.319999 91.287994 -13.150014
1.329999 91.155495 -13.250014
1.339999 91.021996 -13.350015
1.349999 90.887497 -13.450015
1.359999 90.751999 -13.550015
1.369999 90.615501 -13.650016
1.379999 90.478004 -13.750016
1.389999 90.339508 -13.850017
1.399999 90.200005 -13.950017
1.409999 90.059502 -14.050017
1.419999 89.917999 -14.150018
1.429999 89.775497 -14.250018
1.439999 89.631996 -14.350019
1.449999 89.487495 -14.450019
1.459999 89.341995 -14.550019
1.469999 89.195496 -14.650020
1.479999 89.047997 -14.750020
1.489999 88.899498 -14.850020
1.499999 88.750000 -14.950021
1.509999 88.599503 -15.050021
1.519999 88.448006 -15.150022
1.529999 88.295502 -15.250022
1.539999 88.141998 -15.350022
1.549999 87.987495 -15.450023
1.559999 87.831993 -15.550023
1.569999 87.675491 -15.650023
1.579999 87.517990 -15.750024
1.589999 87.359489 -15.850024
1.599999 87.199989 -15.950025
1.609999 87.039490 -16.050024
1.619999 86.877991 -16.150024
1.629999 86.715492 -16.250025
1.639999 86.551994 -16.350025
1.649999 86.387497 -16.450026
1.659999 86.222000 -16.550026
1.669999 86.055496 -16.650026
1.679999 85.887993 -16.750027
1.689999 85.719490 -16.850027
1.699999 85.549988 -16.950027
1.709999 85.379486 -17.050028
1.719999 85.207985 -17.150028
1.729999 85.035484 -17.250029
1.739999 84.861984 -17.350029
1.749999 84.687485 -17.450029
1.759999 84.511986 -17.550030
1.769999 84.335487 -17.650030
1.779999 84.157990 -17.750031
1.789999 83.979492 -17.850031
1.799999 83.799995 -17.950031
1.809999 83.619492 -18.050032
1.819999 83.437988 -18.150032
1.829999 83.255486 -18.250032
1.839999 83.071983 -18.350033
1.849999 82.887482 -18.450033
1.859999 82.701981 -18.550034
1.869999 82.515480 -18.650034
1.879999 82.327980 -18.750034
1.889999 82.139481 -18.850035
1.899999 81.949982 -18.950035
1.909999 81.759483 -19.050035
1.919999 81.567986 -19.150036
1.929999 81.375488 -19.250036
1.939999 81.181992 -19.350037
1.949998 80.987488 -19.450037
1.959998 80.791985 -19.550037
1.969998 80.595482 -19.650038
1.979998 80.397980 -19.750038
1.989998 80.199478 -19.850039
1.999998 79.999977 -19.950039
2.009999 79.799477 -20.050039
2.019999 79.597977 -20.150040
2.029999 79.395477 -20.250040
2.039999 79.191978 -20.350040
2.049999 78.987480 -20.450041
2.059999 78.781982 -20.550041
2.069999 78.575485 -20.650042
2.079998 78.367989 -20.750042
2.089998 78.159485 -20.850042
2.099998 77.949982 -20.950043
2.109998 77.739479 -21.050043
2.119998 77.527977 -21.150043
2.129998 77.315475 -21.250044
2.139998 77.101974 -21.350044
2.149998 76.887474 -21.450045
2.159998 76.671974 -21.550045
2.169998 76.455475 -21.650045
2.179998 76.237976 -21.750046
2.189998 76.019478 -21.850046
2.199998 75.799980 -21.950047
2.209998 75.579483 -22.050047
2.219998 75.357979 -22.150047
2.229998 75.135475 -22.250048
2.239998 74.911972 -22.350048
2.249998 74.687469 -22.450048
2.259998 74.461967 -22.550049
2.269998 74.235466 -22.650049
2.279998 74.007965 -22.750050
2.289998 73.779465 -22.850050
2.299998 73.549965 -22.950050
2.309998 73.319466 -23.050051
2.319998 73.087967 -23.150051
2.329998 72.855469 -23.250051
2.339998 72.621971 -23.350052
2.349998 72.387474 -23.450052
2.359998 72.151970 -23.550053
2.369998 71.915466 -23.650053
2.379998 71.677963 -23.750053
2.389998 71.439461 -23.850054
2.399998 71.199959 -23.950054
2.409998 70.959457 -24.050055
2.419998 70.717957 -24.150055
2.429998 70.475456 -24.250055
2.439998 70.231956 -24.350056
2.449998 69.987457 -24.450056
2.459998 69.741959 -24.550056
2.469998 69.495461 -24.650057
2.479998 69.247963 -24.750057
2.489998 68.999466 -24.850058
2.499998 68.749962 -24.950058
2.509998 68.499458 -25.050058
2.519998 68.247955 -25.150059
2.529998 67.995453 -25.250059
2.539998 67.741951 -25.350060
2.549998 67.487450 -25.450060
2.559998 67.231949 -25.550060
2.569998 66.975449 -25.650061
2.579998 66.717949 -25.750061
2.589998 66.459450 -25.850061
2.599998 66.199951 -25.950062
2.609998 65.939453 -26.050062
2.619998 65.677956 -26.150063
2.629998 65.415459 -26.250063
2.639998 65.151955 -26.350063
2.649998 64.887451 -26.450064
2.659998 64.621948 -26.550064
2.669998 64.355446 -26.650064
2.679998 64.087944 -26.750065
2.689998 63.819443 -26.850065
2.699998 63.549942 -26.950066
2.709998 63.279442 -27.050066
2.719998 63.007942 -27.150066
2.729998 62.735443 -27.250067
2.739998 62.461941 -27.350067
2.749998 62.187439 -27.450068
2.759998 61.911938 -27.550068
2.769998 61.635437 -27.650068
2.779998 61.357937 -27.750069
2.789998 61.079437 -27.850069
2.799998 60.799938 -27.950069
2.809998 60.519436 -28.050070
2.819998 60.237934 -28.150070
2.829998 59.955433 -28.250071
2.839998 59.671932 -28.350071
2.849998 59.387432 -28.450071
2.859998 59.101933 -28.550072
2.869998 58.815434 -28.650072
2.879998 58.527931 -28.750072
2.889998 58.239429 -28.850073
2.899998 57.949928 -28.950073
2.909998 57.659428 -29.050074
2.919998 57.367928 -29.150074
2.929998 57.075428 -29.250074
2.939998 56.781929 -29.350075
2.949998 56.487427 -29.450075
2.959998 56.191925 -29.550076
2.969998 55.895424 -29.650076
2.979998 55.597923 -29.750076
2.989998 55.299423 -29.850077
2.999998 54.999924 -29.950077
3.009998 54.699425 -30.050077
3.019998 54.397923 -30.150078
3.029998 54.095421 -30.250078
3.039998 53.791920 -30.350079
3.049998 53.487419 -30.450079
3.059998 53.181919 -30.550079
3.069998 52.875420 -30.650080
3.079998 52.567921 -30.750080
3.089998 52.259418 -30.850080
3.099998 51.949917 -30.950081
3.109998 51.639416 -31.050081
3.119998 51.327915 -31.150082
3.129997 51.015415 -31.250082
3.139997 50.701916 -31.350082
3.149997 50.387413 -31.450083
3.159997 50.071911 -31.550083
3.169997 49.755409 -31.650084
3.179997 49.437908 -31.750084
3.189997 49.119408 -31.850084
3.199997 48.799908 -31.950085
3.209997 48.479408 -32.050083
3.219997 48.157906 -32.150082
3.229997 47.835403 -32.250080
3.239997 47.511902 -32.350079
3.249997 47.187401 -32.450077
3.259997 46.861900 -32.550076
3.269997 46.535400 -32.650074
3.279997 46.207901 -32.750072
3.289997 45.879402 -32.850071
3.299997 45.549900 -32.950069
3.309997 45.219398 -33.050068
3.319997 44.887897 -33.150066
3.329997 44.555397 -33.250065
3.339997 44.221897 -33.350063
3.349997 43.887398 -33.450062
3.359997 43.551899 -33.550060
3.369997 43.215397 -33.650059
3.379997 42.877895 -33.750057
3.389997 42.539394 -33.850056
3.399997 42.199894 -33.950054
3.409997 41.859394 -34.050053
3.419997 41.517895 -34.150051
3.429997 41.175396 -34.250050
3.439997 40.831894 -34.350048
3.449997 40.487392 -34.450047
3.459997 40.141891 -34.550045
3.469997 39.795391 -34.650043
3.479997 39.447891 -34.750042
3.489997 39.099392 -34.850040
3.499997 38.749893 -34.950039
3.509997 38.399391 -35.050037
3.519997 38.047890 -35.150036
3.529997 37.695389 -35.250034
3.539997 37.341888 -35.350033
3.549997 36.987389 -35.450031
3.559997 36.631889 -35.550030
3.569997 36.275391 -35.650028
3.579997 35.917889 -35.750027
3.589997 35.559387 -35.850025
3.599997 35.199886 -35.950024
3.609997 34.839386 -36.050022
3.619997 34.477886 -36.150021
3.629997 34.115387 -36.250019
3.639997 33.751888 -36.350018
3.649997 33.387386 -36.450016
3.659997 33.021885 -36.550014
3.669997 32.655384 -36.650013
3.679997 32.287884 -36.750011
3.689997 31.919384 -36.850010
3.699997 31.549885 -36.950008
3.709997 31.179384 -37.050007
3.719997 30.807884 -37.150005
3.729997 30.435385 -37.250004
3.739997 30.061884 -37.350002
3.749997 29.687384 -37.450001
3.759997 29.311884 -37.549999
3.769997 28.935385 -37.649998
3.779997 28.557884 -37.749996
3.789997 28.179384 -37.849995
3.799997 27.799885 -37.949993
3.809997 27.419384 -38.049992
3.819997 27.037884 -38.149990
3.829997 26.655384 -38.249989
3.839997 26.271885 -38.349987
3.849997 25.887384 -38.449986
3.859997 25.501884 -38.549984
3.869997 25.115385 -38.649982
3.879997 24.727886 -38.749981
3.889997 24.339386 -38.849979
3.899997 23.949886 -38.949978
3.909997 23.559387 -39.049976
3.919997 23.167887 -39.149975
3.929997 22.775387 -39.249973
3.939997 22.381887 -39.349972
3.949997 21.987389 -39.449970
3.959997 21.591888 -39.549969
3.969997 21.195389 -39.649967
3.979997 20.797890 -39.749966
3.989997 20.399389 -39.849964
3.999997 19.999889 -39.949963
4.009997 19.599390 -40.049961
4.019997 19.197891 -40.149960
4.029997 18.795391 -40.249958
4.039998 18.391891 -40.349957
4.049998 17.987392 -40.449955
4.059998 17.581892 -40.549953
4.069998 17.175392 -40.649952
4.079998 16.767893 -40.749950
4.089999 16.359394 -40.849949
4.099999 15.949895 -40.949947
4.109999 15.539395 -41.049946
4.119999 15.127896 -41.149944
4.130000 14.715397 -41.249943
4.140000 14.301897 -41.349941
4.150000 13.887398 -41.449940
4.160000 13.471898 -41.549938
4.170001 13.055399 -41.649937
4.180001 12.637899 -41.749935
4.190001 12.219400 -41.849934
4.200001 11.799901 -41.949932
4.210001 11.379402 -42.049931
4.220002 10.957903 -42.149929
4.230002 10.535403 -42.249928
4.240002 10.111904 -42.349926
4.250002 9.687405 -42.449924
4.260003 9.261906 -42.549923
4.270003 8.835406 -42.649921
4.280003 8.407907 -42.749920
4.290003 7.979408 -42.849918
4.300004 7.549909 -42.949917
4.310004 7.119410 -43.049915
4.320004 6.687911 -43.149914
4.330004 6.255412 -43.249912
4.340004 5.821913 -43.349911
4.350005 5.387414 -43.449909
4.360005 4.951914 -43.549908
4.370005 4.515415 -43.649906
4.380005 4.077916 -43.749905
4.390006 3.639417 -43.849903
4.400006 3.199918 -43.949902
4.410006 2.759419 -44.049900
4.420006 2.317920 -44.149899
4.430007 1.875421 -44.249897
4.440007 1.431922 -44.349895
4.450007 .987423 -44.449894
4.460007 .541924 -44.549892
4.470007 .095426 -44.649891
