.030000 -6.908636
.060000 -6.910386
.090000 -6.912994
.120000 -6.916453
.150000 -6.920756
.180000 -6.925898
.210000 -6.931874
.240000 -6.938683
.270000 -6.946322
.300000 -6.954793
.330000 -6.964098
.360000 -6.974239
.390000 -6.985221
.420000 -6.997050
.450000 -7.009733
.480000 -7.023281
.510000 -7.037703
.540000 -7.053012
.570000 -7.069222
.600000 -7.086349
.630000 -7.104411
.660000 -7.123428
.690000 -7.143422
.720000 -7.164419
.750000 -7.186446
.780000 -7.209533
.810000 -7.233715
.840000 -7.259027
.870000 -7.285513
.900000 -7.313215
.930000 -7.342186
.960000 -7.372481
.990000 -7.404161
1.020000 -7.437295
1.050000 -7.471960
1.080000 -7.508241
1.110000 -7.546233
1.140000 -7.586044
1.170000 -7.627795
1.200000 -7.671624
1.230000 -7.717687
1.260000 -7.766164
1.290000 -7.817259
1.320000 -7.871212
1.350000 -7.928301
1.380000 -7.988852
1.410000 -8.053253
1.440000 -8.121968
1.470000 -8.195560
1.500000 -8.274719
1.530000 -8.360305
1.560000 -8.453406
1.590000 -8.555430
1.620000 -8.668243
1.650000 -8.794390
1.680000 -8.937467
1.710000 -9.102806
1.740000 -9.298793
1.770000 -9.539774
1.800000 -9.853511
1.830000 -10.305879
1.860000 -11.136745
1.890000 -12.421374
1.920000 -10.708793
1.950000 -10.117440
1.980000 -9.753594
2.010000 -9.491573
2.040000 -9.287674
2.070000 -9.121466
2.100000 -8.981736
2.130000 -8.861660
2.160000 -8.756775
2.190000 -8.664002
2.220000 -8.581126
2.250000 -8.506502
2.280000 -8.438874
2.310000 -8.377259
2.340000 -8.320878
2.370000 -8.269100
2.400000 -8.221405
2.430000 -8.177366
2.460000 -8.136620
2.490000 -8.098863
2.520000 -8.063832
2.550000 -8.031304
2.580000 -8.001082
2.610000 -7.972998
2.640000 -7.946901
2.670000 -7.922660
2.700000 -7.900159
2.730000 -7.879292
2.760000 -7.859969
2.790000 -7.842105
2.820000 -7.825626
2.850000 -7.810464
2.880000 -7.796558
2.910000 -7.783853
2.940000 -7.772300
2.970000 -7.761851
3.000000 -7.752466
3.030000 -7.744107
3.060000 -7.736739
3.090000 -7.730330
3.120000 -7.724851
3.150000 -7.720277
3.180000 -7.716583
3.210000 -7.713746
3.240000 -7.711747
3.270000 -7.710568
3.300000 -7.710192
3.330000 -7.710604
3.360000 -7.711791
3.390000 -7.713740
3.420000 -7.716442
3.450000 -7.719887
3.480000 -7.724066
3.510000 -7.728973
3.540000 -7.734602
3.570000 -7.740949
3.600000 -7.748010
3.630000 -7.755783
3.660000 -7.764267
3.690000 -7.773461
3.720000 -7.783367
3.750000 -7.793988
3.780000 -7.805326
3.810000 -7.817385
3.840000 -7.830173
3.870000 -7.843695
3.900000 -7.857960
3.930000 -7.872977
3.960000 -7.888758
3.990000 -7.905315
4.020000 -7.922663
4.050000 -7.940816
4.080000 -7.959793
4.110000 -7.979613
4.140000 -8.000298
4.170000 -8.021871
4.200000 -8.044359
4.230000 -8.067790
4.260000 -8.092196
4.290000 -8.117611
4.320000 -8.144075
4.350000 -8.171628
4.380000 -8.200318
4.410000 -8.230194
4.440000 -8.261314
4.470000 -8.293740
4.500000 -8.327541
4.530000 -8.362793
4.560000 -8.399581
4.590000 -8.438001
4.620000 -8.478160
4.650000 -8.520178
4.680000 -8.564191
4.710000 -8.610353
4.740000 -8.658840
4.770000 -8.709854
4.800000 -8.763628
4.830000 -8.820434
4.860000 -8.880589
4.890000 -8.944470
4.920000 -9.012526
4.950000 -9.085298
4.980000 -9.163450
5.010000 -9.247803
5.040000 -9.339396
5.070000 -9.439562
5.100000 -9.550059
5.130000 -9.673268
5.160000 -9.812530
5.190000 -9.972734
5.220000 -10.161473
5.250000 -10.391470
5.280000 -10.686614
5.310000 -11.100665
5.340000 -11.806097
5.400000 -11.800835
5.430000 -11.120716
5.460000 -10.725191
5.490000 -10.446882
5.520000 -10.233054
5.550000 -10.060160
5.580000 -9.915623
5.610000 -9.791930
5.640000 -9.684231
5.670000 -9.589214
5.700000 -9.504516
5.730000 -9.428393
5.760000 -9.359519
5.790000 -9.296864
5.820000 -9.239612
5.850000 -9.187106
5.880000 -9.138807
5.910000 -9.094270
5.940000 -9.053121
5.970000 -9.015046
6.000000 -8.979775
6.030000 -8.947078
6.060000 -8.916753
6.090000 -8.888626
6.120000 -8.862544
6.150000 -8.838372
6.180000 -8.815990
6.210000 -8.795293
6.240000 -8.776184
6.270000 -8.758579
6.300000 -8.742401
6.330000 -8.727581
6.360000 -8.714055
6.390000 -8.701767
6.420000 -8.690665
6.450000 -8.680701
6.480000 -8.671832
6.510000 -8.664017
6.540000 -8.657221
6.570000 -8.651410
6.600000 -8.646553
6.630000 -8.642622
6.660000 -8.639590
6.690000 -8.637433
6.720000 -8.636128
6.750000 -8.635656
6.780000 -8.635997
6.810000 -8.637134
6.840000 -8.639050
6.870000 -8.641732
6.900000 -8.645165
6.930000 -8.649337
6.960000 -8.654237
6.990000 -8.659855
7.020000 -8.666182
7.050000 -8.673210
7.080000 -8.680933
7.110000 -8.689343
7.140000 -8.698436
7.170000 -8.708208
7.200000 -8.718656
7.230000 -8.729778
7.260000 -8.741572
7.290000 -8.754038
7.320000 -8.767177
7.350000 -8.780990
7.380000 -8.795480
7.410000 -8.810652
7.440000 -8.826509
7.470000 -8.843059
7.500000 -8.860308
7.530000 -8.878265
7.560000 -8.896940
7.590000 -8.916343
7.620000 -8.936489
7.650000 -8.957391
7.680000 -8.979065
7.710000 -9.001530
7.740000 -9.024804
7.770000 -9.048911
7.800000 -9.073875
7.830000 -9.099723
7.860000 -9.126483
7.890000 -9.154190
7.920000 -9.182880
7.950000 -9.212591
7.980000 -9.243369
8.010000 -9.275261
8.040000 -9.308322
8.070000 -9.342611
8.100000 -9.378194
8.130000 -9.415145
8.160000 -9.453545
8.190000 -9.493487
8.220000 -9.535072
8.250000 -9.578417
8.280000 -9.623653
8.310000 -9.670928
8.340000 -9.720411
8.370000 -9.772296
8.400000 -9.826808
8.430000 -9.884207
8.460000 -9.944797
8.490000 -10.008939
8.520000 -10.077060
8.550000 -10.149678
8.580000 -10.227420
8.610000 -10.311064
8.640000 -10.401587
8.670000 -10.500240
8.700000 -10.608657
8.730000 -10.729040
8.760000 -10.864444
8.790000 -11.019293
8.820000 -11.200342
8.850000 -11.418667
8.880000 -11.694388
8.910000 -12.070345
8.940000 -12.668534
9.000000 -13.175341
9.030000 -12.342616
9.060000 -11.900507
9.090000 -11.599456
9.120000 -11.372022
9.150000 -11.189967
9.180000 -11.038751
9.210000 -10.909894
9.240000 -10.798016
9.270000 -10.699493
9.300000 -10.611763
9.330000 -10.532951
9.360000 -10.461643
9.390000 -10.396746
9.420000 -10.337400
9.450000 -10.282914
9.480000 -10.232726
9.510000 -10.186372
9.540000 -10.143467
9.570000 -10.103685
9.600000 -10.066749
9.630000 -10.032423
9.660000 -10.000504
9.690000 -9.970813
9.720000 -9.943199
9.750000 -9.917524
9.780000 -9.893670
9.810000 -9.871531
9.840000 -9.851014
9.870000 -9.832036
9.900000 -9.814522
9.930000 -9.798405
9.960000 -9.783626
9.990000 -9.770130
10.020000 -9.757869
10.050000 -9.746799
10.080000 -9.736879
10.110000 -9.728076
10.140000 -9.720354
10.170000 -9.713686
10.200000 -9.708044
10.230000 -9.703404
10.260000 -9.699744
10.290000 -9.697044
10.320000 -9.695287
10.350000 -9.694455
10.380000 -9.694536
10.410000 -9.695515
10.440000 -9.697382
10.470000 -9.700126
10.500000 -9.703739
10.530000 -9.708213
10.560000 -9.713542
10.590000 -9.719722
10.620000 -9.726747
10.650000 -9.734617
10.680000 -9.743328
10.710000 -9.752880
10.740000 -9.763275
10.770000 -9.774513
10.800000 -9.786598
10.830000 -9.799533
10.860000 -9.813325
10.890000 -9.827979
10.920000 -9.843505
10.950000 -9.859910
10.980000 -9.877207
11.010000 -9.895407
11.040000 -9.914525
11.070000 -9.934576
11.100000 -9.955580
11.130000 -9.977555
11.160000 -10.000524
11.190000 -10.024513
11.220000 -10.049549
11.250000 -10.075664
11.280000 -10.102890
11.310000 -10.131267
11.340000 -10.160837
11.370000 -10.191645
11.400000 -10.223746
11.430000 -10.257197
11.460000 -10.292062
11.490000 -10.328414
11.520000 -10.366334
11.550000 -10.405914
11.580000 -10.447257
11.610000 -10.490478
11.640000 -10.535710
11.670000 -10.583103
11.700000 -10.632830
11.730000 -10.685090
11.760000 -10.740112
11.790000 -10.798167
11.820000 -10.859569
11.850000 -10.924695
11.880000 -10.993991
11.910000 -11.068002
11.940000 -11.147394
11.970000 -11.232993
12.000000 -11.325847
12.030000 -11.427305
12.060000 -11.539146
12.090000 -11.663791
12.120000 -11.804638
12.150000 -11.966685
12.180000 -12.157713
12.210000 -12.390839
12.240000 -12.690874
12.270000 -13.114389
12.360000 -13.735601
12.390000 -13.080768
12.420000 -12.693684
12.450000 -12.419415
12.480000 -12.207781
12.510000 -12.036100
12.540000 -11.892163
12.570000 -11.768642
12.600000 -11.660792
12.630000 -11.565360
12.660000 -11.480022
12.690000 -11.403059
12.720000 -11.333163
12.750000 -11.269317
12.780000 -11.210713
12.810000 -11.156699
12.840000 -11.106744
12.870000 -11.060407
12.900000 -11.017317
12.930000 -10.977162
12.960000 -10.939676
12.990000 -10.904631
13.020000 -10.871829
13.050000 -10.841096
13.080000 -10.812284
13.110000 -10.785258
13.140000 -10.759904
13.170000 -10.736115
13.200000 -10.713802
13.230000 -10.692880
13.260000 -10.673277
13.290000 -10.654927
13.320000 -10.637770
13.350000 -10.621752
13.380000 -10.606826
13.410000 -10.592947
13.440000 -10.580078
13.470000 -10.568181
13.500000 -10.557225
13.530000 -10.547181
13.560000 -10.538023
13.590000 -10.529727
13.620000 -10.522272
13.650000 -10.515639
13.680000 -10.509811
13.710000 -10.504772
13.740000 -10.500510
13.770000 -10.497012
13.800000 -10.494268
13.830000 -10.492269
13.860000 -10.491008
13.890000 -10.490478
13.920000 -10.490675
13.950000 -10.491594
13.980000 -10.493233
14.010000 -10.495590
14.040000 -10.498665
14.070000 -10.502458
14.100000 -10.506970
14.130000 -10.512204
14.160000 -10.518164
14.190000 -10.524853
14.220000 -10.532277
14.250000 -10.540443
14.280000 -10.549357
14.310000 -10.559029
14.340000 -10.569469
14.370000 -10.580685
14.400000 -10.592691
14.430000 -10.605499
14.460000 -10.619124
14.490000 -10.633581
14.520000 -10.648886
14.550000 -10.665060
14.580000 -10.682120
14.610000 -10.700090
14.640000 -10.718994
14.670000 -10.738856
14.700000 -10.759705
14.730000 -10.781571
14.760000 -10.804487
14.790000 -10.828490
14.820000 -10.853619
14.850000 -10.879916
14.880000 -10.907430
14.910000 -10.936211
14.940000 -10.966316
14.970000 -10.997808
15.000000 -11.030757
15.030000 -11.065239
15.060000 -11.101340
15.090000 -11.139155
15.120000 -11.178791
15.150000 -11.220369
15.180000 -11.264024
15.210000 -11.309912
15.240000 -11.358210
15.270000 -11.409120
15.300000 -11.462877
15.330000 -11.519756
15.360000 -11.580078
15.390000 -11.644224
15.420000 -11.712650
15.450000 -11.785909
15.480000 -11.864676
15.510000 -11.949794
15.540000 -12.042329
15.570000 -12.143655
15.600000 -12.255590
15.630000 -12.380610
15.660000 -12.522201
15.690000 -12.685509
15.720000 -12.878583
15.750000 -13.115083
15.780000 -13.421112
15.930000 -13.753016
15.960000 -13.376975
15.990000 -13.108524
16.020000 -12.900598
16.050000 -12.731580
16.080000 -12.589729
16.110000 -12.467952
16.140000 -12.361632
16.170000 -12.267595
16.200000 -12.183566
16.230000 -12.107856
16.260000 -12.039179
16.290000 -11.976531
16.320000 -11.919115
16.350000 -11.866284
16.380000 -11.817512
16.410000 -11.772357
16.440000 -11.730453
16.470000 -11.691487
16.500000 -11.655191
16.530000 -11.621336
16.560000 -11.589722
16.590000 -11.560174
16.620000 -11.532539
16.650000 -11.506681
16.680000 -11.482482
16.710000 -11.459833
16.740000 -11.438639
16.770000 -11.418813
16.800000 -11.400279
16.830000 -11.382967
16.860000 -11.366812
16.890000 -11.351758
16.920000 -11.337751
16.950000 -11.324744
16.980000 -11.312693
17.010000 -11.301559
17.040000 -11.291303
17.070000 -11.281893
17.100000 -11.273298
17.130000 -11.265490
17.160000 -11.258441
17.190000 -11.252129
17.220000 -11.246532
17.250000 -11.241628
17.280000 -11.237401
17.310000 -11.233832
17.340000 -11.230906
17.370000 -11.228609
17.400000 -11.226929
17.430000 -11.225854
17.460000 -11.225372
17.490000 -11.225476
17.520000 -11.226157
17.550000 -11.227407
17.580000 -11.229220
17.610000 -11.231591
17.640000 -11.234515
17.670000 -11.237989
17.700000 -11.242009
17.730000 -11.246575
17.760000 -11.251685
17.790000 -11.257338
17.820000 -11.263536
17.850000 -11.270279
17.880000 -11.277569
17.910000 -11.285410
17.940000 -11.293806
17.970000 -11.302761
18.000000 -11.312279
18.030000 -11.322369
18.060000 -11.333036
18.090000 -11.344289
18.120000 -11.356137
18.150000 -11.368589
18.180000 -11.381657
18.210000 -11.395352
18.240000 -11.409688
18.270000 -11.424678
18.300000 -11.440338
18.330000 -11.456685
18.360000 -11.473736
18.390000 -11.491512
18.420000 -11.510033
18.450000 -11.529321
18.480000 -11.549402
18.510000 -11.570302
18.540000 -11.592049
18.570000 -11.614675
18.600000 -11.638212
18.630000 -11.662697
18.660000 -11.688170
18.690000 -11.714673
18.720000 -11.742253
18.750000 -11.770960
18.780000 -11.800850
18.810000 -11.831984
18.840000 -11.864428
18.870000 -11.898256
18.900000 -11.933549
18.930000 -11.970398
18.960000 -12.008903
18.990000 -12.049176
19.020000 -12.091343
19.050000 -12.135547
19.080000 -12.181947
19.110000 -12.230729
19.140000 -12.282102
19.170000 -12.336310
19.200000 -12.393636
19.230000 -12.454413
19.260000 -12.519033
19.290000 -12.587967
19.320000 -12.661786
19.350000 -12.741187
19.380000 -12.827039
19.410000 -12.920447
19.440000 -13.022833
19.470000 -13.136088
19.500000 -13.262791
19.530000 -13.406593
19.560000 -13.572916
19.590000 -13.770310
19.890000 -13.743661
19.920000 -13.578713
19.950000 -13.439921
19.980000 -13.320582
20.010000 -13.216301
20.040000 -13.124039
20.070000 -13.041608
20.100000 -12.967380
20.130000 -12.900111
20.160000 -12.838827
20.190000 -12.782752
20.220000 -12.731261
20.250000 -12.683836
20.280000 -12.640051
20.310000 -12.599546
20.340000 -12.562014
20.370000 -12.527196
20.400000 -12.494864
20.430000 -12.464825
20.460000 -12.436905
20.490000 -12.410956
20.520000 -12.386843
20.550000 -12.364448
20.580000 -12.343666
20.610000 -12.324403
20.640000 -12.306572
20.670000 -12.290098
20.700000 -12.274910
20.730000 -12.260945
20.760000 -12.248146
20.790000 -12.236460
20.820000 -12.225838
20.850000 -12.216237
20.880000 -12.207616
20.910000 -12.199936
20.940000 -12.193165
20.970000 -12.187269
21.000000 -12.182220
21.030000 -12.177990
21.060000 -12.174554
21.090000 -12.171889
21.120000 -12.169973
21.150000 -12.168785
21.180000 -12.168309
21.210000 -12.168525
21.240000 -12.169420
21.270000 -12.170977
21.300000 -12.173184
21.330000 -12.176029
21.360000 -12.179500
21.390000 -12.183587
21.420000 -12.188281
21.450000 -12.193573
21.480000 -12.199457
21.510000 -12.205925
21.540000 -12.212973
21.570000 -12.220594
21.600000 -12.228786
21.630000 -12.237546
21.660000 -12.246870
21.690000 -12.256758
21.720000 -12.267208
21.750000 -12.278222
21.780000 -12.289800
21.810000 -12.301943
21.840000 -12.314655
21.870000 -12.327939
21.900000 -12.341800
21.930000 -12.356243
21.960000 -12.371275
21.990000 -12.386903
22.020000 -12.403135
22.050000 -12.419981
22.080000 -12.437452
22.110000 -12.455559
22.140000 -12.474317
22.170000 -12.493739
22.200000 -12.513842
22.230000 -12.534643
22.260000 -12.556161
22.290000 -12.578419
22.320000 -12.601438
22.350000 -12.625243
22.380000 -12.649864
22.410000 -12.675328
22.440000 -12.701670
22.470000 -12.728924
22.500000 -12.757130
22.530000 -12.786331
22.560000 -12.816573
22.590000 -12.847907
22.620000 -12.880391
22.650000 -12.914086
22.680000 -12.949061
22.710000 -12.985392
22.740000 -13.023163
22.770000 -13.062469
22.800000 -13.103414
22.830000 -13.146117
22.860000 -13.190710
22.890000 -13.237343
22.920000 -13.286189
22.950000 -13.337443
22.980000 -13.391330
23.010000 -13.448113
23.040000 -13.508097
23.070000 -13.571643
23.100000 -13.639180
23.130000 -13.711223
23.160000 -13.788401
24.060000 -13.798498
24.090000 -13.752730
24.120000 -13.710448
24.150000 -13.671322
24.180000 -13.635076
24.210000 -13.601468
24.240000 -13.570295
24.270000 -13.541375
24.300000 -13.514552
24.330000 -13.489690
24.360000 -13.466665
24.390000 -13.445371
24.420000 -13.425712
24.450000 -13.407600
24.480000 -13.390960
24.510000 -13.375722
24.540000 -13.361823
24.570000 -13.349207
24.600000 -13.337821
24.630000 -13.327621
24.660000 -13.318562
24.690000 -13.310606
24.720000 -13.303718
24.750000 -13.297865
24.780000 -13.293017
24.810000 -13.289147
24.840000 -13.286231
24.870000 -13.284245
24.900000 -13.283168
24.930000 -13.282982
24.960000 -13.283668
24.990000 -13.285212
25.020000 -13.287597
25.050000 -13.290813
25.080000 -13.294846
25.110000 -13.299686
25.140000 -13.305323
25.170000 -13.311751
25.200000 -13.318960
25.230000 -13.326946
25.260000 -13.335704
25.290000 -13.345230
25.320000 -13.355520
25.350000 -13.366574
25.380000 -13.378390
25.410000 -13.390970
25.440000 -13.404314
25.470000 -13.418425
25.500000 -13.433308
25.530000 -13.448967
25.560000 -13.465408
25.590000 -13.482640
25.620000 -13.500671
25.650000 -13.519512
25.680000 -13.539175
25.710000 -13.559674
25.740000 -13.581025
25.770000 -13.603245
25.800000 -13.626354
25.830000 -13.650374
25.860000 -13.675328
25.890000 -13.701245
25.920000 -13.728155
25.950000 -13.756091
25.980000 -13.785089
26.010000 -13.815191
