.030000 .000999
.060000 .000997
.090000 .000995
.120000 .000991
.150000 .000987
.180000 .000982
.210000 .000976
.240000 .000970
.270000 .000962
.300000 .000954
.330000 .000945
.360000 .000936
.390000 .000925
.420000 .000915
.450000 .000903
.480000 .000891
.510000 .000878
.540000 .000865
.570000 .000851
.600000 .000836
.630000 .000822
.660000 .000806
.690000 .000790
.720000 .000774
.750000 .000757
.780000 .000740
.810000 .000722
.840000 .000704
.870000 .000686
.900000 .000667
.930000 .000648
.960000 .000629
.990000 .000609
1.020000 .000589
1.050000 .000569
1.080000 .000549
1.110000 .000529
1.140000 .000508
1.170000 .000488
1.200000 .000467
1.230000 .000446
1.260000 .000425
1.290000 .000404
1.320000 .000383
1.350000 .000362
1.380000 .000341
1.410000 .000320
1.440000 .000299
1.470000 .000278
1.500000 .000257
1.530000 .000237
1.560000 .000216
1.590000 .000196
1.620000 .000175
1.650000 .000155
1.680000 .000135
1.710000 .000115
1.740000 .000096
1.770000 .000076
1.800000 .000057
1.830000 .000038
1.860000 .000020
1.890000 .000001
1.920000 .000017
1.950000 .000035
1.980000 .000052
2.010000 .000070
2.040000 .000086
2.070000 .000103
2.100000 .000119
2.130000 .000135
2.160000 .000151
2.190000 .000166
2.220000 .000181
2.250000 .000196
2.280000 .000210
2.310000 .000224
2.340000 .000238
2.370000 .000251
2.400000 .000264
2.430000 .000276
2.460000 .000288
2.490000 .000300
2.520000 .000312
2.550000 .000323
2.580000 .000334
2.610000 .000344
2.640000 .000354
2.670000 .000364
2.700000 .000374
2.730000 .000383
2.760000 .000392
2.790000 .000401
2.820000 .000409
2.850000 .000417
2.880000 .000425
2.910000 .000433
2.940000 .000440
2.970000 .000447
3.000000 .000454
3.030000 .000461
3.060000 .000467
3.090000 .000473
3.120000 .000479
3.150000 .000485
3.180000 .000491
3.210000 .000497
3.240000 .000502
3.270000 .000507
3.300000 .000512
3.330000 .000517
3.360000 .000522
3.390000 .000527
3.420000 .000531
3.450000 .000536
3.480000 .000540
3.510000 .000544
3.540000 .000549
3.570000 .000553
3.600000 .000557
3.630000 .000561
3.660000 .000565
3.690000 .000569
3.720000 .000573
3.750000 .000578
3.780000 .000582
3.810000 .000586
3.840000 .000590
3.870000 .000594
3.900000 .000598
3.930000 .000602
3.960000 .000606
3.990000 .000610
4.020000 .000614
4.050000 .000618
4.080000 .000622
4.110000 .000627
4.140000 .000631
4.170000 .000635
4.200000 .000640
4.230000 .000644
4.260000 .000649
4.290000 .000654
4.320000 .000658
4.350000 .000663
4.380000 .000668
4.410000 .000673
4.440000 .000678
4.470000 .000683
4.500000 .000688
4.530000 .000693
4.560000 .000698
4.590000 .000704
4.620000 .000709
4.650000 .000714
4.680000 .000720
4.710000 .000725
4.740000 .000731
4.770000 .000736
4.800000 .000742
4.830000 .000748
4.860000 .000753
4.890000 .000759
4.920000 .000765
4.950000 .000770
4.980000 .000776
5.010000 .000782
5.040000 .000787
5.070000 .000793
5.100000 .000799
5.130000 .000804
5.160000 .000809
5.190000 .000815
5.220000 .000820
5.250000 .000825
5.280000 .000830
5.310000 .000835
5.340000 .000840
5.370000 .000844
5.400000 .000848
5.430000 .000852
5.460000 .000856
5.490000 .000860
5.520000 .000863
5.550000 .000866
5.580000 .000869
5.610000 .000871
5.640000 .000873
5.670000 .000875
5.700000 .000876
5.730000 .000877
5.760000 .000877
5.790000 .000877
5.820000 .000877
5.850000 .000876
5.880000 .000874
5.910000 .000872
5.940000 .000870
5.970000 .000866
6.000000 .000863
6.030000 .000858
6.060000 .000854
6.090000 .000848
6.120000 .000842
6.150000 .000836
6.180000 .000828
6.210000 .000821
6.240000 .000812
6.270000 .000803
6.300000 .000794
6.330000 .000784
6.360000 .000773
6.390000 .000762
6.420000 .000750
6.450000 .000738
6.480000 .000725
6.510000 .000712
6.540000 .000698
6.570000 .000684
6.600000 .000670
6.630000 .000655
6.660000 .000640
6.690000 .000625
6.720000 .000610
6.750000 .000594
6.780000 .000578
6.810000 .000562
6.840000 .000545
6.870000 .000529
6.900000 .000512
6.930000 .000496
6.960000 .000479
6.990000 .000463
7.020000 .000446
7.050000 .000430
7.080000 .000413
7.110000 .000397
7.140000 .000381
7.170000 .000365
7.200000 .000349
7.230000 .000333
7.260000 .000317
7.290000 .000302
7.320000 .000287
7.350000 .000272
7.380000 .000257
7.410000 .000243
7.440000 .000228
7.470000 .000214
7.500000 .000200
7.530000 .000187
7.560000 .000173
7.590000 .000160
7.620000 .000148
7.650000 .000135
7.680000 .000123
7.710000 .000110
7.740000 .000099
7.770000 .000087
7.800000 .000075
7.830000 .000064
7.860000 .000053
7.890000 .000042
7.920000 .000031
7.950000 .000021
7.980000 .000011
8.040000 .000010
8.070000 .000019
8.100000 .000029
8.130000 .000039
8.160000 .000048
8.190000 .000058
8.220000 .000067
8.250000 .000076
8.280000 .000085
8.310000 .000094
8.340000 .000103
8.370000 .000112
8.400000 .000121
8.430000 .000130
8.460000 .000139
8.490000 .000148
8.520000 .000157
8.550000 .000166
8.580000 .000174
8.610000 .000183
8.640000 .000192
8.670000 .000201
8.700000 .000210
8.730000 .000219
8.760000 .000228
8.790000 .000238
8.820000 .000247
8.850000 .000256
8.880000 .000266
8.910000 .000275
8.940000 .000285
8.970000 .000295
9.000000 .000304
9.030000 .000314
9.060000 .000324
9.090000 .000335
9.120000 .000345
9.150000 .000355
9.180000 .000366
9.210000 .000377
9.240000 .000387
9.270000 .000398
9.300000 .000410
9.330000 .000421
9.360000 .000432
9.390000 .000444
9.420000 .000455
9.450000 .000467
9.480000 .000479
9.510000 .000491
9.540000 .000503
9.570000 .000515
9.600000 .000527
9.630000 .000539
9.660000 .000552
9.690000 .000564
9.720000 .000577
9.750000 .000589
9.780000 .000602
9.810000 .000615
9.840000 .000627
9.870000 .000640
9.900000 .000652
9.930000 .000665
9.960000 .000677
9.990000 .000690
10.020000 .000702
10.050000 .000714
10.080000 .000726
10.110000 .000738
10.140000 .000750
10.170000 .000761
10.200000 .000772
10.230000 .000783
10.260000 .000794
10.290000 .000804
10.320000 .000815
10.350000 .000824
10.380000 .000834
10.410000 .000843
10.440000 .000852
10.470000 .000860
10.500000 .000868
10.530000 .000875
10.560000 .000882
10.590000 .000889
10.620000 .000895
10.650000 .000900
10.680000 .000905
10.710000 .000910
10.740000 .000913
10.770000 .000917
10.800000 .000919
10.830000 .000921
10.860000 .000923
10.890000 .000924
10.920000 .000924
10.950000 .000923
10.980000 .000922
11.010000 .000921
11.040000 .000919
11.070000 .000916
11.100000 .000912
11.130000 .000908
11.160000 .000903
11.190000 .000898
11.220000 .000892
11.250000 .000885
11.280000 .000878
11.310000 .000870
11.340000 .000862
11.370000 .000853
11.400000 .000843
11.430000 .000833
11.460000 .000823
11.490000 .000812
11.520000 .000800
11.550000 .000788
11.580000 .000776
11.610000 .000762
11.640000 .000749
11.670000 .000735
11.700000 .000721
11.730000 .000706
11.760000 .000691
11.790000 .000676
11.820000 .000660
11.850000 .000644
11.880000 .000628
11.910000 .000611
11.940000 .000594
11.970000 .000577
12.000000 .000559
12.030000 .000542
12.060000 .000524
12.090000 .000506
12.120000 .000488
12.150000 .000470
12.180000 .000451
12.210000 .000433
12.240000 .000414
12.270000 .000396
12.300000 .000377
12.330000 .000358
12.360000 .000340
12.390000 .000321
12.420000 .000302
12.450000 .000284
12.480000 .000265
12.510000 .000247
12.540000 .000228
12.570000 .000210
12.600000 .000192
12.630000 .000174
12.660000 .000156
12.690000 .000138
12.720000 .000120
12.750000 .000103
12.780000 .000086
12.810000 .000068
12.840000 .000052
12.870000 .000035
12.900000 .000019
12.930000 .000002
12.960000 .000014
12.990000 .000029
13.020000 .000045
13.050000 .000060
13.080000 .000075
13.110000 .000089
13.140000 .000104
13.170000 .000118
13.200000 .000132
13.230000 .000145
13.260000 .000158
13.290000 .000171
13.320000 .000184
13.350000 .000196
13.380000 .000208
13.410000 .000220
13.440000 .000232
13.470000 .000243
13.500000 .000254
13.530000 .000264
13.560000 .000274
13.590000 .000285
13.620000 .000294
13.650000 .000304
13.680000 .000313
13.710000 .000322
13.740000 .000330
13.770000 .000339
13.800000 .000347
13.830000 .000354
13.860000 .000362
13.890000 .000369
13.920000 .000376
13.950000 .000383
13.980000 .000389
14.010000 .000395
14.040000 .000401
14.070000 .000406
14.100000 .000412
14.130000 .000417
14.160000 .000422
14.190000 .000426
14.220000 .000430
14.250000 .000434
14.280000 .000438
14.310000 .000442
14.340000 .000445
14.370000 .000448
14.400000 .000451
14.430000 .000453
14.460000 .000455
14.490000 .000457
14.520000 .000459
14.550000 .000460
14.580000 .000461
14.610000 .000462
14.640000 .000463
14.670000 .000463
14.700000 .000463
14.730000 .000463
14.760000 .000463
14.790000 .000462
14.820000 .000461
14.850000 .000459
14.880000 .000458
14.910000 .000456
14.940000 .000454
14.970000 .000451
15.000000 .000449
15.030000 .000446
15.060000 .000442
15.090000 .000439
15.120000 .000435
15.150000 .000431
15.180000 .000426
15.210000 .000422
15.240000 .000417
15.270000 .000411
15.300000 .000406
15.330000 .000400
15.360000 .000394
15.390000 .000388
15.420000 .000381
15.450000 .000375
15.480000 .000368
15.510000 .000360
15.540000 .000353
15.570000 .000345
15.600000 .000338
15.630000 .000330
15.660000 .000321
15.690000 .000313
15.720000 .000305
15.750000 .000296
15.780000 .000287
15.810000 .000278
15.840000 .000269
15.870000 .000260
15.900000 .000251
15.930000 .000242
15.960000 .000232
15.990000 .000223
16.020000 .000214
16.050000 .000204
16.080000 .000195
16.110000 .000185
16.140000 .000176
16.170000 .000166
16.200000 .000157
16.230000 .000148
16.260000 .000138
16.290000 .000129
16.320000 .000120
16.350000 .000111
16.380000 .000102
16.410000 .000093
16.440000 .000084
16.470000 .000075
16.500000 .000067
16.530000 .000058
16.560000 .000050
16.590000 .000042
16.620000 .000033
16.650000 .000025
16.680000 .000017
16.710000 .000009
16.740000 .000002
16.770000 .000006
16.800000 .000013
16.830000 .000021
16.860000 .000028
16.890000 .000035
16.920000 .000042
16.950000 .000049
16.980000 .000056
17.010000 .000063
17.040000 .000069
17.070000 .000076
17.100000 .000083
17.130000 .000089
17.160000 .000095
17.190000 .000102
17.220000 .000108
17.250000 .000114
17.280000 .000120
17.310000 .000126
17.340000 .000132
17.370000 .000138
17.400000 .000144
17.430000 .000150
17.460000 .000156
17.490000 .000162
17.520000 .000168
17.550000 .000173
17.580000 .000179
17.610000 .000185
17.640000 .000191
17.670000 .000197
17.700000 .000203
17.730000 .000209
17.760000 .000215
17.790000 .000221
17.820000 .000228
17.850000 .000234
17.880000 .000240
17.910000 .000246
17.940000 .000253
17.970000 .000259
18.000000 .000266
18.030000 .000273
18.060000 .000280
18.090000 .000287
18.120000 .000294
18.150000 .000301
18.180000 .000308
18.210000 .000316
18.240000 .000324
18.270000 .000331
18.300000 .000339
18.330000 .000348
18.360000 .000356
18.390000 .000364
18.420000 .000373
18.450000 .000382
18.480000 .000391
18.510000 .000400
18.540000 .000410
18.570000 .000419
18.600000 .000429
18.630000 .000440
18.660000 .000450
18.690000 .000461
18.720000 .000471
18.750000 .000483
18.780000 .000494
18.810000 .000506
18.840000 .000518
18.870000 .000530
18.900000 .000543
18.930000 .000555
18.960000 .000569
18.990000 .000582
19.020000 .000596
19.050000 .000610
19.080000 .000624
19.110000 .000639
19.140000 .000654
19.170000 .000670
19.200000 .000686
19.230000 .000702
19.260000 .000719
19.290000 .000736
19.320000 .000753
19.350000 .000771
19.380000 .000789
19.410000 .000808
19.440000 .000827
19.470000 .000846
19.500000 .000866
19.530000 .000887
19.560000 .000908
19.590000 .000929
19.620000 .000951
19.650000 .000974
19.680000 .000997
19.710000 .001020
19.740000 .001044
19.770000 .001069
19.800000 .001094
19.830000 .001119
19.860000 .001146
19.890000 .001172
19.920000 .001200
19.950000 .001228
19.980000 .001257
20.010000 .001286
20.040000 .001316
20.070000 .001347
20.100000 .001378
20.130000 .001410
20.160000 .001443
20.190000 .001477
20.220000 .001511
20.250000 .001547
20.280000 .001583
20.310000 .001619
20.340000 .001657
20.370000 .001696
20.400000 .001735
20.430000 .001776
20.460000 .001817
20.490000 .001859
20.520000 .001903
20.550000 .001947
20.580000 .001992
20.610000 .002039
20.640000 .002086
20.670000 .002135
20.700000 .002185
20.730000 .002236
20.760000 .002288
20.790000 .002342
20.820000 .002397
20.850000 .002453
20.880000 .002510
20.910000 .002569
20.940000 .002630
20.970000 .002691
21.000000 .002755
21.030000 .002820
21.060000 .002886
21.090000 .002954
21.120000 .003024
21.150000 .003095
21.180000 .003168
21.210000 .003243
21.240000 .003319
21.270000 .003397
21.300000 .003477
21.330000 .003559
21.360000 .003643
21.390000 .003728
21.420000 .003816
21.450000 .003905
21.480000 .003996
21.510000 .004089
21.540000 .004184
21.570000 .004280
21.600000 .004379
21.630000 .004479
21.660000 .004581
21.690000 .004684
21.720000 .004790
21.750000 .004896
21.780000 .005004
21.810000 .005114
21.840000 .005224
21.870000 .005336
21.900000 .005449
21.930000 .005562
21.960000 .005677
21.990000 .005791
22.020000 .005906
22.050000 .006021
22.080000 .006135
22.110000 .006249
22.140000 .006362
22.170000 .006474
22.200000 .006585
22.230000 .006694
22.260000 .006801
22.290000 .006906
22.320000 .007008
22.350000 .007107
22.380000 .007202
22.410000 .007294
22.440000 .007381
22.470000 .007464
22.500000 .007543
22.530000 .007616
22.560000 .007683
22.590000 .007745
22.620000 .007801
22.650000 .007850
22.680000 .007893
22.710000 .007930
22.740000 .007959
22.770000 .007981
22.800000 .007997
22.830000 .008005
22.860000 .008006
22.890000 .008000
22.920000 .007986
22.950000 .007966
22.980000 .007939
23.010000 .007905
23.040000 .007865
23.070000 .007818
23.100000 .007766
23.130000 .007707
23.160000 .007644
23.190000 .007575
23.220000 .007501
23.250000 .007423
23.280000 .007341
23.310000 .007254
23.340000 .007165
23.370000 .007072
23.400000 .006977
23.430000 .006879
23.460000 .006780
23.490000 .006678
23.520000 .006575
23.550000 .006471
23.580000 .006366
23.610000 .006261
23.640000 .006155
23.670000 .006049
23.700000 .005943
23.730000 .005838
23.760000 .005733
23.790000 .005629
23.820000 .005525
23.850000 .005423
23.880000 .005322
23.910000 .005222
23.940000 .005124
23.970000 .005027
24.000000 .004931
24.030000 .004838
24.060000 .004745
24.090000 .004655
24.120000 .004566
24.150000 .004479
24.180000 .004394
24.210000 .004310
24.240000 .004229
24.270000 .004149
24.300000 .004071
24.330000 .003994
24.360000 .003920
24.390000 .003847
24.420000 .003776
24.450000 .003706
24.480000 .003638
24.510000 .003571
24.540000 .003506
24.570000 .003443
24.600000 .003381
24.630000 .003320
24.660000 .003260
24.690000 .003202
24.720000 .003145
24.750000 .003088
24.780000 .003033
24.810000 .002979
24.840000 .002926
24.870000 .002873
24.900000 .002822
24.930000 .002771
24.960000 .002720
24.990000 .002670
25.020000 .002621
25.050000 .002572
25.080000 .002523
25.110000 .002474
25.140000 .002426
25.170000 .002378
25.200000 .002330
25.230000 .002282
25.260000 .002234
25.290000 .002185
25.320000 .002137
25.350000 .002088
25.380000 .002039
25.410000 .001990
25.440000 .001941
25.470000 .001891
25.500000 .001841
25.530000 .001790
25.560000 .001739
25.590000 .001687
25.620000 .001635
25.650000 .001583
25.680000 .001530
25.710000 .001476
25.740000 .001423
25.770000 .001368
25.800000 .001314
25.830000 .001259
25.860000 .001204
25.890000 .001149
25.920000 .001093
25.950000 .001037
25.980000 .000982
26.010000 .000926
26.040000 .000870
26.070000 .000814
26.100000 .000759
26.130000 .000703
26.160000 .000648
26.190000 .000593
26.220000 .000538
26.250000 .000484
26.280000 .000431
26.310000 .000377
26.340000 .000325
26.370000 .000273
26.400000 .000221
26.430000 .000170
26.460000 .000120
26.490000 .000071
26.520000 .000022
26.550000 .000026
26.580000 .000073
26.610000 .000120
26.640000 .000166
26.670000 .000211
26.700000 .000255
26.730000 .000299
26.760000 .000342
26.790000 .000384
26.820000 .000426
26.850000 .000467
26.880000 .000507
26.910000 .000547
26.940000 .000587
26.970000 .000626
27.000000 .000664
27.030000 .000702
27.060000 .000740
27.090000 .000777
27.120000 .000814
27.150000 .000851
27.180000 .000888
27.210000 .000924
27.240000 .000960
27.270000 .000997
27.300000 .001033
27.330000 .001069
27.360000 .001106
27.390000 .001142
27.420000 .001179
27.450000 .001216
27.480000 .001253
27.510000 .001291
27.540000 .001328
27.570000 .001367
27.600000 .001405
27.630000 .001444
27.660000 .001484
27.690000 .001524
27.720000 .001565
27.750000 .001606
27.780000 .001649
27.810000 .001692
27.840000 .001735
27.870000 .001780
27.900000 .001825
27.930000 .001871
27.960000 .001918
27.990000 .001967
28.020000 .002016
28.050000 .002066
28.080000 .002117
28.110000 .002169
28.140000 .002223
28.170000 .002278
28.200000 .002334
28.230000 .002391
28.260000 .002449
28.290000 .002509
28.320000 .002570
28.350000 .002633
28.380000 .002697
28.410000 .002762
28.440000 .002829
28.470000 .002897
28.500000 .002967
28.530000 .003039
28.560000 .003112
28.590000 .003187
28.620000 .003264
28.650000 .003342
28.680000 .003422
28.710000 .003504
28.740000 .003588
28.770000 .003673
28.800000 .003760
28.830000 .003850
28.860000 .003941
28.890000 .004034
28.920000 .004129
28.950000 .004226
28.980000 .004326
29.010000 .004427
29.040000 .004530
29.070000 .004636
29.100000 .004744
29.130000 .004854
29.160000 .004966
29.190000 .005080
29.220000 .005197
29.250000 .005316
29.280000 .005438
29.310000 .005561
29.340000 .005688
29.370000 .005817
29.400000 .005948
29.430000 .006082
29.460000 .006218
29.490000 .006357
29.520000 .006499
29.550000 .006643
29.580000 .006791
29.610000 .006941
29.640000 .007093
29.670000 .007249
29.700000 .007408
29.730000 .007569
29.760000 .007734
29.790000 .007902
29.820000 .008073
29.850000 .008247
29.880000 .008425
29.910000 .008606
29.940000 .008790
29.970000 .008978
30.000000 .009169
30.030000 .009364
30.060000 .009563
30.090000 .009766
30.120000 .009972
30.150000 .010183
30.180000 .010397
30.210000 .010616
30.240000 .010839
30.270000 .011067
30.300000 .011299
30.330000 .011536
30.360000 .011778
30.390000 .012025
30.420000 .012276
30.450000 .012533
30.480000 .012796
30.510000 .013064
30.540000 .013337
30.570000 .013617
30.600000 .013902
30.630000 .014194
30.660000 .014492
30.690000 .014797
30.720000 .015109
30.750000 .015427
30.780000 .015753
30.810000 .016086
30.840000 .016427
30.870000 .016776
30.900000 .017134
30.930000 .017499
30.960000 .017873
30.990000 .018257
31.020000 .018649
31.050000 .019051
31.080000 .019463
31.110000 .019885
31.140000 .020318
31.170000 .020761
31.200000 .021216
31.230000 .021681
31.260000 .022159
31.290000 .022648
31.320000 .023150
31.350000 .023665
31.380000 .024193
31.410000 .024734
31.440000 .025289
31.470000 .025859
31.500000 .026443
31.530000 .027041
31.560000 .027655
31.590000 .028285
31.620000 .028931
31.650000 .029593
31.680000 .030272
31.710000 .030968
31.740000 .031681
31.770000 .032412
31.800000 .033161
31.830000 .033928
31.860000 .034713
31.890000 .035518
31.920000 .036341
31.950000 .037184
31.980000 .038046
32.010000 .038927
32.040000 .039828
32.070000 .040749
32.100000 .041690
32.130000 .042650
32.160000 .043629
32.190000 .044628
32.220000 .045646
32.250000 .046683
32.280000 .047739
32.310000 .048813
32.340000 .049904
32.370000 .051013
32.400000 .052138
32.430000 .053278
32.460000 .054434
32.490000 .055603
32.520000 .056785
32.550000 .057978
32.580000 .059182
32.610000 .060395
32.640000 .061615
32.670000 .062841
32.700000 .064071
32.730000 .065303
32.760000 .066535
32.790000 .067765
32.820000 .068991
32.850000 .070210
32.880000 .071420
32.910000 .072619
32.940000 .073804
32.970000 .074971
33.000000 .076119
33.030000 .077245
33.060000 .078345
33.090000 .079417
33.120000 .080458
33.150000 .081464
33.180000 .082434
33.210000 .083363
33.240000 .084248
33.270000 .085088
33.300000 .085880
33.330000 .086619
33.360000 .087305
33.390000 .087934
33.420000 .088505
33.450000 .089014
33.480000 .089460
33.510000 .089841
33.540000 .090156
33.570000 .090402
33.600000 .090579
33.630000 .090685
33.660000 .090720
33.690000 .090684
33.720000 .090574
33.750000 .090392
33.780000 .090137
33.810000 .089810
33.840000 .089411
33.870000 .088940
33.900000 .088398
33.930000 .087786
33.960000 .087106
33.990000 .086358
34.020000 .085544
34.050000 .084666
34.080000 .083724
34.110000 .082722
34.140000 .081660
34.170000 .080540
34.200000 .079365
34.230000 .078137
34.260000 .076857
34.290000 .075528
34.320000 .074152
34.350000 .072730
34.380000 .071266
34.410000 .069761
34.440000 .068218
34.470000 .066638
34.500000 .065024
34.530000 .063377
34.560000 .061701
34.590000 .059996
34.620000 .058265
34.650000 .056510
34.680000 .054733
34.710000 .052936
34.740000 .051120
34.770000 .049287
34.800000 .047440
34.830000 .045580
34.860000 .043709
34.890000 .041828
34.920000 .039939
34.950000 .038044
34.980000 .036145
35.010000 .034243
35.040000 .032339
35.070000 .030436
35.100000 .028535
35.130000 .026638
35.160000 .024745
35.190000 .022859
35.220000 .020981
35.250000 .019112
35.280000 .017255
35.310000 .015410
35.340000 .013579
35.370000 .011763
35.400000 .009963
35.430000 .008182
35.460000 .006420
35.490000 .004679
35.520000 .002960
35.550000 .001264
35.580000 .000408
35.610000 .002055
35.640000 .003674
35.670000 .005267
35.700000 .006831
35.730000 .008365
35.760000 .009869
35.790000 .011342
35.820000 .012783
35.850000 .014192
35.880000 .015568
35.910000 .016910
35.940000 .018219
35.970000 .019493
36.000000 .020732
36.030000 .021938
36.060000 .023108
36.090000 .024244
36.120000 .025345
36.150000 .026411
36.180000 .027443
36.210000 .028442
36.240000 .029406
36.270000 .030338
36.300000 .031237
36.330000 .032103
36.360000 .032939
36.390000 .033743
36.420000 .034518
36.450000 .035263
36.480000 .035980
36.510000 .036669
36.540000 .037331
36.570000 .037968
36.600000 .038580
36.630000 .039168
36.660000 .039733
36.690000 .040276
36.720000 .040798
36.750000 .041301
36.780000 .041784
36.810000 .042249
36.840000 .042698
36.870000 .043130
36.900000 .043548
36.930000 .043951
36.960000 .044342
36.990000 .044720
37.020000 .045087
37.050000 .045443
37.080000 .045789
37.110000 .046127
37.140000 .046457
37.170000 .046779
37.200000 .047095
37.230000 .047405
37.260000 .047710
37.290000 .048010
37.320000 .048306
37.350000 .048598
37.380000 .048887
37.410000 .049174
37.440000 .049459
37.470000 .049741
37.500000 .050023
37.530000 .050303
37.560000 .050582
37.590000 .050861
37.620000 .051140
37.650000 .051418
37.680000 .051696
37.710000 .051973
37.740000 .052251
37.770000 .052529
37.800000 .052806
37.830000 .053083
37.860000 .053360
37.890000 .053636
37.920000 .053911
37.950000 .054186
37.980000 .054458
38.010000 .054729
38.040000 .054997
38.070000 .055263
38.100000 .055525
38.130000 .055783
38.160000 .056037
38.190000 .056286
38.220000 .056529
38.250000 .056766
38.280000 .056995
38.310000 .057215
38.340000 .057427
38.370000 .057629
38.400000 .057819
38.430000 .057997
38.460000 .058163
38.490000 .058314
38.520000 .058449
38.550000 .058568
38.580000 .058670
38.610000 .058752
38.640000 .058815
38.670000 .058856
38.700000 .058874
38.730000 .058869
38.760000 .058839
38.790000 .058782
38.820000 .058698
38.850000 .058585
38.880000 .058442
38.910000 .058269
38.940000 .058064
38.970000 .057826
39.000000 .057554
39.030000 .057248
39.060000 .056907
39.090000 .056530
39.120000 .056116
39.150000 .055666
39.180000 .055179
39.210000 .054654
39.240000 .054093
39.270000 .053495
39.300000 .052860
39.330000 .052188
39.360000 .051481
39.390000 .050739
39.420000 .049963
39.450000 .049154
39.480000 .048312
39.510000 .047440
39.540000 .046538
39.570000 .045608
39.600000 .044652
39.630000 .043671
39.660000 .042667
39.690000 .041641
39.720000 .040597
39.750000 .039535
39.780000 .038457
39.810000 .037366
39.840000 .036263
39.870000 .035150
39.900000 .034030
39.930000 .032904
39.960000 .031774
39.990000 .030642
40.020000 .029510
40.050000 .028378
40.080000 .027250
40.110000 .026126
40.140000 .025008
40.170000 .023897
40.200000 .022794
40.230000 .021701
40.260000 .020618
40.290000 .019547
40.320000 .018489
40.350000 .017443
40.380000 .016411
40.410000 .015394
40.440000 .014391
40.470000 .013403
40.500000 .012431
40.530000 .011474
40.560000 .010533
40.590000 .009608
40.620000 .008698
40.650000 .007804
40.680000 .006925
40.710000 .006062
40.740000 .005213
40.770000 .004379
40.800000 .003559
40.830000 .002753
40.860000 .001960
40.890000 .001181
40.920000 .000413
40.950000 .000343
40.980000 .001088
41.010000 .001822
41.040000 .002546
41.070000 .003261
41.100000 .003968
41.130000 .004666
41.160000 .005357
41.190000 .006042
41.220000 .006720
41.250000 .007394
41.280000 .008062
41.310000 .008727
41.340000 .009389
41.370000 .010049
41.400000 .010706
41.430000 .011363
41.460000 .012019
41.490000 .012675
41.520000 .013333
41.550000 .013992
41.580000 .014653
41.610000 .015317
41.640000 .015984
41.670000 .016656
41.700000 .017333
41.730000 .018015
41.760000 .018702
41.790000 .019397
41.820000 .020098
41.850000 .020807
41.880000 .021524
41.910000 .022249
41.940000 .022984
41.970000 .023728
42.000000 .024482
42.030000 .025247
42.060000 .026022
42.090000 .026808
42.120000 .027606
42.150000 .028416
42.180000 .029237
42.210000 .030071
42.240000 .030918
42.270000 .031777
42.300000 .032649
42.330000 .033534
42.360000 .034432
42.390000 .035344
42.420000 .036268
42.450000 .037206
42.480000 .038156
42.510000 .039120
42.540000 .040096
42.570000 .041084
42.600000 .042085
42.630000 .043098
42.660000 .044122
42.690000 .045158
42.720000 .046204
42.750000 .047260
42.780000 .048325
42.810000 .049400
42.840000 .050482
42.870000 .051572
42.900000 .052668
42.930000 .053770
42.960000 .054877
42.990000 .055987
43.020000 .057100
43.050000 .058214
43.080000 .059328
43.110000 .060442
43.140000 .061553
43.170000 .062661
43.200000 .063764
43.230000 .064861
43.260000 .065950
43.290000 .067029
43.320000 .068098
43.350000 .069154
43.380000 .070197
43.410000 .071224
43.440000 .072233
43.470000 .073224
43.500000 .074194
43.530000 .075142
43.560000 .076066
43.590000 .076965
43.620000 .077836
43.650000 .078679
43.680000 .079492
43.710000 .080272
43.740000 .081019
43.770000 .081731
43.800000 .082407
43.830000 .083045
43.860000 .083643
43.890000 .084201
43.920000 .084718
43.950000 .085191
43.980000 .085620
44.010000 .086005
44.040000 .086343
44.070000 .086634
44.100000 .086878
44.130000 .087073
44.160000 .087219
44.190000 .087315
44.220000 .087361
44.250000 .087356
44.280000 .087301
44.310000 .087195
44.340000 .087037
44.370000 .086828
44.400000 .086568
44.430000 .086257
44.460000 .085894
44.490000 .085482
44.520000 .085018
44.550000 .084505
44.580000 .083943
44.610000 .083332
44.640000 .082673
44.670000 .081967
44.700000 .081214
44.730000 .080415
44.760000 .079571
44.790000 .078684
44.820000 .077753
44.850000 .076781
44.880000 .075768
44.910000 .074716
44.940000 .073625
44.970000 .072497
45.000000 .071334
45.030000 .070136
45.060000 .068904
45.090000 .067641
45.120000 .066348
45.150000 .065025
45.180000 .063675
45.210000 .062299
45.240000 .060898
45.270000 .059473
45.300000 .058027
45.330000 .056561
45.360000 .055076
45.390000 .053573
45.420000 .052055
45.450000 .050522
45.480000 .048976
45.510000 .047418
45.540000 .045851
45.570000 .044275
45.600000 .042691
45.630000 .041101
45.660000 .039507
45.690000 .037910
45.720000 .036311
45.750000 .034711
45.780000 .033111
45.810000 .031514
45.840000 .029919
45.870000 .028329
45.900000 .026743
45.930000 .025165
45.960000 .023593
45.990000 .022031
46.020000 .020477
46.050000 .018934
46.080000 .017403
46.110000 .015883
46.140000 .014377
46.170000 .012885
46.200000 .011407
46.230000 .009944
46.260000 .008498
46.290000 .007068
46.320000 .005656
46.350000 .004261
46.380000 .002885
46.410000 .001528
46.440000 .000190
46.470000 .001127
46.500000 .002425
46.530000 .003701
46.560000 .004956
46.590000 .006190
46.620000 .007402
46.650000 .008591
46.680000 .009759
46.710000 .010903
46.740000 .012024
46.770000 .013123
46.800000 .014197
46.830000 .015248
46.860000 .016275
46.890000 .017278
46.920000 .018257
46.950000 .019212
46.980000 .020141
47.010000 .021047
47.040000 .021927
47.070000 .022782
47.100000 .023611
47.130000 .024416
47.160000 .025195
47.190000 .025948
47.220000 .026675
47.250000 .027377
47.280000 .028052
47.310000 .028701
47.340000 .029323
47.370000 .029919
47.400000 .030488
47.430000 .031030
47.460000 .031545
47.490000 .032032
47.520000 .032492
47.550000 .032925
47.580000 .033329
47.610000 .033706
47.640000 .034054
47.670000 .034374
47.700000 .034665
47.730000 .034928
47.760000 .035163
47.790000 .035368
47.820000 .035544
47.850000 .035692
47.880000 .035810
47.910000 .035899
47.940000 .035959
47.970000 .035990
48.000000 .035992
48.030000 .035964
48.060000 .035908
48.090000 .035823
48.120000 .035709
48.150000 .035567
48.180000 .035397
48.210000 .035199
48.240000 .034973
48.270000 .034720
48.300000 .034440
48.330000 .034134
48.360000 .033802
48.390000 .033445
48.420000 .033063
48.450000 .032657
48.480000 .032228
48.510000 6.251409
48.540000 .031303
48.570000 .030809
48.600000 .030294
48.630000 .029761
48.660000 .029209
48.690000 .028639
48.720000 .028053
48.750000 .027452
48.780000 .026836
48.810000 .026207
48.840000 .025566
48.870000 .024913
48.900000 .024251
48.930000 .023579
48.960000 .022898
48.990000 .022211
49.020000 .021518
49.050000 .020819
49.080000 .020117
49.110000 .019411
49.140000 .018704
49.170000 .017995
49.200000 .017285
49.230000 .016576
49.260000 .015869
49.290000 .015163
49.320000 .014461
49.350000 .013762
49.380000 .013067
49.410000 .012376
49.440000 .011691
49.470000 .011012
49.500000 .010339
49.530000 .009673
49.560000 .009014
49.590000 .008363
49.620000 .007719
49.650000 .007083
49.680000 .006456
49.710000 .005836
49.740000 .005226
49.770000 .004624
49.800000 .004030
49.830000 .003446
49.860000 .002870
49.890000 .002303
49.920000 .001744
49.950000 .001194
49.980000 .000652
50.010000 .000118
50.040000 .000407
50.070000 .000925
50.100000 .001435
50.130000 .001938
50.160000 .002434
50.190000 .002923
50.220000 .003405
50.250000 .003881
50.280000 .004351
50.310000 .004816
50.340000 .005276
50.370000 .005730
50.400000 .006181
50.430000 .006627
50.460000 .007069
50.490000 .007508
50.520000 .007944
50.550000 .008377
50.580000 .008809
50.610000 .009238
50.640000 .009666
50.670000 .010093
50.700000 .010520
50.730000 .010947
50.760000 .011373
50.790000 .011801
50.820000 .012229
50.850000 .012659
50.880000 .013091
50.910000 .013526
50.940000 .013963
50.970000 .014403
51.000000 .014847
51.030000 .015295
51.060000 .015747
51.090000 .016205
51.120000 .016667
51.150000 .017136
51.180000 .017610
51.210000 .018091
51.240000 .018579
51.270000 .019074
51.300000 .019577
51.330000 .020088
51.360000 .020608
51.390000 .021136
51.420000 .021675
51.450000 .022223
51.480000 .022781
51.510000 .023350
51.540000 .023931
51.570000 .024522
51.600000 .025126
51.630000 .025743
51.660000 .026372
51.690000 .027014
51.720000 .027670
51.750000 .028341
51.780000 .029026
51.810000 .029726
51.840000 .030442
51.870000 .031173
51.900000 .031922
51.930000 .032687
51.960000 .033469
51.990000 .034270
52.020000 .035089
52.050000 .035926
52.080000 .036784
52.110000 .037661
52.140000 .038558
52.170000 .039476
52.200000 .040416
52.230000 .041378
52.260000 .042363
52.290000 .043371
52.320000 .044402
52.350000 .045458
52.380000 .046538
52.410000 .047644
52.440000 .048776
52.470000 .049935
52.500000 .051122
52.530000 .052336
52.560000 .053579
52.590000 .054852
52.620000 .056154
52.650000 .057488
52.680000 .058853
52.710000 .060250
52.740000 .061681
52.770000 .063145
52.800000 .064643
52.830000 .066178
52.860000 .067748
52.890000 .069355
52.920000 .071000
52.950000 .072684
52.980000 .074408
53.010000 .076171
53.040000 .077977
53.070000 .079824
53.100000 .081714
53.130000 .083648
53.160000 .085627
53.190000 .087651
53.220000 .089722
53.250000 .091840
53.280000 .094005
53.310000 .096220
53.340000 .098485
53.370000 .100799
53.400000 .103165
53.430000 .105582
53.460000 .108051
53.490000 .110572
53.520000 .113147
53.550000 .115774
53.580000 .118455
53.610000 .121189
53.640000 .123976
53.670000 .126816
53.700000 .129709
53.730000 .132653
53.760000 .135648
53.790000 .138693
53.820000 .141787
53.850000 .144927
53.880000 .148113
53.910000 .151341
53.940000 .154609
53.970000 .157914
54.000000 .161253
54.030000 .164623
54.060000 .168018
54.090000 .171434
54.120000 .174867
54.150000 .178310
54.180000 .181758
54.210000 .185203
54.240000 .188640
54.270000 .192059
54.300000 .195454
54.330000 .198815
54.360000 .202134
54.390000 .205402
54.420000 .208607
54.450000 .211741
54.480000 .214792
54.510000 .217750
54.540000 .220604
54.570000 .223344
54.600000 .225958
54.630000 .228435
54.660000 .230766
54.690000 .232939
54.720000 .234945
54.750000 .236775
54.780000 .238420
54.810000 .239872
54.840000 .241125
54.870000 .242172
54.900000 .243008
54.930000 .243630
54.960000 .244034
54.990000 .244220
55.020000 .244188
55.050000 .243938
55.080000 .243473
55.110000 .242796
55.140000 .241913
55.170000 .240829
55.200000 .239552
55.230000 .238090
55.260000 .236452
55.290000 .234647
55.320000 .232688
55.350000 .230584
55.380000 .228347
55.410000 .225991
55.440000 .223527
55.470000 .220968
55.500000 .218326
55.530000 .215614
55.560000 .212845
55.590000 .210030
55.620000 .207183
55.650000 .204313
55.680000 .201433
55.710000 .198553
55.740000 .195683
55.770000 .192833
55.800000 .190013
55.830000 .187229
55.860000 .184491
55.890000 .181807
55.920000 .179182
55.950000 .176623
55.980000 .174136
56.010000 .171726
56.040000 .169397
56.070000 .167155
56.100000 .165003
56.130000 .162944
56.160000 .160981
56.190000 .159118
56.220000 .157355
56.250000 .155696
56.280000 .154141
56.310000 .152693
56.340000 .151352
56.370000 .150120
56.400000 .148996
56.430000 .147983
56.460000 .147079
56.490000 .146286
56.520000 .145604
56.550000 .145032
56.580000 .144571
56.610000 .144221
56.640000 .143981
56.670000 .143852
56.700000 .143832
56.730000 .143922
56.760000 .144122
56.790000 .144431
56.820000 .144849
56.850000 .145376
56.880000 .146011
56.910000 .146754
56.940000 .147605
56.970000 .148565
57.000000 .149631
57.030000 .150806
57.060000 .152087
57.090000 .153477
57.120000 .154973
57.150000 .156578
57.180000 .158289
57.210000 .160109
57.240000 .162036
57.270000 .164072
57.300000 .166216
57.330000 .168469
57.360000 .170831
57.390000 .173302
57.420000 .175884
57.450000 .178576
57.480000 .181380
57.510000 .184295
57.540000 .187322
57.570000 .190463
57.600000 .193717
57.630000 .197086
57.660000 .200569
57.690000 .204168
57.720000 .207884
57.750000 .211717
57.780000 .215667
57.810000 .219736
57.840000 .223924
57.870000 .228231
57.900000 .232659
57.930000 .237206
57.960000 .241874
57.990000 .246662
58.020000 .251571
58.050000 .256600
58.080000 .261749
58.110000 .267017
58.140000 .272403
58.170000 .277907
58.200000 .283526
58.230000 .289259
58.260000 .295103
58.290000 .301056
58.320000 .307115
58.350000 .313276
58.380000 .319534
58.410000 .325886
58.440000 .332326
58.470000 .338847
58.500000 .345444
58.530000 .352107
58.560000 .358830
58.590000 .365602
58.620000 .372414
58.650000 .379255
58.680000 .386113
58.710000 .392974
58.740000 .399826
58.770000 .406653
58.800000 .413440
58.830000 .420170
58.860000 .426825
58.890000 .433387
58.920000 .439836
58.950000 .446154
58.980000 .452318
59.010000 .458308
59.040000 .464102
59.070000 .469678
59.100000 .475015
59.130000 .480090
59.160000 .484882
59.190000 .489370
59.220000 .493533
59.250000 .497351
59.280000 .500806
59.310000 .503881
59.340000 .506560
59.370000 .508828
59.400000 .510674
59.430000 .512087
59.460000 .513060
59.490000 .513587
59.520000 .513664
59.550000 .513292
59.580000 .512472
59.610000 .511209
59.640000 .509510
59.670000 .507385
59.700000 .504844
59.730000 .501904
59.760000 .498579
59.790000 .494888
59.820000 .490852
59.850000 .486491
59.880000 .481829
59.910000 .476889
59.940000 .471696
59.970000 .466277
60.000000 .460656
60.030000 .454860
60.060000 .448915
60.090000 .442847
60.120000 .436680
60.150000 .430442
60.180000 .424154
60.210000 .417842
60.240000 .411527
60.270000 .405231
60.300000 .398975
60.330000 .392778
60.360000 .386657
60.390000 .380631
60.420000 .374716
60.450000 .368925
60.480000 .363272
60.510000 .357770
60.540000 .352430
60.570000 .347263
60.600000 .342277
60.630000 .337481
60.660000 .332883
60.690000 .328488
60.720000 .324303
60.750000 .320332
60.780000 .316581
60.810000 .313051
60.840000 .309748
60.870000 .306672
60.900000 .303827
60.930000 .301213
60.960000 .298833
60.990000 .296686
61.020000 .294774
61.050000 .293097
61.080000 .291654
61.110000 .290447
61.140000 .289474
61.170000 .288735
61.200000 .288230
61.230000 .287958
61.260000 .287919
61.290000 .288111
61.320000 .288535
61.350000 .289189
61.380000 .290073
61.410000 .291185
61.440000 .292526
61.470000 .294095
61.500000 .295892
61.530000 .297915
61.560000 .300164
61.590000 .302640
61.620000 .305342
61.650000 .308270
61.680000 .311424
61.710000 .314805
61.740000 .318412
61.770000 .322245
61.800000 .326307
61.830000 .330596
61.860000 .335114
61.890000 .339862
61.920000 .344842
61.950000 .350053
61.980000 .355498
62.010000 .361177
62.040000 .367094
62.070000 .373249
62.100000 .379645
62.130000 .386283
62.160000 .393167
62.190000 .400298
62.220000 .407679
62.250000 .415313
62.280000 .423203
62.310000 .431352
62.340000 .439762
62.370000 .448439
62.400000 .457384
62.430000 .466603
62.460000 .476098
62.490000 .485874
62.520000 .495934
62.550000 .506284
62.580000 .516927
62.610000 .527868
62.640000 .539112
62.670000 .550662
62.700000 .562525
62.730000 .574704
62.760000 .587204
62.790000 .600030
62.820000 .613188
62.850000 .626681
62.880000 .640514
62.910000 .654691
62.940000 .669218
62.970000 .684098
63.000000 .699335
63.030000 .714933
63.060000 .730894
63.090000 .747222
63.120000 .763918
63.150000 .780985
63.180000 .798424
63.210000 .816234
63.240000 .834416
63.270000 .852968
63.300000 .871887
63.330000 .891170
63.360000 .910812
63.390000 .930807
63.420000 .951147
63.450000 .971823
63.480000 .992824
63.510000 1.014136
63.540000 1.035745
63.570000 1.057635
63.600000 1.079785
63.630000 1.102174
63.660000 1.124778
63.690000 1.147571
63.720000 1.170522
63.750000 1.193600
63.780000 1.216771
63.810000 1.239995
63.840000 1.263233
63.870000 1.286441
63.900000 1.309573
63.930000 1.332580
63.960000 1.355411
63.990000 1.378011
64.020000 1.400324
64.050000 1.422291
64.080000 1.443852
64.110000 1.464946
64.140000 1.485509
64.170000 1.505478
64.200000 1.524789
64.230000 1.543377
64.260000 1.561178
64.290000 1.578131
64.320000 1.594173
64.350000 1.609246
64.380000 1.623294
64.410000 1.636262
64.440000 1.648101
64.470000 1.658765
64.500000 1.668213
64.530000 1.676408
64.560000 1.683318
64.590000 1.688919
64.620000 1.693192
64.650000 1.696121
64.680000 1.697702
64.710000 1.697933
64.740000 1.696820
64.770000 1.694376
64.800000 1.690619
64.830000 1.685576
64.860000 1.679277
64.890000 1.671758
64.920000 1.663063
64.950000 1.653239
64.980000 1.642338
65.010000 1.630415
65.040000 1.617532
65.070000 1.603751
65.100000 1.589139
65.130000 1.573762
65.160000 1.557691
65.190000 1.540996
65.220000 1.523749
65.250000 1.506021
65.280000 1.487883
65.310000 1.469406
65.340000 1.450659
65.370000 1.431709
65.400000 1.412623
65.430000 1.393463
65.460000 1.374292
65.490000 1.355168
65.520000 1.336146
65.550000 1.317281
65.580000 1.298621
65.610000 1.280215
65.640000 1.262107
65.670000 1.244336
65.700000 1.226942
65.730000 1.209959
65.760000 1.193419
65.790000 1.177352
65.820000 1.161784
65.850000 1.146738
65.880000 1.132237
65.910000 1.118299
65.940000 1.104941
65.970000 1.092177
66.000000 1.080021
66.030000 1.068484
66.060000 1.057573
66.090000 1.047297
66.120000 1.037662
66.150000 1.028673
66.180000 1.020333
66.210000 1.012645
66.240000 1.005611
66.270000 .999229
66.300000 .993502
66.330000 .988426
66.360000 .984002
66.390000 .980226
66.420000 .977097
66.450000 .974610
66.480000 .972762
66.510000 .971550
66.540000 .970969
66.570000 .971015
66.600000 .971683
66.630000 .972968
66.660000 .974866
66.690000 .977370
66.720000 .980476
66.750000 .984179
66.780000 .988471
66.810000 .993348
66.840000 .998804
66.870000 1.004832
66.900000 1.011426
66.930000 1.018579
66.960000 1.026285
66.990000 1.034537
67.020000 1.043326
67.050000 1.052646
67.080000 1.062489
67.110000 1.072845
67.140000 1.083705
67.170000 1.095061
67.200000 1.106901
67.230000 1.119216
67.260000 1.131992
67.290000 1.145219
67.320000 1.158883
67.350000 1.172969
67.380000 1.187462
67.410000 1.202346
67.440000 1.217603
67.470000 1.233214
67.500000 1.249160
67.530000 1.265417
67.560000 1.281964
67.590000 1.298775
67.620000 1.315823
67.650000 1.333080
67.680000 1.350516
67.710000 1.368098
67.740000 1.385794
67.770000 1.403566
67.800000 1.421377
67.830000 1.439187
67.860000 1.456954
67.890000 1.474633
67.920000 1.492180
67.950000 1.509547
67.980000 1.526683
68.010000 1.543539
68.040000 1.560062
68.070000 1.576198
68.100000 1.591892
68.130000 1.607088
68.160000 1.621732
68.190000 1.635765
68.220000 1.649131
68.250000 1.661774
68.280000 1.673639
68.310000 1.684670
68.340000 1.694814
68.370000 1.704021
68.400000 1.712240
68.430000 1.719426
68.460000 1.725534
68.490000 1.730524
68.520000 1.734361
68.550000 1.737010
68.580000 1.738446
68.610000 1.738644
68.640000 1.737586
68.670000 1.735260
68.700000 1.731659
68.730000 1.726781
68.760000 1.720630
68.790000 1.713216
68.820000 1.704556
68.850000 1.694670
68.880000 1.683587
68.910000 1.671339
68.940000 1.657964
68.970000 1.643506
69.000000 1.628012
69.030000 1.611535
69.060000 1.594130
69.090000 1.575858
69.120000 1.556782
69.150000 1.536967
69.180000 1.516480
69.210000 1.495392
69.240000 1.473772
69.270000 1.451692
69.300000 1.429222
69.330000 1.406435
69.360000 1.383400
69.390000 1.360187
69.420000 1.336863
69.450000 1.313494
69.480000 1.290144
69.510000 1.266875
69.540000 1.243744
69.570000 1.220809
69.600000 1.198121
69.630000 1.175731
69.660000 1.153686
69.690000 1.132028
69.720000 1.110799
69.750000 1.090034
69.780000 1.069770
69.810000 1.050035
69.840000 1.030858
69.870000 1.012265
69.900000 .994277
69.930000 .976914
69.960000 .960193
69.990000 .944129
70.020000 .928735
70.050000 .914020
70.080000 .899994
70.110000 .886664
70.140000 .874034
70.170000 .862109
70.200000 .850891
70.230000 .840380
70.260000 .830578
70.290000 .821484
70.320000 .813095
70.350000 .805409
70.380000 .798424
70.410000 .792136
70.440000 .786541
70.470000 .781635
70.500000 .777412
70.530000 .773868
70.560000 .770999
70.590000 .768798
70.620000 .767261
70.650000 .766382
70.680000 .766157
70.710000 .766580
70.740000 .767646
70.770000 .769350
70.800000 .771688
70.830000 .774655
70.860000 .778247
70.890000 .782459
70.920000 .787289
70.950000 .792732
70.980000 .798785
71.010000 .805445
71.040000 .812709
71.070000 .820576
71.100000 .829042
71.130000 .838105
71.160000 .847766
71.190000 .858021
71.220000 .868871
71.250000 .880315
71.280000 .892353
71.310000 .904984
71.340000 .918210
71.370000 .932030
71.400000 .946447
71.430000 .961461
71.460000 .977075
71.490000 .993291
71.520000 1.010111
71.550000 1.027537
71.580000 1.045574
71.610000 1.064225
71.640000 1.083494
71.670000 1.103384
71.700000 1.123901
71.730000 1.145050
71.760000 1.166835
71.790000 1.189263
71.820000 1.212340
71.850000 1.236072
71.880000 1.260465
71.910000 1.285528
71.940000 1.311267
71.970000 1.337690
72.000000 1.364805
72.030000 1.392621
72.060000 1.421147
72.090000 1.450391
72.120000 1.480364
72.150000 1.511073
72.180000 1.542531
72.210000 1.574746
72.240000 1.607729
72.270000 1.641490
72.300000 1.676040
72.330000 1.711391
72.360000 1.747551
72.390000 1.784533
72.420000 1.822346
72.450000 1.861003
72.480000 1.900512
72.510000 1.940884
72.540000 1.982128
72.570000 2.024255
72.600000 2.067273
72.630000 2.111189
72.660000 2.156013
72.690000 2.201749
72.720000 2.248405
72.750000 2.295984
72.780000 2.344489
72.810000 2.393923
72.840000 2.444286
72.870000 2.495578
72.900000 2.547793
72.930000 2.600929
72.960000 2.654977
72.990000 2.709929
73.020000 2.765772
73.050000 2.822493
73.080000 2.880074
73.110000 2.938495
73.140000 2.997735
73.170000 3.057767
73.200000 3.118563
73.230000 3.180091
73.260000 3.242317
73.290000 3.305203
73.320000 3.368708
73.350000 3.432789
73.380000 3.497398
73.410000 3.562486
73.440000 3.628002
73.470000 3.693890
73.500000 3.760095
73.530000 3.826559
73.560000 3.893220
73.590000 3.960018
73.620000 4.026891
73.650000 4.093775
73.680000 4.160608
73.710000 4.227327
73.740000 4.293867
73.770000 4.360169
73.800000 4.426172
73.830000 4.491816
73.860000 4.557044
73.890000 4.621802
73.920000 4.686036
73.950000 4.749698
73.980000 4.812741
74.010000 4.875121
74.040000 4.936798
74.070000 4.997736
74.100000 5.057901
74.130000 5.117265
74.160000 5.175801
74.190000 5.233488
74.220000 5.290308
74.250000 5.346245
74.280000 5.401290
74.310000 5.455433
74.340000 5.508672
74.370000 5.561004
74.400000 5.612432
74.430000 5.662961
74.460000 5.712599
74.490000 5.761354
74.520000 5.809241
74.550000 5.856273
74.580000 5.902468
74.610000 5.947845
74.640000 5.992422
74.670000 6.036223
74.700000 6.079270
74.730000 6.121587
74.760000 6.163201
74.790000 6.204138
74.820000 6.244423
74.850000 6.284086
74.880000 6.323155
74.910000 6.361658
74.940000 6.399623
74.970000 6.437082
75.000000 6.474062
75.030000 6.510593
75.060000 6.546704
75.090000 6.582426
75.120000 6.617786
75.150000 6.652815
75.180000 6.687539
75.210000 6.721989
75.240000 6.756192
75.270000 6.790175
75.300000 6.823967
75.330000 6.857592
75.360000 6.891079
75.390000 6.924452
75.420000 6.957738
75.450000 6.990959
75.480000 7.024141
75.510000 7.057308
75.540000 7.090481
75.570000 7.123683
75.600000 7.156936
75.630000 7.190260
75.660000 7.223676
75.690000 7.257203
75.720000 7.290859
75.750000 7.324663
75.780000 7.358631
75.810000 7.392779
75.840000 7.427123
75.870000 7.461677
75.900000 7.496455
75.930000 7.531468
75.960000 7.566728
75.990000 7.602245
76.020000 7.638029
76.050000 7.674088
76.080000 7.710427
76.110000 7.747053
76.140000 7.783970
76.170000 7.821180
76.200000 7.858684
76.230000 7.896483
76.260000 7.934575
76.290000 7.972955
76.320000 8.011620
76.350000 8.050560
76.380000 8.089769
76.410000 8.129235
76.440000 8.168946
76.470000 8.208886
76.500000 8.249039
76.530000 8.289386
76.560000 8.329906
76.590000 8.370576
76.620000 8.411370
76.650000 8.452261
76.680000 8.493219
76.710000 8.534211
76.740000 8.575204
76.770000 8.616160
76.800000 8.657042
76.830000 8.697808
76.860000 8.738415
76.890000 8.778819
76.920000 8.818973
76.950000 8.858829
76.980000 8.898337
77.010000 8.937446
77.040000 8.976103
77.070000 9.014254
77.100000 9.051844
77.130000 9.088818
77.160000 9.125119
77.190000 9.160692
77.220000 2.912294
77.250000 2.946238
77.280000 2.979283
77.310000 3.011374
77.340000 3.042454
77.370000 3.072468
77.400000 3.101365
77.430000 3.129091
77.460000 3.155595
77.490000 3.180828
77.520000 3.204744
77.550000 3.227297
77.580000 3.248443
77.610000 3.268141
77.640000 3.286354
77.670000 3.303046
77.700000 3.318182
77.730000 3.331733
77.760000 3.343672
77.790000 3.353973
77.820000 3.362615
77.850000 3.369581
77.880000 3.374856
77.910000 3.378427
77.940000 3.380288
77.970000 3.380433
78.000000 3.378863
78.030000 3.375579
78.060000 3.370589
78.090000 3.363903
78.120000 3.355536
78.150000 3.345506
78.180000 3.333836
78.210000 3.320552
78.240000 3.305686
78.270000 3.289273
78.300000 3.271351
78.330000 3.251964
78.360000 3.231161
78.390000 3.208991
78.420000 3.185513
78.450000 3.160785
78.480000 3.134871
78.510000 3.107839
78.540000 3.079761
78.570000 3.050712
78.600000 3.020768
78.630000 2.990012
78.660000 2.958526
78.690000 2.926398
78.720000 2.893714
78.750000 2.860565
78.780000 2.827041
78.810000 2.793235
78.840000 2.759238
78.870000 2.725144
78.900000 2.691045
78.930000 2.657032
78.960000 2.623195
78.990000 2.589623
79.020000 2.556403
79.050000 2.523620
79.080000 2.491357
79.110000 2.459692
79.140000 2.428701
79.170000 2.398459
79.200000 2.369034
79.230000 2.340492
79.260000 2.312896
79.290000 2.286303
79.320000 2.260769
79.350000 2.236344
79.380000 2.213075
79.410000 2.191004
79.440000 2.170170
79.470000 2.150609
79.500000 2.132353
79.530000 2.115430
79.560000 2.099865
79.590000 2.085680
79.620000 2.072893
79.650000 2.061520
79.680000 2.051575
79.710000 2.043067
79.740000 2.036006
79.770000 2.030396
79.800000 2.026241
79.830000 2.023543
79.860000 2.022302
79.890000 2.022516
79.920000 2.024181
79.950000 2.027291
79.980000 2.031841
80.010000 2.037823
80.040000 2.045228
80.070000 2.054044
80.100000 2.064263
80.130000 2.075870
80.160000 2.088852
80.190000 2.103196
80.220000 2.118887
80.250000 2.135909
80.280000 2.154245
80.310000 2.173878
80.340000 2.194790
80.370000 2.216963
80.400000 2.240376
80.430000 2.265011
80.460000 2.290846
80.490000 2.317860
80.520000 2.346031
80.550000 2.375338
80.580000 2.405758
80.610000 2.437267
80.640000 2.469841
80.670000 2.503457
80.700000 2.538090
80.730000 2.573715
80.760000 2.610307
80.790000 2.647841
80.820000 2.686290
80.850000 2.725631
80.880000 2.765836
80.910000 2.806879
80.940000 2.848736
80.970000 2.891379
81.000000 2.934784
81.030000 2.978925
81.060000 3.023777
81.090000 3.069315
81.120000 3.115514
81.150000 3.162351
81.180000 3.209801
81.210000 3.257842
81.240000 3.306451
81.270000 3.355606
81.300000 3.405286
81.330000 3.455471
81.360000 3.506140
81.390000 3.557274
81.420000 3.608856
81.450000 3.660867
81.480000 3.713291
81.510000 3.766111
81.540000 3.819311
81.570000 3.872878
81.600000 3.926797
81.630000 3.981054
81.660000 4.035636
81.690000 4.090530
81.720000 4.145724
81.750000 4.201205
81.780000 4.256962
81.810000 4.312983
81.840000 4.369255
81.870000 4.425767
81.900000 4.482506
81.930000 4.539458
81.960000 4.596611
81.990000 4.653950
82.020000 4.711461
82.050000 4.769126
82.080000 4.826928
82.110000 4.884851
82.140000 4.942873
82.170000 5.000974
82.200000 5.059131
82.230000 5.117320
82.260000 5.175515
82.290000 5.233689
82.320000 5.291813
82.350000 5.349855
82.380000 5.407784
82.410000 5.465566
82.440000 5.523165
82.470000 5.580545
82.500000 5.637666
82.530000 5.694491
82.560000 5.750979
82.590000 5.807090
82.620000 5.862781
82.650000 5.918012
82.680000 5.972742
82.710000 6.026929
82.740000 6.080532
82.770000 6.133513
82.800000 6.185832
82.830000 6.237452
82.860000 6.288338
82.890000 6.338457
82.920000 6.387776
82.950000 6.436267
82.980000 6.483903
83.010000 6.530661
83.040000 6.576520
83.070000 6.621461
83.100000 6.665471
83.130000 6.708538
83.160000 6.750653
83.190000 6.791811
83.220000 6.832011
83.250000 6.871254
83.280000 6.909545
83.310000 6.946890
83.340000 6.983300
83.370000 7.018789
83.400000 7.053371
83.430000 7.087067
83.460000 7.119896
83.490000 7.151882
83.520000 7.183049
83.550000 7.213425
83.580000 7.243037
83.610000 7.271917
83.640000 7.300096
83.670000 7.327606
83.700000 7.354481
83.730000 7.380756
83.760000 7.406465
83.790000 7.431646
83.820000 7.456333
83.850000 7.480564
83.880000 7.504376
83.910000 7.527804
83.940000 7.550887
83.970000 7.573660
84.000000 7.596160
84.030000 7.618423
84.060000 7.640485
84.090000 7.662381
84.120000 7.684146
84.150000 7.705814
84.180000 7.727418
84.210000 7.748992
84.240000 7.770567
84.270000 7.792176
84.300000 7.813849
84.330000 7.835616
84.360000 7.857506
84.390000 7.879549
84.420000 7.901771
84.450000 7.924199
84.480000 7.946860
84.510000 7.969778
84.540000 7.992979
84.570000 8.016485
84.600000 8.040319
84.630000 8.064504
84.660000 8.089060
84.690000 8.114008
84.720000 8.139367
84.750000 8.165156
84.780000 8.191392
84.810000 8.218092
84.840000 8.245273
84.870000 8.272950
84.900000 8.301138
84.930000 8.329850
84.960000 8.359098
84.990000 8.388896
85.020000 8.419254
85.050000 8.450183
85.080000 8.481692
85.110000 8.513789
85.140000 8.546483
85.170000 8.579780
85.200000 8.613687
85.230000 8.648207
85.260000 8.683347
85.290000 8.719107
85.320000 8.755492
85.350000 8.792502
85.380000 8.830136
85.410000 8.868396
85.440000 8.907278
85.470000 8.946780
85.500000 8.986897
85.530000 9.027626
85.560000 9.068959
85.590000 9.110889
85.620000 9.153408
85.650000 9.196507
85.680000 9.240174
85.710000 9.284397
85.740000 9.329164
85.770000 9.374459
85.800000 9.420268
85.830000 9.466574
85.860000 9.513359
85.890000 9.560603
85.920000 9.608287
85.950000 9.656389
85.980000 9.704886
86.010000 9.753756
86.040000 9.802972
86.070000 9.852511
86.100000 9.902344
86.130000 9.952445
86.160000 10.002784
86.190000 10.053334
86.220000 10.104064
86.250000 10.154944
86.280000 10.205942
86.310000 10.257027
86.340000 10.308167
86.370000 10.359331
86.400000 10.410485
86.430000 4.178412
86.460000 4.229450
86.490000 4.280381
86.520000 4.331174
86.550000 4.381796
86.580000 4.432216
86.610000 4.482403
86.640000 4.532327
86.670000 4.581959
86.700000 4.631270
86.730000 4.680231
86.760000 4.728816
86.790000 4.777000
86.820000 4.824756
86.850000 4.872063
86.880000 4.918897
86.910000 4.965238
86.940000 5.011065
86.970000 5.056361
87.000000 5.101109
87.030000 5.145293
87.060000 5.188899
87.090000 5.231915
87.120000 5.274329
87.150000 5.316132
87.180000 5.357315
87.210000 5.397872
87.240000 5.437797
87.270000 5.477087
87.300000 5.515738
87.330000 5.553750
87.360000 5.591122
87.390000 5.627855
87.420000 5.663953
87.450000 5.699418
87.480000 5.734256
87.510000 5.768472
87.540000 5.802072
87.570000 5.835066
87.600000 5.867461
87.630000 5.899267
87.660000 5.930495
87.690000 5.961156
87.720000 5.991262
87.750000 6.020824
87.780000 6.049858
87.810000 6.078376
87.840000 6.106393
87.870000 6.133924
87.900000 6.160984
87.930000 6.187589
87.960000 6.213755
87.990000 6.239498
88.020000 6.264836
88.050000 6.289786
88.080000 6.314364
88.110000 6.338589
88.140000 6.362478
88.170000 6.386049
88.200000 6.409320
88.230000 6.432310
88.260000 6.455036
88.290000 6.477517
88.320000 6.499770
88.350000 6.521816
88.380000 6.543671
88.410000 6.565355
88.440000 6.586886
88.470000 6.608281
88.500000 6.629561
88.530000 6.650742
88.560000 6.671844
88.590000 6.692884
88.620000 6.713880
88.650000 6.734851
88.680000 6.755815
88.710000 6.776789
88.740000 6.797792
88.770000 6.818841
88.800000 6.839954
88.830000 6.861148
88.860000 6.882441
88.890000 6.903850
88.920000 6.925393
88.950000 6.947087
88.980000 6.968949
89.010000 6.990995
89.040000 7.013244
89.070000 7.035711
89.100000 7.058413
89.130000 7.081367
89.160000 7.104590
89.190000 7.128097
89.220000 7.151906
89.250000 7.176032
89.280000 7.200491
89.310000 7.225300
89.340000 7.250474
89.370000 7.276030
89.400000 7.301982
89.430000 7.328346
89.460000 7.355139
89.490000 7.382374
89.520000 7.410068
89.550000 7.438236
89.580000 7.466892
89.610000 7.496051
89.640000 7.525728
89.670000 7.555937
89.700000 7.586693
89.730000 7.618010
89.760000 7.649902
89.790000 7.682382
89.820000 7.715463
89.850000 7.749160
89.880000 7.783485
89.910000 7.818450
89.940000 7.854068
89.970000 7.890351
90.000000 7.927311
90.030000 7.964958
90.060000 8.003303
90.090000 8.042357
90.120000 8.082129
90.150000 8.122629
90.180000 8.163864
90.210000 8.205843
90.240000 8.248573
90.270000 8.292060
90.300000 8.336310
90.330000 8.381326
90.360000 8.427114
90.390000 8.473676
90.420000 8.521012
90.450000 8.569124
90.480000 8.618011
90.510000 8.667671
90.540000 8.718099
90.570000 8.769292
90.600000 8.821243
90.630000 8.873943
90.660000 8.927382
90.690000 8.981551
90.720000 9.036434
90.750000 9.092018
90.780000 9.148285
90.810000 9.205215
90.840000 9.262789
90.870000 9.320984
90.900000 9.379773
90.930000 9.439131
90.960000 9.499029
90.990000 9.559435
91.020000 9.620316
91.050000 9.681637
91.080000 9.743363
91.110000 9.805454
91.140000 9.867869
91.170000 9.930569
91.200000 9.993508
91.230000 10.056643
91.260000 10.119928
91.290000 10.183317
91.320000 10.246762
91.350000 10.310215
91.380000 10.373629
91.410000 10.436954
91.440000 10.500143
91.470000 4.279962
91.500000 4.342734
91.530000 4.405227
91.560000 4.467394
91.590000 4.529192
91.620000 4.590577
91.650000 4.651506
91.680000 4.711941
91.710000 4.771841
91.740000 4.831172
91.770000 4.889898
91.800000 4.947989
91.830000 5.005414
91.860000 5.062147
91.890000 5.118164
91.920000 5.173441
91.950000 5.227960
91.980000 5.281705
92.010000 5.334661
92.040000 5.386817
92.070000 5.438164
92.100000 5.488696
92.130000 5.538409
92.160000 5.587301
92.190000 5.635373
92.220000 5.682629
92.250000 5.729073
92.280000 5.774714
92.310000 5.819560
92.340000 5.863623
92.370000 5.906915
92.400000 5.949451
92.430000 5.991248
92.460000 6.032323
92.490000 6.072694
92.520000 6.112383
92.550000 6.151411
92.580000 6.189799
92.610000 6.227572
92.640000 6.264754
92.670000 6.301370
92.700000 6.337444
92.730000 6.373005
92.760000 6.408079
92.790000 6.442693
92.820000 6.476875
92.850000 6.510654
92.880000 6.544057
92.910000 6.577114
92.940000 6.609854
92.970000 6.642306
93.000000 6.674499
93.030000 6.706463
93.060000 6.738226
93.090000 6.769819
93.120000 6.801270
93.150000 6.832609
93.180000 6.863866
93.210000 6.895068
93.240000 6.926246
93.270000 6.957429
93.300000 6.988644
93.330000 7.019920
93.360000 7.051286
93.390000 7.082770
93.420000 7.114400
93.450000 7.146202
93.480000 7.178205
93.510000 7.210436
93.540000 7.242921
93.570000 7.275686
93.600000 7.308758
93.630000 7.342163
93.660000 7.375925
93.690000 7.410070
93.720000 7.444622
93.750000 7.479606
93.780000 7.515046
93.810000 7.550963
93.840000 7.587382
93.870000 7.624325
93.900000 7.661813
93.930000 7.699868
93.960000 7.738510
93.990000 7.777760
94.020000 7.817637
94.050000 7.858159
94.080000 7.899344
94.110000 7.941211
94.140000 7.983776
94.170000 8.027055
94.200000 8.071062
94.230000 8.115812
94.260000 8.161319
94.290000 8.207594
94.320000 8.254651
94.350000 8.302498
94.380000 8.351146
94.410000 8.400603
94.440000 8.450877
94.470000 8.501975
94.500000 8.553901
94.530000 8.606660
94.560000 8.660255
94.590000 8.714688
94.620000 8.769959
94.650000 8.826068
94.680000 8.883013
94.710000 8.940792
94.740000 8.999399
94.770000 9.058830
94.800000 9.119076
94.830000 9.180131
94.860000 9.241985
94.890000 9.304626
94.920000 9.368043
94.950000 9.432222
94.980000 9.497148
95.010000 9.562807
95.040000 9.629179
95.070000 9.696246
95.100000 9.763990
95.130000 9.832387
95.160000 9.901416
95.190000 9.971053
95.220000 10.041273
95.250000 10.112049
95.280000 10.183354
95.310000 10.255158
95.340000 10.327432
95.370000 10.400144
95.400000 10.473260
95.430000 10.546748
95.460000 10.620571
95.490000 10.694693
95.520000 10.769076
95.550000 10.843680
95.580000 10.918465
95.610000 10.993389
95.640000 11.068409
95.670000 11.143481
95.700000 11.218560
95.730000 11.293598
95.760000 11.368549
95.790000 11.443363
95.820000 11.517992
95.850000 11.592384
95.880000 11.666488
95.910000 11.740253
95.940000 11.813626
95.970000 11.886555
96.000000 11.958987
96.030000 12.030869
96.060000 12.102147
96.090000 12.172770
96.120000 12.242686
96.150000 12.311842
96.180000 12.380190
96.210000 12.447680
96.240000 6.231078
96.270000 6.296710
96.300000 6.361345
96.330000 6.424941
96.360000 6.487458
96.390000 6.548858
96.420000 6.609106
96.450000 6.668169
96.480000 6.726017
96.510000 6.782624
96.540000 6.837966
96.570000 6.892022
96.600000 6.944776
96.630000 6.996214
96.660000 7.046325
96.690000 7.095103
96.720000 7.142543
96.750000 7.188645
96.780000 7.233413
96.810000 7.276852
96.840000 7.318972
96.870000 7.359785
96.900000 7.399307
96.930000 7.437556
96.960000 7.474554
96.990000 7.510325
97.020000 7.544893
97.050000 7.578290
97.080000 7.610544
97.110000 7.641690
97.140000 7.671763
97.170000 7.700798
97.200000 7.728834
97.230000 7.755912
97.260000 7.782072
97.290000 7.807357
97.320000 7.831809
97.350000 7.855474
97.380000 7.878397
97.410000 7.900622
97.440000 7.922197
97.470000 7.943168
97.500000 7.963582
97.530000 7.983485
97.560000 8.002926
97.590000 8.021951
97.620000 8.040607
97.650000 8.058941
97.680000 8.077000
97.710000 8.094829
97.740000 8.112476
97.770000 8.129984
97.800000 8.147399
97.830000 8.164765
97.860000 8.182126
97.890000 8.199524
97.920000 8.217002
97.950000 8.234602
97.980000 8.252363
98.010000 8.270325
98.040000 8.288529
98.070000 8.307012
98.100000 8.325810
98.130000 8.344962
98.160000 8.364502
98.190000 8.384465
98.220000 8.404884
98.250000 8.425793
98.280000 8.447224
98.310000 8.469206
98.340000 8.491771
98.370000 8.514947
98.400000 8.538763
98.430000 8.563245
98.460000 8.588419
98.490000 8.614310
98.520000 8.640944
98.550000 8.668342
98.580000 8.696527
98.610000 8.725519
98.640000 8.755340
98.670000 8.786007
98.700000 8.817538
98.730000 8.849951
98.760000 8.883261
98.790000 8.917482
98.820000 8.952628
98.850000 8.988711
98.880000 9.025742
98.910000 9.063730
98.940000 9.102684
98.970000 9.142611
99.000000 9.183517
99.030000 9.225407
99.060000 9.268282
99.090000 9.312146
99.120000 9.356998
99.150000 9.402838
99.180000 9.449661
99.210000 9.497464
99.240000 9.546241
99.270000 9.595985
99.300000 9.646686
99.330000 9.698334
99.360000 9.750916
99.390000 9.804419
99.420000 9.858825
99.450000 9.914119
99.480000 9.970281
99.510000 10.027289
99.540000 10.085121
99.570000 10.143753
99.600000 10.203159
99.630000 10.263312
99.660000 10.324180
99.690000 10.385734
99.720000 10.447941
99.750000 10.510766
99.780000 10.574174
99.810000 10.638128
99.840000 10.702588
99.870000 10.767514
99.900000 10.832865
99.930000 10.898599
99.960000 10.964670
99.990000 11.031035
100.020000 11.097646
100.050000 11.164457
100.080000 11.231420
100.110000 11.298487
100.140000 11.365607
100.170000 11.432731
100.200000 11.499809
100.230000 11.566790
100.260000 11.633622
100.290000 11.700256
100.320000 11.766639
100.350000 11.832721
100.380000 11.898452
100.410000 11.963780
100.440000 12.028657
100.470000 12.093033
100.500000 12.156859
100.530000 12.220088
100.560000 5.999488
100.590000 6.061384
100.620000 6.122546
100.650000 6.182932
100.680000 6.242500
100.710000 6.301210
100.740000 6.359024
100.770000 6.415905
100.800000 6.471818
100.830000 6.526730
100.860000 6.580611
100.890000 6.633432
100.920000 6.685166
100.950000 6.735788
100.980000 6.785277
101.010000 6.833611
101.040000 6.880774
101.070000 6.926750
101.100000 6.971526
101.130000 7.015092
101.160000 7.057437
101.190000 7.098558
101.220000 7.138449
101.250000 7.177110
101.280000 7.214541
101.310000 7.250745
101.340000 7.285727
101.370000 7.319495
101.400000 7.352058
101.430000 7.383428
101.460000 7.413617
101.490000 7.442642
101.520000 7.470518
101.550000 7.497266
101.580000 7.522906
101.610000 7.547459
101.640000 7.570949
101.670000 7.593402
101.700000 7.614843
101.730000 7.635301
101.760000 7.654804
101.790000 7.673381
101.820000 7.691064
101.850000 7.707885
101.880000 7.723875
101.910000 7.739069
101.940000 7.753500
101.970000 7.767202
102.000000 7.780211
102.030000 7.792561
102.060000 7.804289
102.090000 7.815430
102.120000 7.826020
102.150000 7.836096
102.180000 7.845693
102.210000 7.854847
102.240000 7.863596
102.270000 7.871974
102.300000 7.880017
102.330000 7.887760
102.360000 7.895239
102.390000 7.902488
102.420000 7.909541
102.450000 7.916432
102.480000 7.923195
102.510000 7.929861
102.540000 7.936464
102.570000 7.943035
102.600000 7.949605
102.630000 7.956204
102.660000 7.962862
102.690000 7.969608
102.720000 7.976471
102.750000 7.983477
102.780000 7.990655
102.810000 7.998030
102.840000 8.005627
102.870000 8.013473
102.900000 8.021590
102.930000 8.030002
102.960000 8.038732
102.990000 8.047803
103.020000 8.057234
103.050000 8.067048
103.080000 8.077263
103.110000 8.087899
103.140000 8.098975
103.170000 8.110509
103.200000 8.122517
103.230000 8.135018
103.260000 8.148025
103.290000 8.161556
103.320000 8.175624
103.350000 8.190244
103.380000 8.205430
103.410000 8.221194
103.440000 8.237549
103.470000 8.254507
103.500000 8.272079
103.530000 8.290276
103.560000 8.309108
103.590000 8.328584
103.620000 8.348713
103.650000 8.369504
103.680000 8.390965
103.710000 8.413104
103.740000 8.435926
103.770000 8.459438
103.800000 8.483646
103.830000 8.508555
103.860000 8.534168
103.890000 8.560491
103.920000 8.587525
103.950000 8.615274
103.980000 8.643740
104.010000 8.672923
104.040000 8.702824
104.070000 8.733443
104.100000 8.764778
104.130000 8.796829
104.160000 8.829593
104.190000 8.863067
104.220000 8.897245
104.250000 8.932124
104.280000 8.967698
104.310000 9.003960
104.340000 9.040903
104.370000 9.078517
104.400000 9.116794
104.430000 9.155723
104.460000 9.195292
104.490000 9.235490
104.520000 9.276302
104.550000 9.317715
104.580000 9.359711
104.610000 9.402276
104.640000 9.445391
104.670000 9.489038
104.700000 9.533196
104.730000 9.577845
104.760000 9.622962
104.790000 9.668526
104.820000 9.714511
104.850000 9.760894
104.880000 9.807647
104.910000 9.854745
104.940000 9.902160
104.970000 9.949862
105.000000 9.997824
105.030000 10.046014
105.060000 10.094403
105.090000 10.142960
105.120000 10.191652
105.150000 10.240448
105.180000 10.289315
105.210000 10.338221
105.240000 10.387133
105.270000 4.152832
105.300000 4.201658
105.330000 4.250391
105.360000 4.299000
105.390000 4.347453
105.420000 4.395717
105.450000 4.443762
105.480000 4.491557
105.510000 4.539072
105.540000 4.586279
105.570000 4.633150
105.600000 4.679656
105.630000 4.725772
105.660000 4.771474
105.690000 4.816736
105.720000 4.861537
105.750000 4.905854
105.780000 4.949668
105.810000 4.992960
105.840000 5.035712
105.870000 5.077909
105.900000 5.119535
105.930000 5.160578
105.960000 5.201025
105.990000 5.240866
106.020000 5.280092
106.050000 5.318696
106.080000 5.356670
106.110000 5.394011
106.140000 5.430714
106.170000 5.466778
106.200000 5.502200
106.230000 5.536982
106.260000 5.571124
106.290000 5.604630
106.320000 5.637502
106.350000 5.669746
106.380000 5.701366
106.410000 5.732370
106.440000 5.762764
106.470000 5.792558
106.500000 5.821759
106.530000 5.850379
106.560000 5.878427
106.590000 5.905916
106.620000 5.932856
106.650000 5.959260
106.680000 5.985140
106.710000 6.010512
106.740000 6.035387
106.770000 6.059781
106.800000 6.083708
106.830000 6.107184
106.860000 6.130222
106.890000 6.152839
106.920000 6.175051
106.950000 6.196873
106.980000 6.218322
107.010000 6.239413
107.040000 6.260164
107.070000 6.280590
107.100000 6.300708
107.130000 6.320535
107.160000 6.340087
107.190000 6.359381
107.220000 6.378434
107.250000 6.397262
107.280000 6.415882
107.310000 6.434310
107.340000 6.452563
107.370000 6.470658
107.400000 6.488610
107.430000 6.506437
107.460000 6.524154
107.490000 6.541778
107.520000 6.559325
107.550000 6.576811
107.580000 6.594251
107.610000 6.611662
107.640000 6.629059
107.670000 6.646459
107.700000 6.663876
107.730000 6.681325
107.760000 6.698824
107.790000 6.716385
107.820000 6.734025
107.850000 6.751760
107.880000 6.769602
107.910000 6.787569
107.940000 6.805673
107.970000 6.823931
108.000000 6.842356
108.030000 6.860964
108.060000 6.879768
108.090000 6.898783
108.120000 6.918024
108.150000 6.937504
108.180000 6.957238
108.210000 6.977240
108.240000 6.997524
108.270000 7.018104
108.300000 7.038994
108.330000 7.060207
108.360000 7.081759
108.390000 7.103662
108.420000 7.125930
108.450000 7.148578
108.480000 7.171619
108.510000 7.195066
108.540000 7.218934
108.570000 7.243235
108.600000 7.267985
108.630000 7.293195
108.660000 7.318881
108.690000 7.345054
108.720000 7.371730
108.750000 7.398920
108.780000 7.426640
108.810000 7.454902
108.840000 7.483719
108.870000 7.513105
108.900000 7.543073
108.930000 7.573635
108.960000 7.604806
108.990000 7.636598
109.020000 7.669024
109.050000 7.702096
109.080000 7.735827
109.110000 7.770230
109.140000 7.805315
109.170000 7.841096
109.200000 7.877583
109.230000 7.914787
109.260000 7.952721
109.290000 7.991393
109.320000 8.030814
109.350000 8.070994
109.380000 8.111941
109.410000 8.153663
109.440000 8.196168
109.470000 8.239463
109.500000 8.283554
109.530000 8.328446
109.560000 8.374143
109.590000 8.420647
109.620000 8.467961
109.650000 8.516085
109.680000 8.565018
109.710000 8.614758
109.740000 8.665301
109.770000 8.716641
109.800000 8.768771
109.830000 8.821681
109.860000 8.875361
109.890000 8.929798
109.920000 8.984975
109.950000 9.040876
109.980000 9.097481
110.010000 9.154766
110.040000 9.212709
110.070000 9.271281
110.100000 9.330453
110.130000 9.390193
110.160000 9.450467
110.190000 9.511238
110.220000 9.572466
110.250000 9.634111
110.280000 9.696128
110.310000 9.758472
110.340000 9.821095
110.370000 9.883947
110.400000 9.946978
110.430000 10.010135
110.460000 10.073365
110.490000 10.136613
110.520000 10.199824
110.550000 10.262942
110.580000 10.325912
110.610000 10.388678
110.640000 4.168000
110.670000 4.230194
110.700000 4.292021
110.730000 4.353430
110.760000 4.414369
110.790000 4.474790
110.820000 4.534645
110.850000 4.593891
110.880000 4.652485
110.910000 4.710387
110.940000 4.767560
110.970000 4.823971
111.000000 4.879587
111.030000 4.934382
111.060000 4.988328
111.090000 5.041406
111.120000 5.093594
111.150000 5.144879
111.180000 5.195246
111.210000 5.244686
111.240000 5.293191
111.270000 5.340758
111.300000 5.387386
111.330000 5.433074
111.360000 5.477828
111.390000 5.521653
111.420000 5.564557
111.450000 5.606551
111.480000 5.647648
111.510000 5.687861
111.540000 5.727206
111.570000 5.765702
111.600000 5.803367
111.630000 5.840221
111.660000 5.876287
111.690000 5.911585
111.720000 5.946141
111.750000 5.979979
111.780000 6.013123
111.810000 6.045600
111.840000 6.077436
111.870000 6.108657
111.900000 6.139291
111.930000 6.169365
111.960000 6.198907
111.990000 6.227944
112.020000 6.256505
112.050000 6.284617
112.080000 6.312309
112.110000 6.339608
112.140000 6.366543
112.170000 6.393139
112.200000 6.419426
112.230000 6.445430
112.260000 6.471179
112.290000 6.496698
112.320000 6.522014
112.350000 6.547154
112.380000 6.572142
112.410000 6.597005
112.440000 6.621767
112.470000 6.646453
112.500000 6.671086
112.530000 6.695691
112.560000 6.720291
112.590000 6.744909
112.620000 6.769567
112.650000 6.794286
112.680000 6.819089
112.710000 6.843996
112.740000 6.869027
112.770000 6.894202
112.800000 6.919541
112.830000 6.945063
112.860000 6.970785
112.890000 6.996725
112.920000 7.022900
112.950000 7.049327
112.980000 7.076022
113.010000 7.103000
113.040000 7.130275
113.070000 7.157861
113.100000 7.185773
113.130000 7.214021
113.160000 7.242620
113.190000 7.271579
113.220000 7.300909
113.250000 7.330620
113.280000 7.360722
113.310000 7.391223
113.340000 7.422130
113.370000 7.453450
113.400000 7.485189
113.430000 7.517354
113.460000 7.549947
113.490000 7.582974
113.520000 7.616438
113.550000 7.650339
113.580000 7.684681
113.610000 7.719464
113.640000 7.754687
113.670000 7.790350
113.700000 7.826452
113.730000 7.862990
113.760000 7.899961
113.790000 7.937362
113.820000 7.975189
113.850000 8.013436
113.880000 8.052098
113.910000 8.091170
113.940000 8.130645
113.970000 8.170516
114.000000 8.210775
114.030000 8.251416
114.060000 8.292429
114.090000 8.333807
114.120000 8.375541
114.150000 8.417623
114.180000 8.460043
114.210000 8.502794
114.240000 8.545866
114.270000 8.589250
114.300000 8.632939
114.330000 8.676924
114.360000 8.721197
114.390000 8.765751
114.420000 8.810577
114.450000 8.855671
114.480000 8.901024
114.510000 8.946633
114.540000 8.992490
114.570000 9.038593
114.600000 9.084937
114.630000 9.131520
114.660000 9.178339
114.690000 9.225392
114.720000 9.272680
114.750000 9.320202
114.780000 9.367960
114.810000 9.415955
114.840000 9.464189
114.870000 9.512667
114.900000 9.561392
114.930000 9.610370
114.960000 9.659605
114.990000 9.709105
115.020000 9.758876
115.050000 9.808926
115.080000 9.859261
115.110000 9.909891
115.140000 9.960823
115.170000 10.012066
115.200000 10.063629
115.230000 10.115519
115.260000 10.167744
115.290000 10.220312
115.320000 10.273230
115.350000 10.326505
115.380000 10.380141
115.410000 10.434143
115.440000 10.488513
115.470000 10.543254
115.500000 10.598364
115.530000 10.653843
115.560000 10.709687
115.590000 10.765889
115.620000 10.822442
115.650000 10.879335
115.680000 10.936554
115.710000 10.994084
115.740000 11.051908
115.770000 11.110003
115.800000 11.168345
115.830000 11.226908
115.860000 11.285663
115.890000 11.344577
115.920000 11.403616
115.950000 11.462741
115.980000 11.521914
116.010000 11.581093
116.040000 11.640234
116.070000 11.699291
116.100000 11.758219
116.130000 11.816969
116.160000 11.875493
116.190000 11.933742
116.220000 11.991668
116.250000 12.049221
116.280000 5.823170
116.310000 5.879836
116.340000 5.935991
116.370000 5.991590
116.400000 6.046591
116.430000 6.100955
116.460000 6.154646
116.490000 6.207628
116.520000 6.259872
116.550000 6.311348
116.580000 6.362033
116.610000 6.411905
116.640000 6.460946
116.670000 6.509141
116.700000 6.556480
116.730000 6.602953
116.760000 6.648558
116.790000 6.693292
116.820000 6.737158
116.850000 6.780160
116.880000 6.822305
116.910000 6.863604
116.940000 6.904070
116.970000 6.943718
117.000000 6.982564
117.030000 7.020629
117.060000 7.057931
117.090000 7.094495
117.120000 7.130343
117.150000 7.165501
117.180000 7.199993
117.210000 7.233849
117.240000 7.267093
117.270000 7.299755
117.300000 7.331863
117.330000 7.363445
117.360000 7.394531
117.390000 7.425148
117.420000 7.455326
117.450000 7.485092
117.480000 7.514475
117.510000 7.543503
117.540000 7.572203
117.570000 7.600600
117.600000 7.628722
117.630000 7.656594
117.660000 7.684241
117.690000 7.711685
117.720000 7.738950
117.750000 7.766059
117.780000 7.793032
117.810000 7.819890
117.840000 7.846652
117.870000 7.873337
117.900000 7.899961
117.930000 7.926541
117.960000 7.953092
117.990000 7.979629
118.020000 8.006163
118.050000 8.032708
118.080000 8.059273
118.110000 8.085869
118.140000 8.112504
118.170000 8.139184
118.200000 8.165916
118.230000 8.192705
118.260000 8.219554
118.290000 8.246466
118.320000 8.273442
118.350000 8.300481
118.380000 8.327581
118.410000 8.354741
118.440000 8.381957
118.470000 8.409222
118.500000 8.436529
118.530000 8.463872
118.560000 8.491241
118.590000 8.518624
118.620000 8.546009
118.650000 8.573384
118.680000 8.600734
118.710000 8.628042
118.740000 8.655290
118.770000 8.682460
118.800000 8.709533
118.830000 8.736485
118.860000 8.763294
118.890000 8.789937
118.920000 8.816388
118.950000 8.842620
118.980000 8.868606
119.010000 8.894317
119.040000 8.919721
119.070000 8.944790
119.100000 8.969489
119.130000 8.993787
119.160000 9.017648
119.190000 9.041039
119.220000 9.063923
119.250000 9.086264
119.280000 9.108025
119.310000 2.845983
119.340000 2.866470
119.370000 2.886263
119.400000 2.905323
119.430000 2.923612
119.460000 2.941089
119.490000 2.957716
119.520000 2.973453
119.550000 2.988263
119.580000 3.002107
119.610000 3.014945
119.640000 3.026742
119.670000 3.037459
119.700000 3.047060
119.730000 3.055511
119.760000 3.062776
119.790000 3.068822
119.820000 3.073618
119.850000 3.077131
119.880000 3.079334
119.910000 3.080197
119.940000 3.079694
119.970000 3.077802
120.000000 3.074498
