.030000 .000999
.060000 .000997
.090000 .000995
.120000 .000991
.150000 .000987
.180000 .000982
.210000 .000976
.240000 .000970
.270000 .000962
.300000 .000954
.330000 .000945
.360000 .000936
.390000 .000925
.420000 .000915
.450000 .000903
.480000 .000891
.510000 .000878
.540000 .000865
.570000 .000851
.600000 .000836
.630000 .000821
.660000 .000806
.690000 .000790
.720000 .000774
.750000 .000757
.780000 .000740
.810000 .000722
.840000 .000704
.870000 .000685
.900000 .000667
.930000 .000648
.960000 .000628
.990000 .000609
1.020000 .000589
1.050000 .000569
1.080000 .000549
1.110000 .000528
1.140000 .000507
1.170000 .000487
1.200000 .000466
1.230000 .000445
1.260000 .000424
1.290000 .000403
1.320000 .000382
1.350000 .000360
1.380000 .000339
1.410000 .000318
1.440000 .000297
1.470000 .000276
1.500000 .000255
1.530000 .000234
1.560000 .000213
1.590000 .000192
1.620000 .000172
1.650000 .000152
1.680000 .000131
1.710000 .000111
1.740000 .000092
1.770000 .000072
1.800000 .000053
1.830000 .000033
1.860000 .000015
1.890000 .000004
1.920000 .000022
1.950000 .000040
1.980000 .000058
2.010000 .000075
2.040000 .000093
2.070000 .000109
2.100000 .000126
2.130000 .000142
2.160000 .000157
2.190000 .000173
2.220000 .000188
2.250000 .000202
2.280000 .000216
2.310000 .000230
2.340000 .000243
2.370000 .000256
2.400000 .000269
2.430000 .000281
2.460000 .000293
2.490000 .000304
2.520000 .000315
2.550000 .000325
2.580000 .000335
2.610000 .000345
2.640000 .000354
2.670000 .000362
2.700000 .000371
2.730000 .000379
2.760000 .000386
2.790000 .000393
2.820000 .000399
2.850000 .000405
2.880000 .000411
2.910000 .000416
2.940000 .000421
2.970000 .000426
3.000000 .000430
3.030000 .000433
3.060000 .000436
3.090000 .000439
3.120000 .000442
3.150000 .000444
3.180000 .000445
3.210000 .000447
3.240000 .000448
3.270000 .000448
3.300000 .000448
3.330000 .000448
3.360000 .000448
3.390000 .000447
3.420000 .000445
3.450000 .000444
3.480000 .000442
3.510000 .000440
3.540000 .000437
3.570000 .000435
3.600000 .000432
3.630000 .000428
3.660000 .000425
3.690000 .000421
3.720000 .000417
3.750000 .000412
3.780000 .000408
3.810000 .000403
3.840000 .000398
3.870000 .000392
3.900000 .000387
3.930000 .000381
3.960000 .000375
3.990000 .000369
4.020000 .000362
4.050000 .000356
4.080000 .000349
4.110000 .000342
4.140000 .000335
4.170000 .000328
4.200000 .000321
4.230000 .000313
4.260000 .000306
4.290000 .000298
4.320000 .000290
4.350000 .000283
4.380000 .000275
4.410000 .000266
4.440000 .000258
4.470000 .000250
4.500000 .000242
4.530000 .000233
4.560000 .000225
4.590000 .000216
4.620000 .000208
4.650000 .000199
4.680000 .000191
4.710000 .000182
4.740000 .000174
4.770000 .000165
4.800000 .000156
4.830000 .000148
4.860000 .000139
4.890000 .000130
4.920000 .000122
4.950000 .000113
4.980000 .000105
5.010000 .000096
5.040000 .000088
5.070000 .000080
5.100000 .000071
5.130000 .000063
5.160000 .000055
5.190000 .000047
5.220000 .000039
5.250000 .000031
5.280000 .000023
5.310000 .000015
5.340000 .000007
5.400000 .000007
5.430000 .000015
5.460000 .000022
5.490000 .000029
5.520000 .000036
5.550000 .000043
5.580000 .000049
5.610000 .000056
5.640000 .000062
5.670000 .000068
5.700000 .000075
5.730000 .000080
5.760000 .000086
5.790000 .000092
5.820000 .000097
5.850000 .000102
5.880000 .000107
5.910000 .000112
5.940000 .000117
5.970000 .000122
6.000000 .000126
6.030000 .000130
6.060000 .000134
6.090000 .000138
6.120000 .000142
6.150000 .000145
6.180000 .000148
6.210000 .000151
6.240000 .000154
6.270000 .000157
6.300000 .000160
6.330000 .000162
6.360000 .000164
6.390000 .000166
6.420000 .000168
6.450000 .000170
6.480000 .000171
6.510000 .000173
6.540000 .000174
6.570000 .000175
6.600000 .000176
6.630000 .000176
6.660000 .000177
6.690000 .000177
6.720000 .000178
6.750000 .000178
6.780000 .000178
6.810000 .000177
6.840000 .000177
6.870000 .000177
6.900000 .000176
6.930000 .000175
6.960000 .000174
6.990000 .000173
7.020000 .000172
7.050000 .000171
7.080000 .000170
7.110000 .000168
7.140000 .000167
7.170000 .000165
7.200000 .000164
7.230000 .000162
7.260000 .000160
7.290000 .000158
7.320000 .000156
7.350000 .000154
7.380000 .000151
7.410000 .000149
7.440000 .000147
7.470000 .000144
7.500000 .000142
7.530000 .000139
7.560000 .000137
7.590000 .000134
7.620000 .000132
7.650000 .000129
7.680000 .000126
7.710000 .000123
7.740000 .000120
7.770000 .000118
7.800000 .000115
7.830000 .000112
7.860000 .000109
7.890000 .000106
7.920000 .000103
7.950000 .000100
7.980000 .000097
8.010000 .000094
8.040000 .000091
8.070000 .000088
8.100000 .000085
8.130000 .000081
8.160000 .000078
8.190000 .000075
8.220000 .000072
8.250000 .000069
8.280000 .000066
8.310000 .000063
8.340000 .000060
8.370000 .000057
8.400000 .000054
8.430000 .000051
8.460000 .000048
8.490000 .000045
8.520000 .000042
8.550000 .000039
8.580000 .000036
8.610000 .000033
8.640000 .000030
8.670000 .000028
8.700000 .000025
8.730000 .000022
8.760000 .000019
8.790000 .000016
8.820000 .000014
8.850000 .000011
8.880000 .000008
8.910000 .000006
8.940000 .000003
9.000000 .000002
9.030000 .000004
9.060000 .000007
9.090000 .000009
9.120000 .000012
9.150000 .000014
9.180000 .000016
9.210000 .000018
9.240000 .000020
9.270000 .000023
9.300000 .000025
9.330000 .000027
9.360000 .000029
9.390000 .000031
9.420000 .000032
9.450000 .000034
9.480000 .000036
9.510000 .000038
9.540000 .000039
9.570000 .000041
9.600000 .000042
9.630000 .000044
9.660000 .000045
9.690000 .000047
9.720000 .000048
9.750000 .000049
9.780000 .000050
9.810000 .000052
9.840000 .000053
9.870000 .000054
9.900000 .000055
9.930000 .000056
9.960000 .000056
9.990000 .000057
10.020000 .000058
10.050000 .000058
10.080000 .000059
10.110000 .000060
10.140000 .000060
10.170000 .000060
10.200000 .000061
10.230000 .000061
10.260000 .000061
10.290000 .000061
10.320000 .000062
10.350000 .000062
10.380000 .000062
10.410000 .000062
10.440000 .000061
10.470000 .000061
10.500000 .000061
10.530000 .000061
10.560000 .000060
10.590000 .000060
10.620000 .000060
10.650000 .000059
10.680000 .000059
10.710000 .000058
10.740000 .000058
10.770000 .000057
10.800000 .000056
10.830000 .000055
10.860000 .000055
10.890000 .000054
10.920000 .000053
10.950000 .000052
10.980000 .000051
11.010000 .000050
11.040000 .000049
11.070000 .000048
11.100000 .000047
11.130000 .000046
11.160000 .000045
11.190000 .000044
11.220000 .000043
11.250000 .000042
11.280000 .000041
11.310000 .000040
11.340000 .000039
11.370000 .000037
11.400000 .000036
11.430000 .000035
11.460000 .000034
11.490000 .000033
11.520000 .000031
11.550000 .000030
11.580000 .000029
11.610000 .000028
11.640000 .000027
11.670000 .000025
11.700000 .000024
11.730000 .000023
11.760000 .000022
11.790000 .000020
11.820000 .000019
11.850000 .000018
11.880000 .000017
11.910000 .000016
11.940000 .000014
11.970000 .000013
12.000000 .000012
12.030000 .000011
12.060000 .000010
12.090000 .000009
12.120000 .000007
12.150000 .000006
12.180000 .000005
12.210000 .000004
12.240000 .000003
12.270000 .000002
12.360000 .000001
12.390000 .000002
12.420000 .000003
12.450000 .000004
12.480000 .000005
12.510000 .000006
12.540000 .000007
12.570000 .000008
12.600000 .000009
12.630000 .000009
12.660000 .000010
12.690000 .000011
12.720000 .000012
12.750000 .000013
12.780000 .000014
12.810000 .000014
12.840000 .000015
12.870000 .000016
12.900000 .000016
12.930000 .000017
12.960000 .000018
12.990000 .000018
13.020000 .000019
13.050000 .000020
13.080000 .000020
13.110000 .000021
13.140000 .000021
13.170000 .000022
13.200000 .000022
13.230000 .000023
13.260000 .000023
13.290000 .000024
13.320000 .000024
13.350000 .000024
13.380000 .000025
13.410000 .000025
13.440000 .000025
13.470000 .000026
13.500000 .000026
13.530000 .000026
13.560000 .000027
13.590000 .000027
13.620000 .000027
13.650000 .000027
13.680000 .000027
13.710000 .000027
13.740000 .000028
13.770000 .000028
13.800000 .000028
13.830000 .000028
13.860000 .000028
13.890000 .000028
13.920000 .000028
13.950000 .000028
13.980000 .000028
14.010000 .000028
14.040000 .000028
14.070000 .000027
14.100000 .000027
14.130000 .000027
14.160000 .000027
14.190000 .000027
14.220000 .000027
14.250000 .000026
14.280000 .000026
14.310000 .000026
14.340000 .000026
14.370000 .000025
14.400000 .000025
14.430000 .000025
14.460000 .000024
14.490000 .000024
14.520000 .000024
14.550000 .000023
14.580000 .000023
14.610000 .000023
14.640000 .000022
14.670000 .000022
14.700000 .000021
14.730000 .000021
14.760000 .000020
14.790000 .000020
14.820000 .000019
14.850000 .000019
14.880000 .000018
14.910000 .000018
14.940000 .000017
14.970000 .000017
15.000000 .000016
15.030000 .000016
15.060000 .000015
15.090000 .000015
15.120000 .000014
15.150000 .000013
15.180000 .000013
15.210000 .000012
15.240000 .000012
15.270000 .000011
15.300000 .000011
15.330000 .000010
15.360000 .000009
15.390000 .000009
15.420000 .000008
15.450000 .000008
15.480000 .000007
15.510000 .000006
15.540000 .000006
15.570000 .000005
15.600000 .000005
15.630000 .000004
15.660000 .000004
15.690000 .000003
15.720000 .000003
15.750000 .000002
15.780000 .000001
15.930000 .000001
15.960000 .000002
15.990000 .000002
16.020000 .000002
16.050000 .000003
16.080000 .000003
16.110000 .000004
16.140000 .000004
16.170000 .000005
16.200000 .000005
16.230000 .000006
16.260000 .000006
16.290000 .000006
16.320000 .000007
16.350000 .000007
16.380000 .000007
16.410000 .000008
16.440000 .000008
16.470000 .000008
16.500000 .000009
16.530000 .000009
16.560000 .000009
16.590000 .000010
16.620000 .000010
16.650000 .000010
16.680000 .000010
16.710000 .000011
16.740000 .000011
16.770000 .000011
16.800000 .000011
16.830000 .000011
16.860000 .000012
16.890000 .000012
16.920000 .000012
16.950000 .000012
16.980000 .000012
17.010000 .000012
17.040000 .000012
17.070000 .000013
17.100000 .000013
17.130000 .000013
17.160000 .000013
17.190000 .000013
17.220000 .000013
17.250000 .000013
17.280000 .000013
17.310000 .000013
17.340000 .000013
17.370000 .000013
17.400000 .000013
17.430000 .000013
17.460000 .000013
17.490000 .000013
17.520000 .000013
17.550000 .000013
17.580000 .000013
17.610000 .000013
17.640000 .000013
17.670000 .000013
17.700000 .000013
17.730000 .000013
17.760000 .000013
17.790000 .000013
17.820000 .000013
17.850000 .000013
17.880000 .000013
17.910000 .000013
17.940000 .000012
17.970000 .000012
18.000000 .000012
18.030000 .000012
18.060000 .000012
18.090000 .000012
18.120000 .000012
18.150000 .000012
18.180000 .000011
18.210000 .000011
18.240000 .000011
18.270000 .000011
18.300000 .000011
18.330000 .000011
18.360000 .000010
18.390000 .000010
18.420000 .000010
18.450000 .000010
18.480000 .000010
18.510000 .000009
18.540000 .000009
18.570000 .000009
18.600000 .000009
18.630000 .000009
18.660000 .000008
18.690000 .000008
18.720000 .000008
18.750000 .000008
18.780000 .000007
18.810000 .000007
18.840000 .000007
18.870000 .000007
18.900000 .000007
18.930000 .000006
18.960000 .000006
18.990000 .000006
19.020000 .000006
19.050000 .000005
19.080000 .000005
19.110000 .000005
19.140000 .000005
19.170000 .000004
19.200000 .000004
19.230000 .000004
19.260000 .000004
19.290000 .000003
19.320000 .000003
19.350000 .000003
19.380000 .000003
19.410000 .000002
19.440000 .000002
19.470000 .000002
19.500000 .000002
19.530000 .000002
19.560000 .000001
19.590000 .000001
19.890000 .000001
19.920000 .000001
19.950000 .000001
19.980000 .000002
20.010000 .000002
20.040000 .000002
20.070000 .000002
20.100000 .000002
20.130000 .000002
20.160000 .000003
20.190000 .000003
20.220000 .000003
20.250000 .000003
20.280000 .000003
20.310000 .000003
20.340000 .000004
20.370000 .000004
20.400000 .000004
20.430000 .000004
20.460000 .000004
20.490000 .000004
20.520000 .000004
20.550000 .000004
20.580000 .000004
20.610000 .000004
20.640000 .000005
20.670000 .000005
20.700000 .000005
20.730000 .000005
20.760000 .000005
20.790000 .000005
20.820000 .000005
20.850000 .000005
20.880000 .000005
20.910000 .000005
20.940000 .000005
20.970000 .000005
21.000000 .000005
21.030000 .000005
21.060000 .000005
21.090000 .000005
21.120000 .000005
21.150000 .000005
21.180000 .000005
21.210000 .000005
21.240000 .000005
21.270000 .000005
21.300000 .000005
21.330000 .000005
21.360000 .000005
21.390000 .000005
21.420000 .000005
21.450000 .000005
21.480000 .000005
21.510000 .000005
21.540000 .000005
21.570000 .000005
21.600000 .000005
21.630000 .000005
21.660000 .000005
21.690000 .000005
21.720000 .000005
21.750000 .000005
21.780000 .000005
21.810000 .000005
21.840000 .000004
21.870000 .000004
21.900000 .000004
21.930000 .000004
21.960000 .000004
21.990000 .000004
22.020000 .000004
22.050000 .000004
22.080000 .000004
22.110000 .000004
22.140000 .000004
22.170000 .000004
22.200000 .000004
22.230000 .000004
22.260000 .000004
22.290000 .000003
22.320000 .000003
22.350000 .000003
22.380000 .000003
22.410000 .000003
22.440000 .000003
22.470000 .000003
22.500000 .000003
22.530000 .000003
22.560000 .000003
22.590000 .000003
22.620000 .000003
22.650000 .000002
22.680000 .000002
22.710000 .000002
22.740000 .000002
22.770000 .000002
22.800000 .000002
22.830000 .000002
22.860000 .000002
22.890000 .000002
22.920000 .000002
22.950000 .000002
22.980000 .000002
23.010000 .000001
23.040000 .000001
23.070000 .000001
23.100000 .000001
23.130000 .000001
23.160000 .000001
24.060000 .000001
24.090000 .000001
24.120000 .000001
24.150000 .000001
24.180000 .000001
24.210000 .000001
24.240000 .000001
24.270000 .000001
24.300000 .000001
24.330000 .000001
24.360000 .000001
24.390000 .000001
24.420000 .000001
24.450000 .000002
24.480000 .000002
24.510000 .000002
24.540000 .000002
24.570000 .000002
24.600000 .000002
24.630000 .000002
24.660000 .000002
24.690000 .000002
24.720000 .000002
24.750000 .000002
24.780000 .000002
24.810000 .000002
24.840000 .000002
24.870000 .000002
24.900000 .000002
24.930000 .000002
24.960000 .000002
24.990000 .000002
25.020000 .000002
25.050000 .000002
25.080000 .000002
25.110000 .000002
25.140000 .000002
25.170000 .000002
25.200000 .000002
25.230000 .000002
25.260000 .000002
25.290000 .000002
25.320000 .000002
25.350000 .000002
25.380000 .000002
25.410000 .000002
25.440000 .000002
25.470000 .000001
25.500000 .000001
25.530000 .000001
25.560000 .000001
25.590000 .000001
25.620000 .000001
25.650000 .000001
25.680000 .000001
25.710000 .000001
25.740000 .000001
25.770000 .000001
25.800000 .000001
25.830000 .000001
25.860000 .000001
25.890000 .000001
25.920000 .000001
25.950000 .000001
25.980000 .000001
26.010000 .000001
