.03000000 -6.90863591
.06000000 -6.91038551
.09000000 -6.91299412
.12000000 -6.91645336
.15000000 -6.92075640
.18000000 -6.92589789
.21000000 -6.93187394
.24000000 -6.93868206
.27000000 -6.94632115
.30000000 -6.95479151
.33000000 -6.96409480
.36000000 -6.97423409
.39000000 -6.98521381
.42000000 -6.99703988
.45000000 -7.00971962
.48000000 -7.02326192
.51000000 -7.03767719
.54000000 -7.05297752
.57000000 -7.06917671
.60000000 -7.08629037
.63000000 -7.10433606
.66000000 -7.12333341
.69000000 -7.14330427
.72000000 -7.16427288
.75000000 -7.18626610
.78000000 -7.20931361
.81000000 -7.23344818
.84000000 -7.25870601
.87000000 -7.28512704
.90000000 -7.31275541
.93000000 -7.34163990
.96000000 -7.37183448
.99000000 -7.40339900
1.02000000 -7.43639990
1.05000000 -7.47091114
1.08000000 -7.50701523
1.11000000 -7.54480454
1.14000000 -7.58438274
1.17000000 -7.62586667
1.20000000 -7.66938855
1.23000000 -7.71509863
1.26000000 -7.76316859
1.29000000 -7.81379563
1.32000000 -7.86720768
1.35000000 -7.92367004
1.38000000 -7.98349385
1.41000000 -8.04704716
1.44000000 -8.11476958
1.47000000 -8.18719194
1.50000000 -8.26496323
1.53000000 -8.34888829
1.56000000 -8.43998187
1.59000000 -8.53954834
1.62000000 -8.64930322
1.65000000 -8.77156618
1.68000000 -8.90958221
1.71000000 -9.06808976
1.74000000 -9.25440496
1.77000000 -9.48071305
1.80000000 -9.76965440
1.83000000 -10.17128621
1.86000000 -10.83998433
1.89000000 -13.62366932
1.92000000 -10.98807415
1.95000000 -10.26787295
1.98000000 -9.85914693
2.01000000 -9.57416814
2.04000000 -9.35622043
2.07000000 -9.18043998
2.10000000 -9.03368423
2.13000000 -8.90815432
2.16000000 -8.79883990
2.19000000 -8.70232942
2.22000000 -8.61619407
2.25000000 -8.53864257
2.28000000 -8.46831533
2.31000000 -8.40415551
2.34000000 -8.34532485
2.37000000 -8.29114689
2.40000000 -8.24106742
2.43000000 -8.19462642
2.46000000 -8.15143749
2.49000000 -8.11117269
2.52000000 -8.07355102
2.55000000 -8.03832967
2.58000000 -8.00529714
2.61000000 -7.97426789
2.64000000 -7.94507807
2.67000000 -7.91758209
2.70000000 -7.89164984
2.73000000 -7.86716443
2.76000000 -7.84402032
2.79000000 -7.82212177
2.82000000 -7.80138156
2.85000000 -7.78171989
2.88000000 -7.76306347
2.91000000 -7.74534478
2.94000000 -7.72850136
2.97000000 -7.71247527
3.00000000 -7.69721259
3.03000000 -7.68266305
3.06000000 -7.66877960
3.09000000 -7.65551815
3.12000000 -7.64283727
3.15000000 -7.63069794
3.18000000 -7.61906340
3.21000000 -7.60789890
3.24000000 -7.59717158
3.27000000 -7.58685031
3.30000000 -7.57690559
3.33000000 -7.56730940
3.36000000 -7.55803516
3.39000000 -7.54905759
3.42000000 -7.54035266
3.45000000 -7.53189752
3.48000000 -7.52367045
3.51000000 -7.51565079
3.54000000 -7.50781890
3.57000000 -7.50015612
3.60000000 -7.49264472
3.63000000 -7.48526788
3.66000000 -7.47800968
3.69000000 -7.47085501
3.72000000 -7.46378960
3.75000000 -7.45679999
3.78000000 -7.44987349
3.81000000 -7.44299817
3.84000000 -7.43616286
3.87000000 -7.42935710
3.90000000 -7.42257116
3.93000000 -7.41579600
3.96000000 -7.40902328
3.99000000 -7.40224533
4.02000000 -7.39545514
4.05000000 -7.38864637
4.08000000 -7.38181331
4.11000000 -7.37495089
4.14000000 -7.36805467
4.17000000 -7.36112081
4.20000000 -7.35414609
4.23000000 -7.34712788
4.26000000 -7.34006416
4.29000000 -7.33295345
4.32000000 -7.32579489
4.35000000 -7.31858815
4.38000000 -7.31133348
4.41000000 -7.30403168
4.44000000 -7.29668408
4.47000000 -7.28929257
4.50000000 -7.28185955
4.53000000 -7.27438796
4.56000000 -7.26688126
4.59000000 -7.25934342
4.62000000 -7.25177893
4.65000000 -7.24419278
4.68000000 -7.23659048
4.71000000 -7.22897801
4.74000000 -7.22136186
4.77000000 -7.21374904
4.80000000 -7.20614701
4.83000000 -7.19856375
4.86000000 -7.19100772
4.89000000 -7.18348788
4.92000000 -7.17601364
4.95000000 -7.16859495
4.98000000 -7.16124221
5.01000000 -7.15396631
5.04000000 -7.14677863
5.07000000 -7.13969105
5.10000000 -7.13271592
5.13000000 -7.12586607
5.16000000 -7.11915483
5.19000000 -7.11259599
5.22000000 -7.10620384
5.25000000 -7.09999314
5.28000000 -7.09397911
5.31000000 -7.08817746
5.34000000 -7.08260434
5.37000000 -7.07727637
5.40000000 -7.07221060
5.43000000 -7.06742451
5.46000000 -7.06293603
5.49000000 -7.05876345
5.52000000 -7.05492548
5.55000000 -7.05144118
5.58000000 -7.04832998
5.61000000 -7.04561160
5.64000000 -7.04330607
5.67000000 -7.04143368
5.70000000 -7.04001496
5.73000000 -7.03907063
5.76000000 -7.03862156
5.79000000 -7.03868875
5.82000000 -7.03929328
5.85000000 -7.04045625
5.88000000 -7.04219874
5.91000000 -7.04454180
5.94000000 -7.04750633
5.97000000 -7.05111310
6.00000000 -7.05538265
6.03000000 -7.06033527
6.06000000 -7.06599094
6.09000000 -7.07236929
6.12000000 -7.07948955
6.15000000 -7.08737052
6.18000000 -7.09603051
6.21000000 -7.10548733
6.24000000 -7.11575825
6.27000000 -7.12685998
6.30000000 -7.13880866
6.33000000 -7.15161987
6.36000000 -7.16530858
6.39000000 -7.17988922
6.42000000 -7.19537566
6.45000000 -7.21178126
6.48000000 -7.22911892
6.51000000 -7.24740110
6.54000000 -7.26663994
6.57000000 -7.28684730
6.60000000 -7.30803485
6.63000000 -7.33021423
6.66000000 -7.35339712
6.69000000 -7.37759542
6.72000000 -7.40282139
6.75000000 -7.42908784
6.78000000 -7.45640832
6.81000000 -7.48479737
6.84000000 -7.51427072
6.87000000 -7.54484563
6.90000000 -7.57654114
6.93000000 -7.60937846
6.96000000 -7.64338130
6.99000000 -7.67857637
7.02000000 -7.71499382
7.05000000 -7.75266781
7.08000000 -7.79163713
7.11000000 -7.83194593
7.14000000 -7.87364455
7.17000000 -7.91679048
7.20000000 -7.96144953
7.23000000 -8.00769708
7.26000000 -8.05561973
7.29000000 -8.10531716
7.32000000 -8.15690440
7.35000000 -8.21051461
7.38000000 -8.26630245
7.41000000 -8.32444834
7.44000000 -8.38516367
7.47000000 -8.44869758
7.50000000 -8.51534543
7.53000000 -8.58546009
7.56000000 -8.65946662
7.59000000 -8.73788214
7.62000000 -8.82134297
7.65000000 -8.91064265
7.68000000 -9.00678640
7.71000000 -9.11107158
7.74000000 -9.22521035
7.77000000 -9.35152461
7.80000000 -9.49327082
7.83000000 -9.65521523
7.86000000 -9.84473383
7.89000000 -10.07414238
7.92000000 -10.36639707
7.95000000 -10.77250532
7.98000000 -11.45142774
8.04000000 -11.55823110
8.07000000 -10.84856525
8.10000000 -10.44225641
8.13000000 -10.15737577
8.16000000 -9.93831137
8.19000000 -9.76055875
8.22000000 -9.61112685
8.25000000 -9.48229176
8.28000000 -9.36908486
8.31000000 -9.26812018
8.34000000 -9.17698619
8.37000000 -9.09390436
8.40000000 -9.01752544
8.43000000 -8.94680168
8.46000000 -8.88090338
8.49000000 -8.81916248
8.52000000 -8.76103343
8.55000000 -8.70606512
8.58000000 -8.65388061
8.61000000 -8.60416192
8.64000000 -8.55663867
8.67000000 -8.51107923
8.70000000 -8.46728399
8.73000000 -8.42507995
8.76000000 -8.38431647
8.79000000 -8.34486182
8.82000000 -8.30660040
8.85000000 -8.26943048
8.88000000 -8.23326230
8.91000000 -8.19801650
8.94000000 -8.16362282
8.97000000 -8.13001898
9.00000000 -8.09714978
9.03000000 -8.06496623
9.06000000 -8.03342494
9.09000000 -8.00248748
9.12000000 -7.97211987
9.15000000 -7.94229216
9.18000000 -7.91297801
9.21000000 -7.88415434
9.24000000 -7.85580107
9.27000000 -7.82790080
9.30000000 -7.80043859
9.33000000 -7.77340176
9.36000000 -7.74677965
9.39000000 -7.72056353
9.42000000 -7.69474633
9.45000000 -7.66932261
9.48000000 -7.64428834
9.51000000 -7.61964085
9.54000000 -7.59537865
9.57000000 -7.57150139
9.60000000 -7.54800976
9.63000000 -7.52490535
9.66000000 -7.50219063
9.69000000 -7.47986886
9.72000000 -7.45794399
9.75000000 -7.43642062
9.78000000 -7.41530394
9.81000000 -7.39459965
9.84000000 -7.37431394
9.87000000 -7.35445338
9.90000000 -7.33502494
9.93000000 -7.31603588
9.96000000 -7.29749374
9.99000000 -7.27940628
10.02000000 -7.26178146
10.05000000 -7.24462736
10.08000000 -7.22795221
10.11000000 -7.21176428
10.14000000 -7.19607188
10.17000000 -7.18088335
10.20000000 -7.16620700
10.23000000 -7.15205108
10.26000000 -7.13842378
10.29000000 -7.12533320
10.32000000 -7.11278730
10.35000000 -7.10079393
10.38000000 -7.08936075
10.41000000 -7.07849529
10.44000000 -7.06820488
10.47000000 -7.05849665
10.50000000 -7.04937756
10.53000000 -7.04085434
10.56000000 -7.03293353
10.59000000 -7.02562146
10.62000000 -7.01892426
10.65000000 -7.01284786
10.68000000 -7.00739800
10.71000000 -7.00258025
10.74000000 -6.99839999
10.77000000 -6.99486247
10.80000000 -6.99197280
10.83000000 -6.98973598
10.86000000 -6.98815690
10.89000000 -6.98724041
10.92000000 -6.98699130
10.95000000 -6.98741434
10.98000000 -6.98851436
11.01000000 -6.99029621
11.04000000 -6.99276483
11.07000000 -6.99592531
11.10000000 -6.99978289
11.13000000 -7.00434303
11.16000000 -7.00961143
11.19000000 -7.01559411
11.22000000 -7.02229742
11.25000000 -7.02972815
11.28000000 -7.03789350
11.31000000 -7.04680122
11.34000000 -7.05645962
11.37000000 -7.06687765
11.40000000 -7.07806499
11.43000000 -7.09003208
11.46000000 -7.10279022
11.49000000 -7.11635167
11.52000000 -7.13072972
11.55000000 -7.14593878
11.58000000 -7.16199453
11.61000000 -7.17891399
11.64000000 -7.19671565
11.67000000 -7.21541965
11.70000000 -7.23504792
11.73000000 -7.25562431
11.76000000 -7.27717486
11.79000000 -7.29972797
11.82000000 -7.32331464
11.85000000 -7.34796879
11.88000000 -7.37372754
11.91000000 -7.40063160
11.94000000 -7.42872564
11.97000000 -7.45805883
12.00000000 -7.48868537
12.03000000 -7.52066511
12.06000000 -7.55406434
12.09000000 -7.58895667
12.12000000 -7.62542405
12.15000000 -7.66355806
12.18000000 -7.70346138
12.21000000 -7.74524957
12.24000000 -7.78905328
12.27000000 -7.83502087
12.30000000 -7.88332170
12.33000000 -7.93415022
12.36000000 -7.98773103
12.39000000 -8.04432540
12.42000000 -8.10423958
12.45000000 -8.16783562
12.48000000 -8.23554564
12.51000000 -8.30789108
12.54000000 -8.38550884
12.57000000 -8.46918795
12.60000000 -8.55992197
12.63000000 -8.65898600
12.66000000 -8.76805393
12.69000000 -8.88938368
12.72000000 -9.02612435
12.75000000 -9.18285634
12.78000000 -9.36661483
12.81000000 -9.58903140
12.84000000 -9.87148147
12.87000000 -10.26035815
12.90000000 -10.89313784
12.93000000 -12.93551239
12.96000000 -11.21115139
12.99000000 -10.44106864
13.02000000 -10.01690534
13.05000000 -9.72434911
13.08000000 -9.50184458
13.11000000 -9.32297489
13.14000000 -9.17394631
13.17000000 -9.04663927
13.20000000 -8.93586756
13.23000000 -8.83811546
13.26000000 -8.75088891
13.29000000 -8.67235409
13.32000000 -8.60112285
13.35000000 -8.53611886
13.38000000 -8.47649054
13.41000000 -8.42155239
13.44000000 -8.37074436
13.47000000 -8.32360291
13.50000000 -8.27973999
13.53000000 -8.23882749
13.56000000 -8.20058549
13.59000000 -8.16477323
13.62000000 -8.13118223
13.65000000 -8.09963072
13.68000000 -8.06995937
13.71000000 -8.04202777
13.74000000 -8.01571161
13.77000000 -7.99090038
13.80000000 -7.96749550
13.83000000 -7.94540869
13.86000000 -7.92456075
13.89000000 -7.90488036
13.92000000 -7.88630323
13.95000000 -7.86877128
13.98000000 -7.85223199
14.01000000 -7.83663778
14.04000000 -7.82194557
14.07000000 -7.80811633
14.10000000 -7.79511468
14.13000000 -7.78290862
14.16000000 -7.77146921
14.19000000 -7.76077034
14.22000000 -7.75078851
14.25000000 -7.74150262
14.28000000 -7.73289382
14.31000000 -7.72494537
14.34000000 -7.71764247
14.37000000 -7.71097217
14.40000000 -7.70492323
14.43000000 -7.69948608
14.46000000 -7.69465268
14.49000000 -7.69041645
14.52000000 -7.68677223
14.55000000 -7.68371617
14.58000000 -7.68124572
14.61000000 -7.67935954
14.64000000 -7.67805746
14.67000000 -7.67734044
14.70000000 -7.67721052
14.73000000 -7.67767080
14.76000000 -7.67872537
14.79000000 -7.68037933
14.82000000 -7.68263869
14.85000000 -7.68551042
14.88000000 -7.68900236
14.91000000 -7.69312323
14.94000000 -7.69788260
14.97000000 -7.70329087
15.00000000 -7.70935927
15.03000000 -7.71609981
15.06000000 -7.72352532
15.09000000 -7.73164938
15.12000000 -7.74048639
15.15000000 -7.75005150
15.18000000 -7.76036066
15.21000000 -7.77143060
15.24000000 -7.78327887
15.27000000 -7.79592383
15.30000000 -7.80938471
15.33000000 -7.82368163
15.36000000 -7.83883564
15.39000000 -7.85486879
15.42000000 -7.87180418
15.45000000 -7.88966606
15.48000000 -7.90847989
15.51000000 -7.92827253
15.54000000 -7.94907227
15.57000000 -7.97090909
15.60000000 -7.99381477
15.63000000 -8.01782316
15.66000000 -8.04297038
15.69000000 -8.06929515
15.72000000 -8.09683913
15.75000000 -8.12564728
15.78000000 -8.15576838
15.81000000 -8.18725554
15.84000000 -8.22016680
15.87000000 -8.25456596
15.90000000 -8.29052339
15.93000000 -8.32811710
15.96000000 -8.36743396
15.99000000 -8.40857123
16.02000000 -8.45163827
16.05000000 -8.49675877
16.08000000 -8.54407334
16.11000000 -8.59374280
16.14000000 -8.64595214
16.17000000 -8.70091560
16.20000000 -8.75888306
16.23000000 -8.82014820
16.26000000 -8.88505915
16.29000000 -8.95403246
16.32000000 -9.02757187
16.35000000 -9.10629392
16.38000000 -9.19096359
16.41000000 -9.28254516
16.44000000 -9.38227695
16.47000000 -9.49178446
16.50000000 -9.61325874
16.53000000 -9.74975081
16.56000000 -9.90568663
16.59000000 -10.08783640
16.62000000 -10.30732435
16.65000000 -10.58439631
16.68000000 -10.96227257
16.71000000 -11.56462253
16.74000000 -13.24749822
16.77000000 -12.04891570
16.80000000 -11.22386087
16.83000000 -10.78347863
16.86000000 -10.48275584
16.89000000 -10.25496796
16.92000000 -10.07208162
16.95000000 -9.91963049
16.98000000 -9.78916209
17.01000000 -9.67530428
17.04000000 -9.57442758
17.07000000 -9.48396311
17.10000000 -9.40202472
17.13000000 -9.32718579
17.16000000 -9.25834042
17.19000000 -9.19461344
17.22000000 -9.13529995
17.25000000 -9.07982347
17.28000000 -9.02770626
17.31000000 -8.97854779
17.34000000 -8.93200876
17.37000000 -8.88779912
17.40000000 -8.84566886
17.43000000 -8.80540093
17.46000000 -8.76680563
17.49000000 -8.72971621
17.52000000 -8.69398525
17.55000000 -8.65948187
17.58000000 -8.62608931
17.61000000 -8.59370302
17.64000000 -8.56222907
17.67000000 -8.53158278
17.70000000 -8.50168761
17.73000000 -8.47247421
17.76000000 -8.44387960
17.79000000 -8.41584647
17.82000000 -8.38832260
17.85000000 -8.36126032
17.88000000 -8.33461609
17.91000000 -8.30835006
17.94000000 -8.28242578
17.97000000 -8.25680987
18.00000000 -8.23147174
18.03000000 -8.20638337
18.06000000 -8.18151909
18.09000000 -8.15685539
18.12000000 -8.13237076
18.15000000 -8.10804549
18.18000000 -8.08386160
18.21000000 -8.05980266
18.24000000 -8.03585366
18.27000000 -8.01200097
18.30000000 -7.98823220
18.33000000 -7.96453607
18.36000000 -7.94090243
18.39000000 -7.91732207
18.42000000 -7.89378673
18.45000000 -7.87028900
18.48000000 -7.84682226
18.51000000 -7.82338062
18.54000000 -7.79995888
18.57000000 -7.77655246
18.60000000 -7.75315737
18.63000000 -7.72977016
18.66000000 -7.70638787
18.69000000 -7.68300800
18.72000000 -7.65962847
18.75000000 -7.63624759
18.78000000 -7.61286403
18.81000000 -7.58947675
18.84000000 -7.56608504
18.87000000 -7.54268843
18.90000000 -7.51928669
18.93000000 -7.49587983
18.96000000 -7.47246802
18.99000000 -7.44905161
19.02000000 -7.42563111
19.05000000 -7.40220714
19.08000000 -7.37878045
19.11000000 -7.35535186
19.14000000 -7.33192230
19.17000000 -7.30849273
19.20000000 -7.28506417
19.23000000 -7.26163768
19.26000000 -7.23821434
19.29000000 -7.21479523
19.32000000 -7.19138144
19.35000000 -7.16797404
19.38000000 -7.14457409
19.41000000 -7.12118261
19.44000000 -7.09780058
19.47000000 -7.07442894
19.50000000 -7.05106858
19.53000000 -7.02772031
19.56000000 -7.00438490
19.59000000 -6.98106304
19.62000000 -6.95775535
19.65000000 -6.93446235
19.68000000 -6.91118449
19.71000000 -6.88792214
19.74000000 -6.86467558
19.77000000 -6.84144498
19.80000000 -6.81823045
19.83000000 -6.79503196
19.86000000 -6.77184942
19.89000000 -6.74868264
19.92000000 -6.72553132
19.95000000 -6.70239509
19.98000000 -6.67927345
20.01000000 -6.65616585
20.04000000 -6.63307161
20.07000000 -6.60998999
20.10000000 -6.58692015
20.13000000 -6.56386119
20.16000000 -6.54081211
20.19000000 -6.51777186
20.22000000 -6.49473929
20.25000000 -6.47171322
20.28000000 -6.44869240
20.31000000 -6.42567554
20.34000000 -6.40266129
20.37000000 -6.37964828
20.40000000 -6.35663512
20.43000000 -6.33362038
20.46000000 -6.31060266
20.49000000 -6.28758051
20.52000000 -6.26455254
20.55000000 -6.24151736
20.58000000 -6.21847362
20.61000000 -6.19542003
20.64000000 -6.17235535
20.67000000 -6.14927842
20.70000000 -6.12618817
20.73000000 -6.10308363
20.76000000 -6.07996398
20.79000000 -6.05682850
20.82000000 -6.03367666
20.85000000 -6.01050808
20.88000000 -5.98732260
20.91000000 -5.96412025
20.94000000 -5.94090131
20.97000000 -5.91766631
21.00000000 -5.89441607
21.03000000 -5.87115170
21.06000000 -5.84787464
21.09000000 -5.82458668
21.12000000 -5.80128998
21.15000000 -5.77798710
21.18000000 -5.75468104
21.21000000 -5.73137523
21.24000000 -5.70807362
21.27000000 -5.68478062
21.30000000 -5.66150121
21.33000000 -5.63824093
21.36000000 -5.61500590
21.39000000 -5.59180287
21.42000000 -5.56863925
21.45000000 -5.54552311
21.48000000 -5.52246323
21.51000000 -5.49946914
21.54000000 -5.47655109
21.57000000 -5.45372014
21.60000000 -5.43098815
21.63000000 -5.40836780
21.66000000 -5.38587262
21.69000000 -5.36351698
21.72000000 -5.34131615
21.75000000 -5.31928626
21.78000000 -5.29744435
21.81000000 -5.27580832
21.84000000 -5.25439698
21.87000000 -5.23323001
21.90000000 -5.21232794
21.93000000 -5.19171215
21.96000000 -5.17140484
21.99000000 -5.15142897
22.02000000 -5.13180823
22.05000000 -5.11256700
22.08000000 -5.09373029
22.11000000 -5.07532361
22.14000000 -5.05737300
22.17000000 -5.03990483
22.20000000 -5.02294577
22.23000000 -5.00652266
22.26000000 -4.99066240
22.29000000 -4.97539181
22.32000000 -4.96073752
22.35000000 -4.94672580
22.38000000 -4.93338244
22.41000000 -4.92073259
22.44000000 -4.90880060
22.47000000 -4.89760986
22.50000000 -4.88718266
22.53000000 -4.87754003
22.56000000 -4.86870156
22.59000000 -4.86068531
22.62000000 -4.85350763
22.65000000 -4.84718302
22.68000000 -4.84172405
22.71000000 -4.83714126
22.74000000 -4.83344303
22.77000000 -4.83063552
22.80000000 -4.82872266
22.83000000 -4.82770604
22.86000000 -4.82758495
22.89000000 -4.82835637
22.92000000 -4.83001497
22.95000000 -4.83255315
22.98000000 -4.83596113
23.01000000 -4.84022699
23.04000000 -4.84533676
23.07000000 -4.85127454
23.10000000 -4.85802261
23.13000000 -4.86556154
23.16000000 -4.87387033
23.19000000 -4.88292657
23.22000000 -4.89270655
23.25000000 -4.90318545
23.28000000 -4.91433744
23.31000000 -4.92613586
23.34000000 -4.93855336
23.37000000 -4.95156204
23.40000000 -4.96513357
23.43000000 -4.97923936
23.46000000 -4.99385066
23.49000000 -5.00893866
23.52000000 -5.02447465
23.55000000 -5.04043008
23.58000000 -5.05677667
23.61000000 -5.07348651
23.64000000 -5.09053212
23.67000000 -5.10788653
23.70000000 -5.12552336
23.73000000 -5.14341686
23.76000000 -5.16154196
23.79000000 -5.17987434
23.82000000 -5.19839046
23.85000000 -5.21706759
23.88000000 -5.23588386
23.91000000 -5.25481829
23.94000000 -5.27385079
23.97000000 -5.29296221
24.00000000 -5.31213439
24.03000000 -5.33135011
24.06000000 -5.35059316
24.09000000 -5.36984838
24.12000000 -5.38910161
24.15000000 -5.40833979
24.18000000 -5.42755090
24.21000000 -5.44672404
24.24000000 -5.46584942
24.27000000 -5.48491841
24.30000000 -5.50392352
24.33000000 -5.52285844
24.36000000 -5.54171809
24.39000000 -5.56049860
24.42000000 -5.57919736
24.45000000 -5.59781305
24.48000000 -5.61634566
24.51000000 -5.63479649
24.54000000 -5.65316824
24.57000000 -5.67146498
24.60000000 -5.68969220
24.63000000 -5.70785684
24.66000000 -5.72596735
24.69000000 -5.74403364
24.72000000 -5.76206718
24.75000000 -5.78008103
24.78000000 -5.79808981
24.81000000 -5.81610979
24.84000000 -5.83415888
24.87000000 -5.85225667
24.90000000 -5.87042447
24.93000000 -5.88868532
24.96000000 -5.90706402
24.99000000 -5.92558716
25.02000000 -5.94428315
25.05000000 -5.96318226
25.08000000 -5.98231661
25.11000000 -6.00172024
25.14000000 -6.02142912
25.17000000 -6.04148120
25.20000000 -6.06191647
25.23000000 -6.08277694
25.26000000 -6.10410678
25.29000000 -6.12595232
25.32000000 -6.14836216
25.35000000 -6.17138726
25.38000000 -6.19508104
25.41000000 -6.21949950
25.44000000 -6.24470142
25.47000000 -6.27074851
25.50000000 -6.29770569
25.53000000 -6.32564133
25.56000000 -6.35462761
25.59000000 -6.38474095
25.62000000 -6.41606249
25.65000000 -6.44867869
25.68000000 -6.48268210
25.71000000 -6.51817220
25.74000000 -6.55525654
25.77000000 -6.59405198
25.80000000 -6.63468636
25.83000000 -6.67730044
25.86000000 -6.72205031
25.89000000 -6.76911046
25.92000000 -6.81867743
25.95000000 -6.87097462
25.98000000 -6.92625823
26.01000000 -6.98482495
26.04000000 -7.04702193
26.07000000 -7.11325988
26.10000000 -7.18403056
26.13000000 -7.25993064
26.16000000 -7.34169465
26.19000000 -7.43024187
26.22000000 -7.52674460
26.25000000 -7.63273085
26.28000000 -7.75024467
26.31000000 -7.88210766
26.34000000 -8.03236996
26.37000000 -8.20714359
26.40000000 -8.41628823
26.43000000 -8.67727219
26.46000000 -9.02579159
26.49000000 -9.55547322
26.52000000 -10.72140792
26.55000000 -10.55912039
26.58000000 -9.52164800
26.61000000 -9.02961375
26.64000000 -8.70571548
26.67000000 -8.46489951
26.70000000 -8.27377693
26.73000000 -8.11574227
26.76000000 -7.98131812
26.79000000 -7.86457774
26.82000000 -7.76156382
26.85000000 -7.66950002
26.88000000 -7.58636159
26.91000000 -7.51062504
26.94000000 -7.44111419
26.97000000 -7.37690121
27.00000000 -7.31724062
27.03000000 -7.26152402
27.06000000 -7.20924799
27.09000000 -7.15999104
27.12000000 -7.11339652
27.15000000 -7.06915990
27.18000000 -7.02701898
27.21000000 -6.98674640
27.24000000 -6.94814370
27.27000000 -6.91103673
27.30000000 -6.87527183
27.33000000 -6.84071286
27.36000000 -6.80723870
27.39000000 -6.77474124
27.42000000 -6.74312369
27.45000000 -6.71229917
27.48000000 -6.68218950
27.51000000 -6.65272424
27.54000000 -6.62383979
27.57000000 -6.59547867
27.60000000 -6.56758889
27.63000000 -6.54012337
27.66000000 -6.51303948
27.69000000 -6.48629862
27.72000000 -6.45986582
27.75000000 -6.43370943
27.78000000 -6.40780082
27.81000000 -6.38211410
27.84000000 -6.35662590
27.87000000 -6.33131517
27.90000000 -6.30616295
27.93000000 -6.28115221
27.96000000 -6.25626770
27.99000000 -6.23149579
28.02000000 -6.20682435
28.05000000 -6.18224262
28.08000000 -6.15774108
28.11000000 -6.13331137
28.14000000 -6.10894621
28.17000000 -6.08463927
28.20000000 -6.06038508
28.23000000 -6.03617903
28.26000000 -6.01201721
28.29000000 -5.98789641
28.32000000 -5.96381400
28.35000000 -5.93976795
28.38000000 -5.91575670
28.41000000 -5.89177915
28.44000000 -5.86783462
28.47000000 -5.84392278
28.50000000 -5.82004365
28.53000000 -5.79619751
28.56000000 -5.77238492
28.59000000 -5.74860666
28.62000000 -5.72486369
28.65000000 -5.70115715
28.68000000 -5.67748832
28.71000000 -5.65385858
28.74000000 -5.63026944
28.77000000 -5.60672246
28.80000000 -5.58321924
28.83000000 -5.55976146
28.86000000 -5.53635078
28.89000000 -5.51298889
28.92000000 -5.48967746
28.95000000 -5.46641816
28.98000000 -5.44321259
29.01000000 -5.42006234
29.04000000 -5.39696893
29.07000000 -5.37393381
29.10000000 -5.35095838
29.13000000 -5.32804393
29.16000000 -5.30519169
29.19000000 -5.28240277
29.22000000 -5.25967821
29.25000000 -5.23701892
29.28000000 -5.21442570
29.31000000 -5.19189926
29.34000000 -5.16944016
29.37000000 -5.14704886
29.40000000 -5.12472569
29.43000000 -5.10247084
29.46000000 -5.08028440
29.49000000 -5.05816629
29.52000000 -5.03611634
29.55000000 -5.01413420
29.58000000 -4.99221944
29.61000000 -4.97037144
29.64000000 -4.94858949
29.67000000 -4.92687272
29.70000000 -4.90522013
29.73000000 -4.88363060
29.76000000 -4.86210287
29.79000000 -4.84063555
29.82000000 -4.81922712
29.85000000 -4.79787594
29.88000000 -4.77658024
29.91000000 -4.75533813
29.94000000 -4.73414761
29.97000000 -4.71300655
30.00000000 -4.69191271
30.03000000 -4.67086376
30.06000000 -4.64985724
30.09000000 -4.62889061
30.12000000 -4.60796122
30.15000000 -4.58706634
30.18000000 -4.56620314
30.21000000 -4.54536872
30.24000000 -4.52456009
30.27000000 -4.50377421
30.30000000 -4.48300796
30.33000000 -4.46225816
30.36000000 -4.44152158
30.39000000 -4.42079495
30.42000000 -4.40007495
30.45000000 -4.37935825
30.48000000 -4.35864146
30.51000000 -4.33792120
30.54000000 -4.31719408
30.57000000 -4.29645668
30.60000000 -4.27570562
30.63000000 -4.25493752
30.66000000 -4.23414902
30.69000000 -4.21333679
30.72000000 -4.19249755
30.75000000 -4.17162806
30.78000000 -4.15072516
30.81000000 -4.12978573
30.84000000 -4.10880674
30.87000000 -4.08778525
30.90000000 -4.06671842
30.93000000 -4.04560351
30.96000000 -4.02443789
30.99000000 -4.00321909
31.02000000 -3.98194475
31.05000000 -3.96061265
31.08000000 -3.93922077
31.11000000 -3.91776722
31.14000000 -3.89625030
31.17000000 -3.87466851
31.20000000 -3.85302056
31.23000000 -3.83130534
31.26000000 -3.80952199
31.29000000 -3.78766987
31.32000000 -3.76574860
31.35000000 -3.74375804
31.38000000 -3.72169832
31.41000000 -3.69956985
31.44000000 -3.67737331
31.47000000 -3.65510969
31.50000000 -3.63278029
31.53000000 -3.61038673
31.56000000 -3.58793094
31.59000000 -3.56541520
31.62000000 -3.54284213
31.65000000 -3.52021471
31.68000000 -3.49753630
31.71000000 -3.47481060
31.74000000 -3.45204174
31.77000000 -3.42923420
31.80000000 -3.40639288
31.83000000 -3.38352310
31.86000000 -3.36063058
31.89000000 -3.33772147
31.92000000 -3.31480236
31.95000000 -3.29188027
31.98000000 -3.26896268
32.01000000 -3.24605749
32.04000000 -3.22317308
32.07000000 -3.20031828
32.10000000 -3.17750241
32.13000000 -3.15473521
32.16000000 -3.13202693
32.19000000 -3.10938827
32.22000000 -3.08683040
32.25000000 -3.06436497
32.28000000 -3.04200409
32.31000000 -3.01976034
32.34000000 -2.99764676
32.37000000 -2.97567683
32.40000000 -2.95386449
32.43000000 -2.93222410
32.46000000 -2.91077047
32.49000000 -2.88951881
32.52000000 -2.86848471
32.55000000 -2.84768417
32.58000000 -2.82713352
32.61000000 -2.80684946
32.64000000 -2.78684898
32.67000000 -2.76714938
32.70000000 -2.74776821
32.73000000 -2.72872325
32.76000000 -2.71003249
32.79000000 -2.69171408
32.82000000 -2.67378628
32.85000000 -2.65626746
32.88000000 -2.63917603
32.91000000 -2.62253041
32.94000000 -2.60634896
32.97000000 -2.59064997
33.00000000 -2.57545161
33.03000000 -2.56077184
33.06000000 -2.54662843
33.09000000 -2.53303885
33.12000000 -2.52002027
33.15000000 -2.50758948
33.18000000 -2.49576287
33.21000000 -2.48455639
33.24000000 -2.47398548
33.27000000 -2.46406505
33.30000000 -2.45480948
33.33000000 -2.44623253
33.36000000 -2.43834736
33.39000000 -2.43116647
33.42000000 -2.42470175
33.45000000 -2.41896438
33.48000000 -2.41396492
33.51000000 -2.40971322
33.54000000 -2.40621852
33.57000000 -2.40348939
33.60000000 -2.40153378
33.63000000 -2.40035907
33.66000000 -2.39997206
33.69000000 -2.40037904
33.72000000 -2.40158585
33.75000000 -2.40359789
33.78000000 -2.40642024
33.81000000 -2.41005766
33.84000000 -2.41451474
33.87000000 -2.41979589
33.90000000 -2.42590552
33.93000000 -2.43284804
33.96000000 -2.44062802
33.99000000 -2.44925027
34.02000000 -2.45871994
34.05000000 -2.46904263
34.08000000 -2.48022451
34.11000000 -2.49227246
34.14000000 -2.50519418
34.17000000 -2.51899833
34.20000000 -2.53369465
34.23000000 -2.54929418
34.26000000 -2.56580934
34.29000000 -2.58325415
34.32000000 -2.60164440
34.35000000 -2.62099785
34.38000000 -2.64133445
34.41000000 -2.66267657
34.44000000 -2.68504925
34.47000000 -2.70848052
34.50000000 -2.73300167
34.53000000 -2.75864765
34.56000000 -2.78545745
34.59000000 -2.81347456
34.62000000 -2.84274752
34.65000000 -2.87333047
34.68000000 -2.90528390
34.71000000 -2.93867545
34.74000000 -2.97358083
34.77000000 -3.01008499
34.80000000 -3.04828345
34.83000000 -3.08828388
34.86000000 -3.13020803
34.89000000 -3.17419413
34.92000000 -3.22039969
34.95000000 -3.26900510
34.98000000 -3.32021807
35.01000000 -3.37427917
35.04000000 -3.43146902
35.07000000 -3.49211744
35.10000000 -3.55661551
35.13000000 -3.62543156
35.16000000 -3.69913282
35.19000000 -3.77841522
35.22000000 -3.86414545
35.25000000 -3.95742174
35.28000000 -4.05966439
35.31000000 -4.17275557
35.34000000 -4.29926413
35.37000000 -4.44282668
35.40000000 -4.60883618
35.43000000 -4.80579432
35.46000000 -5.04828332
35.49000000 -5.36464047
35.52000000 -5.82261715
35.55000000 -6.67372242
35.58000000 -7.80383450
35.61000000 -6.18768524
35.64000000 -5.60634871
35.67000000 -5.24633428
35.70000000 -4.98634444
35.73000000 -4.78370550
35.76000000 -4.61835570
35.79000000 -4.47924247
35.82000000 -4.35962291
35.85000000 -4.25507779
35.88000000 -4.16255217
35.91000000 -4.07984503
35.94000000 -4.00531725
35.97000000 -3.93771453
36.00000000 -3.87605502
36.03000000 -3.81955510
36.06000000 -3.76757883
36.09000000 -3.71960254
36.12000000 -3.67518935
36.15000000 -3.63397061
36.18000000 -3.59563196
36.21000000 -3.55990285
36.24000000 -3.52654836
36.27000000 -3.49536296
36.30000000 -3.46616550
36.33000000 -3.43879523
36.36000000 -3.41310869
36.39000000 -3.38897702
36.42000000 -3.36628395
36.45000000 -3.34492400
36.48000000 -3.32480106
36.51000000 -3.30582719
36.54000000 -3.28792161
36.57000000 -3.27100987
36.60000000 -3.25502311
36.63000000 -3.23989748
36.66000000 -3.22557357
36.69000000 -3.21199604
36.72000000 -3.19911317
36.75000000 -3.18687655
36.78000000 -3.17524081
36.81000000 -3.16416336
36.84000000 -3.15360417
36.87000000 -3.14352561
36.90000000 -3.13389223
36.93000000 -3.12467066
36.96000000 -3.11582948
36.99000000 -3.10733909
37.02000000 -3.09917161
37.05000000 -3.09130081
37.08000000 -3.08370202
37.11000000 -3.07635204
37.14000000 -3.06922913
37.17000000 -3.06231288
37.20000000 -3.05558422
37.23000000 -3.04902536
37.26000000 -3.04261971
37.29000000 -3.03635189
37.32000000 -3.03020766
37.35000000 -3.02417390
37.38000000 -3.01823859
37.41000000 -3.01239076
37.44000000 -3.00662049
37.47000000 -3.00091884
37.50000000 -2.99527788
37.53000000 -2.98969065
37.56000000 -2.98415110
37.59000000 -2.97865414
37.62000000 -2.97319556
37.65000000 -2.96777206
37.68000000 -2.96238120
37.71000000 -2.95702138
37.74000000 -2.95169188
37.77000000 -2.94639276
37.80000000 -2.94112493
37.83000000 -2.93589009
37.86000000 -2.93069070
37.89000000 -2.92553004
37.92000000 -2.92041212
37.95000000 -2.91534173
37.98000000 -2.91032439
38.01000000 -2.90536635
38.04000000 -2.90047459
38.07000000 -2.89565681
38.10000000 -2.89092143
38.13000000 -2.88627754
38.16000000 -2.88173495
38.19000000 -2.87730412
38.22000000 -2.87299623
38.25000000 -2.86882308
38.28000000 -2.86479716
38.31000000 -2.86093160
38.34000000 -2.85724015
38.37000000 -2.85373720
38.40000000 -2.85043778
38.43000000 -2.84735748
38.46000000 -2.84451251
38.49000000 -2.84191966
38.52000000 -2.83959624
38.55000000 -2.83756015
38.58000000 -2.83582978
38.61000000 -2.83442403
38.64000000 -2.83336228
38.67000000 -2.83266435
38.70000000 -2.83235049
38.73000000 -2.83244134
38.76000000 -2.83295791
38.79000000 -2.83392152
38.82000000 -2.83535378
38.85000000 -2.83727657
38.88000000 -2.83971197
38.91000000 -2.84268220
38.94000000 -2.84620964
38.97000000 -2.85031674
39.00000000 -2.85502597
39.03000000 -2.86035979
39.06000000 -2.86634060
39.09000000 -2.87299071
39.12000000 -2.88033226
39.15000000 -2.88838721
39.18000000 -2.89717730
39.21000000 -2.90672398
39.24000000 -2.91704843
39.27000000 -2.92817150
39.30000000 -2.94011369
39.33000000 -2.95289516
39.36000000 -2.96653571
39.39000000 -2.98105480
39.42000000 -2.99647152
39.45000000 -3.01280470
39.48000000 -3.03007286
39.51000000 -3.04829432
39.54000000 -3.06748724
39.57000000 -3.08766974
39.60000000 -3.10885995
39.63000000 -3.13107615
39.66000000 -3.15433693
39.69000000 -3.17866133
39.72000000 -3.20406903
39.75000000 -3.23058056
39.78000000 -3.25821754
39.81000000 -3.28700296
39.84000000 -3.31696151
39.87000000 -3.34811987
39.90000000 -3.38050718
39.93000000 -3.41415545
39.96000000 -3.44910008
39.99000000 -3.48538047
40.02000000 -3.52304067
40.05000000 -3.56213017
40.08000000 -3.60270481
40.11000000 -3.64482780
40.14000000 -3.68857101
40.17000000 -3.73401638
40.20000000 -3.78125766
40.23000000 -3.83040251
40.26000000 -3.88157504
40.29000000 -3.93491882
40.32000000 -3.99060073
40.35000000 -4.04881569
40.38000000 -4.10979254
40.41000000 -4.17380171
40.44000000 -4.24116495
40.47000000 -4.31226819
40.50000000 -4.38757864
40.53000000 -4.46766794
40.56000000 -4.55324423
40.59000000 -4.64519755
40.62000000 -4.74466582
40.65000000 -4.85313377
40.68000000 -4.97258690
40.71000000 -5.10576155
40.74000000 -5.25657397
40.77000000 -5.43090776
40.80000000 -5.63819284
40.83000000 -5.89497651
40.86000000 -6.23455731
40.89000000 -6.74176053
40.92000000 -7.79224792
40.95000000 -7.97781339
40.98000000 -6.82364342
41.01000000 -6.30783953
41.04000000 -5.97313159
41.07000000 -5.72564198
41.10000000 -5.52958633
41.13000000 -5.36744597
41.16000000 -5.22932439
41.19000000 -5.10907934
41.22000000 -5.00263452
41.25000000 -4.90714527
41.28000000 -4.82054719
41.31000000 -4.74129433
41.34000000 -4.66819889
41.37000000 -4.60032848
41.40000000 -4.53693781
41.43000000 -4.47742190
41.46000000 -4.42128304
41.49000000 -4.36810702
41.52000000 -4.31754561
41.55000000 -4.26930344
41.58000000 -4.22312799
41.61000000 -4.17880193
41.64000000 -4.13613703
41.67000000 -4.09496942
41.70000000 -4.05515574
41.73000000 -4.01657008
41.76000000 -3.97910145
41.79000000 -3.94265170
41.82000000 -3.90713382
41.85000000 -3.87247051
41.88000000 -3.83859296
41.91000000 -3.80543984
41.94000000 -3.77295646
41.97000000 -3.74109397
42.00000000 -3.70980879
42.03000000 -3.67906201
42.06000000 -3.64881893
42.09000000 -3.61904866
42.12000000 -3.58972371
42.15000000 -3.56081971
42.18000000 -3.53231508
42.21000000 -3.50419083
42.24000000 -3.47643030
42.27000000 -3.44901895
42.30000000 -3.42194421
42.33000000 -3.39519529
42.36000000 -3.36876306
42.39000000 -3.34263987
42.42000000 -3.31681948
42.45000000 -3.29129693
42.48000000 -3.26606842
42.51000000 -3.24113124
42.54000000 -3.21648370
42.57000000 -3.19212499
42.60000000 -3.16805518
42.63000000 -3.14427511
42.66000000 -3.12078632
42.69000000 -3.09759104
42.72000000 -3.07469208
42.75000000 -3.05209281
42.78000000 -3.02979712
42.81000000 -3.00780933
42.84000000 -2.98613421
42.87000000 -2.96477688
42.90000000 -2.94374283
42.93000000 -2.92303783
42.96000000 -2.90266792
42.99000000 -2.88263940
43.02000000 -2.86295875
43.05000000 -2.84363265
43.08000000 -2.82466791
43.11000000 -2.80607147
43.14000000 -2.78785037
43.17000000 -2.77001172
43.20000000 -2.75256268
43.23000000 -2.73551044
43.26000000 -2.71886220
43.29000000 -2.70262512
43.32000000 -2.68680638
43.35000000 -2.67141306
43.38000000 -2.65645220
43.41000000 -2.64193077
43.44000000 -2.62785562
43.47000000 -2.61423351
43.50000000 -2.60107108
43.53000000 -2.58837484
43.56000000 -2.57615115
43.59000000 -2.56440625
43.62000000 -2.55314620
43.65000000 -2.54237692
43.68000000 -2.53210416
43.71000000 -2.52233350
43.74000000 -2.51307037
43.77000000 -2.50432002
43.80000000 -2.49608754
43.83000000 -2.48837784
43.86000000 -2.48119570
43.89000000 -2.47454572
43.92000000 -2.46843237
43.95000000 -2.46285996
43.98000000 -2.45783269
44.01000000 -2.45335462
44.04000000 -2.44942970
44.07000000 -2.44606179
44.10000000 -2.44325467
44.13000000 -2.44101203
44.16000000 -2.43933752
44.19000000 -2.43823473
44.22000000 -2.43770726
44.25000000 -2.43775867
44.28000000 -2.43839258
44.31000000 -2.43961260
44.34000000 -2.44142244
44.37000000 -2.44382586
44.40000000 -2.44682673
44.43000000 -2.45042906
44.46000000 -2.45463701
44.49000000 -2.45945490
44.52000000 -2.46488727
44.55000000 -2.47093892
44.58000000 -2.47761486
44.61000000 -2.48492045
44.64000000 -2.49286134
44.67000000 -2.50144358
44.70000000 -2.51067358
44.73000000 -2.52055821
44.76000000 -2.53110483
44.79000000 -2.54232130
44.82000000 -2.55421605
44.85000000 -2.56679816
44.88000000 -2.58007734
44.91000000 -2.59406405
44.94000000 -2.60876955
44.97000000 -2.62420595
45.00000000 -2.64038630
45.03000000 -2.65732466
45.06000000 -2.67503621
45.09000000 -2.69353733
45.12000000 -2.71284571
45.15000000 -2.73298049
45.18000000 -2.75396239
45.21000000 -2.77581383
45.24000000 -2.79855915
45.27000000 -2.82222477
45.30000000 -2.84683944
45.33000000 -2.87243442
45.36000000 -2.89904383
45.39000000 -2.92670495
45.42000000 -2.95545854
45.45000000 -2.98534931
45.48000000 -3.01642640
45.51000000 -3.04874391
45.54000000 -3.08236156
45.57000000 -3.11734549
45.60000000 -3.15376908
45.63000000 -3.19171410
45.66000000 -3.23127186
45.69000000 -3.27254482
45.72000000 -3.31564831
45.75000000 -3.36071274
45.78000000 -3.40788631
45.81000000 -3.45733825
45.84000000 -3.50926290
45.87000000 -3.56388490
45.90000000 -3.62146561
45.93000000 -3.68231151
45.96000000 -3.74678503
45.99000000 -3.81531889
46.02000000 -3.88843531
46.05000000 -3.96677234
46.08000000 -4.05112055
46.11000000 -4.14247556
46.14000000 -4.24211534
46.17000000 -4.35171775
46.20000000 -4.47354643
46.23000000 -4.61075909
46.26000000 -4.76794987
46.29000000 -4.95217756
46.32000000 -5.17511914
46.35000000 -5.45825135
46.38000000 -5.84825461
46.41000000 -6.48388846
46.44000000 -8.56702138
46.47000000 -6.78789083
46.50000000 -6.02209943
46.53000000 -5.59915138
46.56000000 -5.30710602
46.59000000 -5.08482745
46.62000000 -4.90603387
46.65000000 -4.75698987
46.68000000 -4.62960643
46.71000000 -4.51871587
46.74000000 -4.42081517
46.77000000 -4.33341995
46.80000000 -4.25470432
46.83000000 -4.18328711
46.86000000 -4.11809836
46.89000000 -4.05829255
46.92000000 -4.00319005
46.95000000 -3.95223656
46.98000000 -3.90497427
47.01000000 -3.86102086
47.04000000 -3.82005397
47.07000000 -3.78179945
47.10000000 -3.74602238
47.13000000 -3.71252015
47.16000000 -3.68111693
47.19000000 -3.65165937
47.22000000 -3.62401305
47.25000000 -3.59805975
47.28000000 -3.57369503
47.31000000 -3.55082643
47.34000000 -3.52937181
47.37000000 -3.50925808
47.40000000 -3.49042008
47.43000000 -3.47279965
47.46000000 -3.45634479
47.49000000 -3.44100906
47.52000000 -3.42675090
47.55000000 -3.41353319
47.58000000 -3.40132280
47.61000000 -3.39009016
47.64000000 -3.37980900
47.67000000 -3.37045599
47.70000000 -3.36201050
47.73000000 -3.35445437
47.76000000 -3.34777172
47.79000000 -3.34194874
47.82000000 -3.33697353
47.85000000 -3.33283597
47.88000000 -3.32952755
47.91000000 -3.32704130
47.94000000 -3.32537162
47.97000000 -3.32451424
48.00000000 -3.32446607
48.03000000 -3.32522518
48.06000000 -3.32679066
48.09000000 -3.32916261
48.12000000 -3.33234204
48.15000000 -3.33633082
48.18000000 -3.34113164
48.21000000 -3.34674798
48.24000000 -3.35318402
48.27000000 -3.36044467
48.30000000 -3.36853551
48.33000000 -3.37746276
48.36000000 -3.38723329
48.39000000 -3.39785459
48.42000000 -3.40933479
48.45000000 -3.42168264
48.48000000 -3.43490755
48.51000000 1.83280680
48.54000000 -3.46402948
48.57000000 -3.47994876
48.60000000 -3.49678969
48.63000000 -3.51456540
48.66000000 -3.53328991
48.69000000 -3.55297828
48.72000000 -3.57364665
48.75000000 -3.59531238
48.78000000 -3.61799420
48.81000000 -3.64171236
48.84000000 -3.66648882
48.87000000 -3.69234742
48.90000000 -3.71931419
48.93000000 -3.74741757
48.96000000 -3.77668874
48.99000000 -3.80716200
49.02000000 -3.83887517
49.05000000 -3.87187011
49.08000000 -3.90619323
49.11000000 -3.94189620
49.14000000 -3.97903667
49.17000000 -4.01767920
49.20000000 -4.05789630
49.23000000 -4.09976967
49.26000000 -4.14339174
49.29000000 -4.18886740
49.32000000 -4.23631625
49.35000000 -4.28587517
49.38000000 -4.33770160
49.41000000 -4.39197759
49.44000000 -4.44891481
49.47000000 -4.50876096
49.50000000 -4.57180796
49.53000000 -4.63840261
49.56000000 -4.70896056
49.59000000 -4.78398513
49.62000000 -4.86409293
49.65000000 -4.95004960
49.68000000 -5.04282080
49.71000000 -5.14364702
49.74000000 -5.25415716
49.77000000 -5.37654730
49.80000000 -5.51387616
49.83000000 -5.67058197
49.86000000 -5.85345584
49.89000000 -6.07366161
49.92000000 -6.35153190
49.95000000 -6.73052657
49.98000000 -7.33532897
50.01000000 -9.04081584
50.04000000 -7.80640083
50.07000000 -6.98582799
50.10000000 -6.54653573
50.13000000 -6.24614638
50.16000000 -6.01836464
50.19000000 -5.83529109
50.22000000 -5.68251613
50.25000000 -5.55161648
50.28000000 -5.43723742
50.31000000 -5.33576113
50.34000000 -5.24462731
50.37000000 -5.16195666
50.40000000 -5.08632831
50.43000000 -5.01664144
50.46000000 -4.95202552
50.49000000 -4.89177993
50.52000000 -4.83533226
50.55000000 -4.78220867
50.58000000 -4.73201236
50.61000000 -4.68440765
50.64000000 -4.63910798
50.67000000 -4.59586678
50.70000000 -4.55447029
50.73000000 -4.51473203
50.76000000 -4.47648837
50.79000000 -4.43959494
50.82000000 -4.40392378
50.85000000 -4.36936099
50.88000000 -4.33580474
50.91000000 -4.30316376
50.94000000 -4.27135590
50.97000000 -4.24030706
51.00000000 -4.20995021
51.03000000 -4.18022459
51.06000000 -4.15107498
51.09000000 -4.12245115
51.12000000 -4.09430731
51.15000000 -4.06660165
51.18000000 -4.03929597
51.21000000 -4.01235534
51.24000000 -3.98574776
51.27000000 -3.95944391
51.30000000 -3.93341694
51.33000000 -3.90764219
51.36000000 -3.88209708
51.39000000 -3.85676087
51.42000000 -3.83161455
51.45000000 -3.80664067
51.48000000 -3.78182324
51.51000000 -3.75714761
51.54000000 -3.73260034
51.57000000 -3.70816913
51.60000000 -3.68384274
51.63000000 -3.65961089
51.66000000 -3.63546416
51.69000000 -3.61139400
51.72000000 -3.58739258
51.75000000 -3.56345280
51.78000000 -3.53956819
51.81000000 -3.51573287
51.84000000 -3.49194153
51.87000000 -3.46818935
51.90000000 -3.44447197
51.93000000 -3.42078547
51.96000000 -3.39712633
51.99000000 -3.37349137
52.02000000 -3.34987774
52.05000000 -3.32628290
52.08000000 -3.30270459
52.11000000 -3.27914079
52.14000000 -3.25558970
52.17000000 -3.23204974
52.20000000 -3.20851952
52.23000000 -3.18499779
52.26000000 -3.16148349
52.29000000 -3.13797566
52.32000000 -3.11447350
52.35000000 -3.09097629
52.38000000 -3.06748343
52.41000000 -3.04399438
52.44000000 -3.02050872
52.47000000 -2.99702607
52.50000000 -2.97354613
52.53000000 -2.95006866
52.56000000 -2.92659346
52.59000000 -2.90312041
52.62000000 -2.87964941
52.65000000 -2.85618043
52.68000000 -2.83271347
52.71000000 -2.80924859
52.74000000 -2.78578591
52.77000000 -2.76232557
52.80000000 -2.73886780
52.83000000 -2.71541287
52.86000000 -2.69196113
52.89000000 -2.66851299
52.92000000 -2.64506897
52.95000000 -2.62162963
52.98000000 -2.59819569
53.01000000 -2.57476793
53.04000000 -2.55134729
53.07000000 -2.52793484
53.10000000 -2.50453178
53.13000000 -2.48113949
53.16000000 -2.45775955
53.19000000 -2.43439373
53.22000000 -2.41104400
53.25000000 -2.38771260
53.28000000 -2.36440201
53.31000000 -2.34111502
53.34000000 -2.31785468
53.37000000 -2.29462443
53.40000000 -2.27142802
53.43000000 -2.24826961
53.46000000 -2.22515375
53.49000000 -2.20208545
53.52000000 -2.17907016
53.55000000 -2.15611387
53.58000000 -2.13322305
53.61000000 -2.11040475
53.64000000 -2.08766663
53.67000000 -2.06501693
53.70000000 -2.04246456
53.73000000 -2.02001913
53.76000000 -1.99769092
53.79000000 -1.97549100
53.82000000 -1.95343116
53.85000000 -1.93152402
53.88000000 -1.90978301
53.91000000 -1.88822238
53.94000000 -1.86685727
53.97000000 -1.84570368
54.00000000 -1.82477848
54.03000000 -1.80409946
54.06000000 -1.78368528
54.09000000 -1.76355550
54.12000000 -1.74373054
54.15000000 -1.72423169
54.18000000 -1.70508107
54.21000000 -1.68630160
54.24000000 -1.66791693
54.27000000 -1.64995142
54.30000000 -1.63243006
54.33000000 -1.61537839
54.36000000 -1.59882243
54.39000000 -1.58278855
54.42000000 -1.56730341
54.45000000 -1.55239376
54.48000000 -1.53808641
54.51000000 -1.52440800
54.54000000 -1.51138489
54.57000000 -1.49904297
54.60000000 -1.48740753
54.63000000 -1.47650304
54.66000000 -1.46635301
54.69000000 -1.45697975
54.72000000 -1.44840424
54.75000000 -1.44064591
54.78000000 -1.43372247
54.81000000 -1.42764973
54.84000000 -1.42244144
54.87000000 -1.41810911
54.90000000 -1.41466189
54.93000000 -1.41210644
54.96000000 -1.41044679
54.99000000 -1.40968427
55.02000000 -1.40981743
55.05000000 -1.41084198
55.08000000 -1.41275076
55.11000000 -1.41553373
55.14000000 -1.41917799
55.17000000 -1.42366779
55.20000000 -1.42898461
55.23000000 -1.43510723
55.26000000 -1.44201177
55.29000000 -1.44967189
55.32000000 -1.45805881
55.35000000 -1.46714151
55.38000000 -1.47688687
55.41000000 -1.48725977
55.44000000 -1.49822331
55.47000000 -1.50973893
55.50000000 -1.52176660
55.53000000 -1.53426495
55.56000000 -1.54719150
55.59000000 -1.56050274
55.62000000 -1.57415437
55.65000000 -1.58810140
55.68000000 -1.60229833
55.71000000 -1.61669930
55.74000000 -1.63125824
55.77000000 -1.64592896
55.80000000 -1.66066538
55.83000000 -1.67542156
55.86000000 -1.69015191
55.89000000 -1.70481127
55.92000000 -1.71935503
55.95000000 -1.73373926
55.98000000 -1.74792084
56.01000000 -1.76185754
56.04000000 -1.77550816
56.07000000 -1.78883261
56.10000000 -1.80179203
56.13000000 -1.81434890
56.16000000 -1.82646713
56.19000000 -1.83811214
56.22000000 -1.84925099
56.25000000 -1.85985242
56.28000000 -1.86988700
56.31000000 -1.87932711
56.34000000 -1.88814710
56.37000000 -1.89632330
56.40000000 -1.90383410
56.43000000 -1.91065996
56.46000000 -1.91678349
56.49000000 -1.92218943
56.52000000 -1.92686469
56.55000000 -1.93079834
56.58000000 -1.93398162
56.61000000 -1.93640787
56.64000000 -1.93807255
56.67000000 -1.93897317
56.70000000 -1.93910923
56.73000000 -1.93848216
56.76000000 -1.93709526
56.79000000 -1.93495360
56.82000000 -1.93206391
56.85000000 -1.92843452
56.88000000 -1.92407523
56.91000000 -1.91899723
56.94000000 -1.91321294
56.97000000 -1.90673594
57.00000000 -1.89958086
57.03000000 -1.89176321
57.06000000 -1.88329934
57.09000000 -1.87420628
57.12000000 -1.86450166
57.15000000 -1.85420360
57.18000000 -1.84333058
57.21000000 -1.83190143
57.24000000 -1.81993514
57.27000000 -1.80745087
57.30000000 -1.79446783
57.33000000 -1.78100520
57.36000000 -1.76708210
57.39000000 -1.75271755
57.42000000 -1.73793037
57.45000000 -1.72273919
57.48000000 -1.70716239
57.51000000 -1.69121807
57.54000000 -1.67492405
57.57000000 -1.65829786
57.60000000 -1.64135667
57.63000000 -1.62411738
57.66000000 -1.60659653
57.69000000 -1.58881038
57.72000000 -1.57077485
57.75000000 -1.55250559
57.78000000 -1.53401798
57.81000000 -1.51532714
57.84000000 -1.49644795
57.87000000 -1.47739511
57.90000000 -1.45818314
57.93000000 -1.43882641
57.96000000 -1.41933920
57.99000000 -1.39973570
58.02000000 -1.38003010
58.05000000 -1.36023655
58.08000000 -1.34036930
58.11000000 -1.32044266
58.14000000 -1.30047106
58.17000000 -1.28046913
58.20000000 -1.26045170
58.23000000 -1.24043386
58.26000000 -1.22043101
58.29000000 -1.20045888
58.32000000 -1.18053358
58.35000000 -1.16067167
58.38000000 -1.14089013
58.41000000 -1.12120647
58.44000000 -1.10163871
58.47000000 -1.08220542
58.50000000 -1.06292578
58.53000000 -1.04381956
58.56000000 -1.02490714
58.59000000 -1.00620957
58.62000000 -.98774851
58.65000000 -.96954628
58.68000000 -.95162584
58.71000000 -.93401076
58.74000000 -.91672523
58.77000000 -.89979399
58.80000000 -.88324231
58.83000000 -.86709595
58.86000000 -.85138109
58.89000000 -.83612425
58.92000000 -.82135222
58.95000000 -.80709196
58.98000000 -.79337052
59.01000000 -.78021489
59.04000000 -.76765190
59.07000000 -.75570808
59.10000000 -.74440954
59.13000000 -.73378177
59.16000000 -.72384952
59.19000000 -.71463665
59.22000000 -.70616593
59.25000000 -.69845887
59.28000000 -.69153560
59.31000000 -.68541465
59.34000000 -.68011279
59.37000000 -.67564492
59.40000000 -.67202388
59.43000000 -.66926029
59.46000000 -.66736249
59.49000000 -.66633635
59.52000000 -.66618523
59.55000000 -.66690985
59.58000000 -.66850827
59.61000000 -.67097580
59.64000000 -.67430500
59.67000000 -.67848567
59.70000000 -.68350485
59.73000000 -.68934686
59.76000000 -.69599333
59.79000000 -.70342329
59.82000000 -.71161324
59.85000000 -.72053724
59.88000000 -.73016702
59.91000000 -.74047209
59.94000000 -.75141989
59.97000000 -.76297592
60.00000000 -.77510386
60.03000000 -.78776574
60.06000000 -.80092208
60.09000000 -.81453205
60.12000000 -.82855359
60.15000000 -.84294360
60.18000000 -.85765808
60.21000000 -.87265225
60.24000000 -.88788074
60.27000000 -.90329767
60.30000000 -.91885686
60.33000000 -.93451191
60.36000000 -.95021636
60.39000000 -.96592382
60.42000000 -.98158807
60.45000000 -.99716325
60.48000000 -1.01260391
60.51000000 -1.02786518
60.54000000 -1.04290289
60.57000000 -1.05767366
60.60000000 -1.07213506
60.63000000 -1.08624571
60.66000000 -1.09996539
60.69000000 -1.11325516
60.72000000 -1.12607751
60.75000000 -1.13839641
60.78000000 -1.15017745
60.81000000 -1.16138797
60.84000000 -1.17199712
60.87000000 -1.18197595
60.90000000 -1.19129753
60.93000000 -1.19993701
60.96000000 -1.20787168
60.99000000 -1.21508105
61.02000000 -1.22154687
61.05000000 -1.22725319
61.08000000 -1.23218636
61.11000000 -1.23633507
61.14000000 -1.23969029
61.17000000 -1.24224534
61.20000000 -1.24399577
61.23000000 -1.24493935
61.26000000 -1.24507604
61.29000000 -1.24440786
61.32000000 -1.24293887
61.35000000 -1.24067503
61.38000000 -1.23762411
61.41000000 -1.23379560
61.44000000 -1.22920057
61.47000000 -1.22385156
61.50000000 -1.21776243
61.53000000 -1.21094829
61.56000000 -1.20342528
61.59000000 -1.19521053
61.62000000 -1.18632198
61.65000000 -1.17677824
61.68000000 -1.16659854
61.71000000 -1.15580251
61.74000000 -1.14441016
61.77000000 -1.13244171
61.80000000 -1.11991754
61.83000000 -1.10685803
61.86000000 -1.09328355
61.89000000 -1.07921431
61.92000000 -1.06467035
61.95000000 -1.04967142
61.98000000 -1.03423697
62.01000000 -1.01838605
62.04000000 -1.00213733
62.07000000 -.98550899
62.10000000 -.96851876
62.13000000 -.95118385
62.16000000 -.93352093
62.19000000 -.91554614
62.22000000 -.89727509
62.25000000 -.87872280
62.28000000 -.85990377
62.31000000 -.84083195
62.34000000 -.82152072
62.37000000 -.80198296
62.40000000 -.78223102
62.43000000 -.76227675
62.46000000 -.74213154
62.49000000 -.72180629
62.52000000 -.70131149
62.55000000 -.68065718
62.58000000 -.65985307
62.61000000 -.63890846
62.64000000 -.61783235
62.67000000 -.59663343
62.70000000 -.57532014
62.73000000 -.55390065
62.76000000 -.53238297
62.79000000 -.51077490
62.82000000 -.48908413
62.85000000 -.46731826
62.88000000 -.44548480
62.91000000 -.42359125
62.94000000 -.40164511
62.97000000 -.37965394
63.00000000 -.35762536
63.03000000 -.33556713
63.06000000 -.31348716
63.09000000 -.29139355
63.12000000 -.26929464
63.15000000 -.24719903
63.18000000 -.22511565
63.21000000 -.20305374
63.24000000 -.18102293
63.27000000 -.15903327
63.30000000 -.13709524
63.33000000 -.11521980
63.36000000 -.09341844
63.39000000 -.07170314
63.42000000 -.05008650
63.45000000 -.02858165
63.48000000 -.00720236
63.51000000 .01403699
63.54000000 .03512136
63.57000000 .05603509
63.60000000 .07676185
63.63000000 .09728466
63.66000000 .11758589
63.69000000 .13764726
63.72000000 .15744987
63.75000000 .17697422
63.78000000 .19620023
63.81000000 .21510729
63.84000000 .23367427
63.87000000 .25187962
63.90000000 .26970138
63.93000000 .28711725
63.96000000 .30410470
63.99000000 .32064099
64.02000000 .33670330
64.05000000 .35226878
64.08000000 .36731468
64.11000000 .38181842
64.14000000 .39575771
64.17000000 .40911066
64.20000000 .42185587
64.23000000 .43397255
64.26000000 .44544065
64.29000000 .45624093
64.32000000 .46635511
64.35000000 .47576595
64.38000000 .48445736
64.41000000 .49241452
64.44000000 .49962396
64.47000000 .50607363
64.50000000 .51175303
64.53000000 .51665325
64.56000000 .52076706
64.59000000 .52408897
64.62000000 .52661528
64.65000000 .52834414
64.68000000 .52927558
64.71000000 .52941153
64.74000000 .52875588
64.77000000 .52731444
64.80000000 .52509501
64.83000000 .52210732
64.86000000 .51836306
64.89000000 .51387582
64.92000000 .50866112
64.95000000 .50273630
64.98000000 .49612054
65.01000000 .48883478
65.04000000 .48090167
65.07000000 .47234549
65.10000000 .46319209
65.13000000 .45346882
65.16000000 .44320442
65.19000000 .43242896
65.22000000 .42117372
65.25000000 .40947112
65.28000000 .39735460
65.31000000 .38485852
65.34000000 .37201806
65.37000000 .35886911
65.40000000 .34544816
65.43000000 .33179222
65.46000000 .31793865
65.49000000 .30392511
65.52000000 .28978944
65.55000000 .27556954
65.58000000 .26130328
65.61000000 .24702838
65.64000000 .23278233
65.67000000 .21860228
65.70000000 .20452495
65.73000000 .19058651
65.76000000 .17682252
65.79000000 .16326782
65.82000000 .14995644
65.85000000 .13692153
65.88000000 .12419523
65.91000000 .11180867
65.94000000 .09979180
65.97000000 .08817338
66.00000000 .07698086
66.03000000 .06624037
66.06000000 .05597658
66.09000000 .04621272
66.12000000 .03697047
66.15000000 .02826991
66.18000000 .02012953
66.21000000 .01256613
66.24000000 .00559484
66.27000000 -.00077094
66.30000000 -.00651955
66.33000000 -.01164105
66.36000000 -.01612724
66.39000000 -.01997168
66.42000000 -.02316963
66.45000000 -.02571805
66.48000000 -.02761557
66.51000000 -.02886246
66.54000000 -.02946057
66.57000000 -.02941332
66.60000000 -.02872560
66.63000000 -.02740373
66.66000000 -.02545542
66.69000000 -.02288965
66.72000000 -.01971668
66.75000000 -.01594792
66.78000000 -.01159585
66.81000000 -.00667401
66.84000000 -.00119687
66.87000000 .00482021
66.90000000 .01136107
66.93000000 .01840878
66.96000000 .02594576
66.99000000 .03395379
67.02000000 .04241410
67.05000000 .05130740
67.08000000 .06061396
67.11000000 .07031362
67.14000000 .08038587
67.17000000 .09080985
67.20000000 .10156441
67.23000000 .11262813
67.26000000 .12397935
67.29000000 .13559617
67.32000000 .14745650
67.35000000 .15953803
67.38000000 .17181830
67.41000000 .18427466
67.44000000 .19688428
67.47000000 .20962417
67.50000000 .22247121
67.53000000 .23540206
67.56000000 .24839326
67.59000000 .26142118
67.62000000 .27446202
67.65000000 .28749184
67.68000000 .30048650
67.71000000 .31342177
67.74000000 .32627320
67.77000000 .33901627
67.80000000 .35162627
67.83000000 .36407842
67.86000000 .37634780
67.89000000 .38840946
67.92000000 .40023835
67.95000000 .41180942
67.98000000 .42309761
68.01000000 .43407793
68.04000000 .44472545
68.07000000 .45501536
68.10000000 .46492305
68.13000000 .47442413
68.16000000 .48349449
68.19000000 .49211037
68.22000000 .50024842
68.25000000 .50788574
68.28000000 .51500001
68.31000000 .52156949
68.34000000 .52757314
68.37000000 .53299067
68.40000000 .53780263
68.43000000 .54199046
68.46000000 .54553659
68.49000000 .54842453
68.52000000 .55063890
68.55000000 .55216552
68.58000000 .55299150
68.61000000 .55310530
68.64000000 .55249679
68.67000000 .55115733
68.70000000 .54907982
68.73000000 .54625875
68.76000000 .54269031
68.79000000 .53837235
68.82000000 .53330451
68.85000000 .52748822
68.88000000 .52092673
68.91000000 .51362517
68.94000000 .50559054
68.97000000 .49683176
69.00000000 .48735963
69.03000000 .47718689
69.06000000 .46632817
69.09000000 .45480000
69.12000000 .44262078
69.15000000 .42981075
69.18000000 .41639195
69.21000000 .40238818
69.24000000 .38782497
69.27000000 .37272947
69.30000000 .35713045
69.33000000 .34105818
69.36000000 .32454437
69.39000000 .30762210
69.42000000 .29032575
69.45000000 .27269085
69.48000000 .25475408
69.51000000 .23655308
69.54000000 .21812645
69.57000000 .19951359
69.60000000 .18075459
69.63000000 .16189021
69.66000000 .14296169
69.69000000 .12401068
69.72000000 .10507915
69.75000000 .08620926
69.78000000 .06744329
69.81000000 .04882346
69.84000000 .03039188
69.87000000 .01219041
69.90000000 -.00573944
69.93000000 -.02335666
69.96000000 -.04062082
69.99000000 -.05749225
70.02000000 -.07393208
70.05000000 -.08990247
70.08000000 -.10536665
70.11000000 -.12028909
70.14000000 -.13463560
70.17000000 -.14837350
70.20000000 -.16147168
70.23000000 -.17390076
70.26000000 -.18563320
70.29000000 -.19664337
70.32000000 -.20690769
70.35000000 -.21640468
70.38000000 -.22511506
70.41000000 -.23302182
70.44000000 -.24011023
70.47000000 -.24636793
70.50000000 -.25178492
70.53000000 -.25635356
70.56000000 -.26006859
70.59000000 -.26292709
70.62000000 -.26492844
70.65000000 -.26607427
70.68000000 -.26636838
70.71000000 -.26581667
70.74000000 -.26442706
70.77000000 -.26220935
70.80000000 -.25917510
70.83000000 -.25533757
70.86000000 -.25071153
70.89000000 -.24531314
70.92000000 -.23915981
70.95000000 -.23227009
70.98000000 -.22466349
71.01000000 -.21636036
71.04000000 -.20738174
71.07000000 -.19774928
71.10000000 -.18748502
71.13000000 -.17661135
71.16000000 -.16515087
71.19000000 -.15312625
71.22000000 -.14056018
71.25000000 -.12747523
71.28000000 -.11389379
71.31000000 -.09983800
71.34000000 -.08532964
71.37000000 -.07039013
71.40000000 -.05504040
71.43000000 -.03930092
71.46000000 -.02319159
71.49000000 -.00673177
71.52000000 .01005980
71.55000000 .02716499
71.58000000 .04456631
71.61000000 .06224690
71.64000000 .08019058
71.67000000 .09838180
71.70000000 .11680568
71.73000000 .13544796
71.76000000 .15429505
71.79000000 .17333396
71.82000000 .19255233
71.85000000 .21193840
71.88000000 .23148098
71.91000000 .25116943
71.94000000 .27099368
71.97000000 .29094413
72.00000000 .31101173
72.03000000 .33118785
72.06000000 .35146432
72.09000000 .37183341
72.12000000 .39228774
72.15000000 .41282032
72.18000000 .43342450
72.21000000 .45409392
72.24000000 .47482251
72.27000000 .49560446
72.30000000 .51643416
72.33000000 .53730623
72.36000000 .55821543
72.39000000 .57915667
72.42000000 .60012495
72.45000000 .62111538
72.48000000 .64212310
72.51000000 .66314329
72.54000000 .68417112
72.57000000 .70520172
72.60000000 .72623019
72.63000000 .74725152
72.66000000 .76826062
72.69000000 .78925224
72.72000000 .81022101
72.75000000 .83116136
72.78000000 .85206753
72.81000000 .87293356
72.84000000 .89375325
72.87000000 .91452018
72.90000000 .93522764
72.93000000 .95586870
72.96000000 .97643613
72.99000000 .99692244
73.02000000 1.01731990
73.05000000 1.03762047
73.08000000 1.05781588
73.11000000 1.07789762
73.14000000 1.09785693
73.17000000 1.11768487
73.20000000 1.13737230
73.23000000 1.15690992
73.26000000 1.17628833
73.29000000 1.19549800
73.32000000 1.21452940
73.35000000 1.23337297
73.38000000 1.25201919
73.41000000 1.27045863
73.44000000 1.28868199
73.47000000 1.30668019
73.50000000 1.32444435
73.53000000 1.34196590
73.56000000 1.35923661
73.59000000 1.37624866
73.62000000 1.39299464
73.65000000 1.40946764
73.68000000 1.42566129
73.71000000 1.44156976
73.74000000 1.45718784
73.77000000 1.47251092
73.80000000 1.48753507
73.83000000 1.50225701
73.86000000 1.51667415
73.89000000 1.53078457
73.92000000 1.54458705
73.95000000 1.55808106
73.98000000 1.57126674
74.01000000 1.58414489
74.04000000 1.59671694
74.07000000 1.60898495
74.10000000 1.62095159
74.13000000 1.63262006
74.16000000 1.64399412
74.19000000 1.65507800
74.22000000 1.66587641
74.25000000 1.67639448
74.28000000 1.68663772
74.31000000 1.69661201
74.34000000 1.70632351
74.37000000 1.71577867
74.40000000 1.72498418
74.43000000 1.73394694
74.46000000 1.74267400
74.49000000 1.75117256
74.52000000 1.75944993
74.55000000 1.76751348
74.58000000 1.77537064
74.61000000 1.78302889
74.64000000 1.79049567
74.67000000 1.79777842
74.70000000 1.80488456
74.73000000 1.81182144
74.76000000 1.81859632
74.79000000 1.82521641
74.82000000 1.83168879
74.85000000 1.83802046
74.88000000 1.84421827
74.91000000 1.85028896
74.94000000 1.85623914
74.97000000 1.86207528
75.00000000 1.86780368
75.03000000 1.87343051
75.06000000 1.87896178
75.09000000 1.88440335
75.12000000 1.88976092
75.15000000 1.89504001
75.18000000 1.90024602
75.21000000 1.90538414
75.24000000 1.91045943
75.27000000 1.91547679
75.30000000 1.92044093
75.33000000 1.92535643
75.36000000 1.93022770
75.39000000 1.93505897
75.42000000 1.93985435
75.45000000 1.94461776
75.48000000 1.94935298
75.51000000 1.95406362
75.54000000 1.95875315
75.57000000 1.96342488
75.60000000 1.96808195
75.63000000 1.97272738
75.66000000 1.97736399
75.69000000 1.98199450
75.72000000 1.98662142
75.75000000 1.99124714
75.78000000 1.99587389
75.81000000 2.00050374
75.84000000 2.00513860
75.87000000 2.00978022
75.90000000 2.01443018
75.93000000 2.01908993
75.96000000 2.02376071
75.99000000 2.02844363
76.02000000 2.03313961
76.05000000 2.03784940
76.08000000 2.04257357
76.11000000 2.04731252
76.14000000 2.05206646
76.17000000 2.05683541
76.20000000 2.06161922
76.23000000 2.06641753
76.26000000 2.07122979
76.29000000 2.07605524
76.32000000 2.08089294
76.35000000 2.08574171
76.38000000 2.09060021
76.41000000 2.09546685
76.44000000 2.10033984
76.47000000 2.10521719
76.50000000 2.11009669
76.53000000 2.11497590
76.56000000 2.11985218
76.59000000 2.12472271
76.62000000 2.12958440
76.65000000 2.13443401
76.68000000 2.13926808
76.71000000 2.14408295
76.74000000 2.14887478
76.77000000 2.15363956
76.80000000 2.15837308
76.83000000 2.16307099
76.86000000 2.16772881
76.89000000 2.17234187
76.92000000 2.17690544
76.95000000 2.18141462
76.98000000 2.18586445
77.01000000 2.19024988
77.04000000 2.19456581
77.07000000 2.19880707
77.10000000 2.20296849
77.13000000 2.20704486
77.16000000 2.21103099
77.19000000 2.21492173
77.22000000 1.06894095
77.25000000 1.08052909
77.28000000 1.09168279
77.31000000 1.10239635
77.34000000 1.11266429
77.37000000 1.12248130
77.40000000 1.13184230
77.43000000 1.14074241
77.46000000 1.14917701
77.49000000 1.15714168
77.52000000 1.16463227
77.55000000 1.17164484
77.58000000 1.17817572
77.61000000 1.18422146
77.64000000 1.18977887
77.67000000 1.19484498
77.70000000 1.19941708
77.73000000 1.20349267
77.76000000 1.20706950
77.79000000 1.21014556
77.82000000 1.21271908
77.85000000 1.21478853
77.88000000 1.21635262
77.91000000 1.21741034
77.94000000 1.21796093
77.97000000 1.21800394
78.00000000 1.21753919
78.03000000 1.21656686
78.06000000 1.21508746
78.09000000 1.21310188
78.12000000 1.21061145
78.15000000 1.20761792
78.18000000 1.20412357
78.21000000 1.20013118
78.24000000 1.19564416
78.27000000 1.19066655
78.30000000 1.18520308
78.33000000 1.17925925
78.36000000 1.17284137
78.39000000 1.16595665
78.42000000 1.15861323
78.45000000 1.15082027
78.48000000 1.14258799
78.51000000 1.13392777
78.54000000 1.12485214
78.57000000 1.11537491
78.60000000 1.10551117
78.63000000 1.09527737
78.66000000 1.08469132
78.69000000 1.07377224
78.72000000 1.06254079
78.75000000 1.05101906
78.78000000 1.03923059
78.81000000 1.02720035
78.84000000 1.01495472
78.87000000 1.00252145
78.90000000 .98992962
78.93000000 .97720959
78.96000000 .96439291
78.99000000 .95151224
79.02000000 .93860125
79.05000000 .92569452
79.08000000 .91282741
79.11000000 .90003594
79.14000000 .88735662
79.17000000 .87482632
79.20000000 .86248213
79.23000000 .85036113
79.26000000 .83850030
79.29000000 .82693626
79.32000000 .81570517
79.35000000 .80484247
79.38000000 .79438279
79.41000000 .78435966
79.44000000 .77480546
79.47000000 .76575113
79.50000000 .75722611
79.53000000 .74925811
79.56000000 .74187301
79.59000000 .73509471
79.62000000 .72894502
79.65000000 .72344355
79.68000000 .71860762
79.71000000 .71445220
79.74000000 .71098986
79.77000000 .70823070
79.80000000 .70618238
79.83000000 .70485009
79.86000000 .70423658
79.89000000 .70434220
79.92000000 .70516495
79.95000000 .70670053
79.98000000 .70894246
80.01000000 .71188217
80.04000000 .71550909
80.07000000 .71981077
80.10000000 .72477304
80.13000000 .73038010
80.16000000 .73661472
80.19000000 .74345830
80.22000000 .75089111
80.25000000 .75889236
80.28000000 .76744038
80.31000000 .77651278
80.34000000 .78608652
80.37000000 .79613814
80.40000000 .80664381
80.43000000 .81757948
80.46000000 .82892100
80.49000000 .84064424
80.52000000 .85272516
80.55000000 .86513994
80.58000000 .87786502
80.61000000 .89087723
80.64000000 .90415382
80.67000000 .91767256
80.70000000 .93141174
80.73000000 .94535029
80.76000000 .95946776
80.79000000 .97374442
80.82000000 .98816121
80.85000000 1.00269985
80.88000000 1.01734278
80.91000000 1.03207325
80.94000000 1.04687526
80.97000000 1.06173364
81.00000000 1.07663396
81.03000000 1.09156263
81.06000000 1.10650681
81.09000000 1.12145444
81.12000000 1.13639425
81.15000000 1.15131569
81.18000000 1.16620896
81.21000000 1.18106498
81.24000000 1.19587535
81.27000000 1.21063236
81.30000000 1.22532894
81.33000000 1.23995864
81.36000000 1.25451561
81.39000000 1.26899457
81.42000000 1.28339077
81.45000000 1.29769998
81.48000000 1.31191843
81.51000000 1.32604279
81.54000000 1.34007016
81.57000000 1.35399799
81.60000000 1.36782410
81.63000000 1.38154659
81.66000000 1.39516384
81.69000000 1.40867448
81.72000000 1.42207733
81.75000000 1.43537139
81.78000000 1.44855578
81.81000000 1.46162974
81.84000000 1.47459257
81.87000000 1.48744362
81.90000000 1.50018222
81.93000000 1.51280772
81.96000000 1.52531938
81.99000000 1.53771642
82.02000000 1.54999796
82.05000000 1.56216298
82.08000000 1.57421034
82.11000000 1.58613874
82.14000000 1.59794672
82.17000000 1.60963264
82.20000000 1.62119467
82.23000000 1.63263080
82.26000000 1.64393883
82.29000000 1.65511636
82.32000000 1.66616083
82.35000000 1.67706951
82.38000000 1.68783949
82.41000000 1.69846775
82.44000000 1.70895113
82.47000000 1.71928640
82.50000000 1.72947023
82.53000000 1.73949927
82.56000000 1.74937015
82.59000000 1.75907952
82.62000000 1.76862409
82.65000000 1.77800065
82.68000000 1.78720612
82.71000000 1.79623757
82.74000000 1.80509226
82.77000000 1.81376766
82.80000000 1.82226151
82.83000000 1.83057181
82.86000000 1.83869687
82.89000000 1.84663533
82.92000000 1.85438615
82.95000000 1.86194870
82.98000000 1.86932267
83.01000000 1.87650816
83.04000000 1.88350567
83.07000000 1.89031607
83.10000000 1.89694063
83.13000000 1.90338100
83.16000000 1.90963921
83.19000000 1.91571766
83.22000000 1.92161912
83.25000000 1.92734666
83.28000000 1.93290372
83.31000000 1.93829402
83.34000000 1.94352156
83.37000000 1.94859063
83.40000000 1.95350572
83.43000000 1.95827159
83.46000000 1.96289316
83.49000000 1.96737553
83.52000000 1.97172396
83.55000000 1.97594384
83.58000000 1.98004066
83.61000000 1.98401999
83.64000000 1.98788750
83.67000000 1.99164886
83.70000000 1.99530980
83.73000000 1.99887604
83.76000000 2.00235333
83.79000000 2.00574735
83.82000000 2.00906378
83.85000000 2.01230824
83.88000000 2.01548629
83.91000000 2.01860342
83.94000000 2.02166503
83.97000000 2.02467644
84.00000000 2.02764287
84.03000000 2.03056942
84.06000000 2.03346110
84.09000000 2.03632278
84.12000000 2.03915922
84.15000000 2.04197505
84.18000000 2.04477476
84.21000000 2.04756272
84.24000000 2.05034315
84.27000000 2.05312015
84.30000000 2.05589766
84.33000000 2.05867949
84.36000000 2.06146931
84.39000000 2.06427064
84.42000000 2.06708688
84.45000000 2.06992125
84.48000000 2.07277686
84.51000000 2.07565667
84.54000000 2.07856350
84.57000000 2.08150003
84.60000000 2.08446881
84.63000000 2.08747223
84.66000000 2.09051257
84.69000000 2.09359196
84.72000000 2.09671241
84.75000000 2.09987577
84.78000000 2.10308379
84.81000000 2.10633807
84.84000000 2.10964009
84.87000000 2.11299119
84.90000000 2.11639260
84.93000000 2.11984540
84.96000000 2.12335057
84.99000000 2.12690895
85.02000000 2.13052126
85.05000000 2.13418809
85.08000000 2.13790992
85.11000000 2.14168709
85.14000000 2.14551985
85.17000000 2.14940829
85.20000000 2.15335240
85.23000000 2.15735205
85.26000000 2.16140700
85.29000000 2.16551686
85.32000000 2.16968115
85.35000000 2.17389926
85.38000000 2.17817047
85.41000000 2.18249394
85.44000000 2.18686869
85.47000000 2.19129367
85.50000000 2.19576768
85.53000000 2.20028942
85.56000000 2.20485747
85.59000000 2.20947031
85.62000000 2.21412630
85.65000000 2.21882370
85.68000000 2.22356066
85.71000000 2.22833523
85.74000000 2.23314536
85.77000000 2.23798889
85.80000000 2.24286358
85.83000000 2.24776709
85.86000000 2.25269701
85.89000000 2.25765083
85.92000000 2.26262597
85.95000000 2.26761977
85.98000000 2.27262951
86.01000000 2.27765241
86.04000000 2.28268564
86.07000000 2.28772630
86.10000000 2.29277148
86.13000000 2.29781820
86.16000000 2.30286349
86.19000000 2.30790434
86.22000000 2.31293773
86.25000000 2.31796065
86.28000000 2.32297008
86.31000000 2.32796303
86.34000000 2.33293653
86.37000000 2.33788764
86.40000000 2.34281345
86.43000000 1.42993120
86.46000000 1.44207187
86.49000000 1.45404201
86.52000000 1.46583853
86.55000000 1.47745859
86.58000000 1.48889963
86.61000000 1.50015931
86.64000000 1.51123559
86.67000000 1.52212668
86.70000000 1.53283106
86.73000000 1.54334746
86.76000000 1.55367490
86.79000000 1.56381264
86.82000000 1.57376023
86.85000000 1.58351745
86.88000000 1.59308434
86.91000000 1.60246119
86.94000000 1.61164853
86.97000000 1.62064714
87.00000000 1.62945801
87.03000000 1.63808234
87.06000000 1.64652157
87.09000000 1.65477732
87.12000000 1.66285142
87.15000000 1.67074588
87.18000000 1.67846287
87.21000000 1.68600475
87.24000000 1.69337402
87.27000000 1.70057333
87.30000000 1.70760545
87.33000000 1.71447331
87.36000000 1.72117992
87.39000000 1.72772842
87.42000000 1.73412204
87.45000000 1.74036409
87.48000000 1.74645798
87.51000000 1.75240716
87.54000000 1.75821517
87.57000000 1.76388558
87.60000000 1.76942203
87.63000000 1.77482819
87.66000000 1.78010775
87.69000000 1.78526444
87.72000000 1.79030201
87.75000000 1.79522421
87.78000000 1.80003481
87.81000000 1.80473757
87.84000000 1.80933626
87.87000000 1.81383464
87.90000000 1.81823646
87.93000000 1.82254545
87.96000000 1.82676532
87.99000000 1.83089977
88.02000000 1.83495246
88.05000000 1.83892703
88.08000000 1.84282709
88.11000000 1.84665622
88.14000000 1.85041796
88.17000000 1.85411582
88.20000000 1.85775326
88.23000000 1.86133372
88.26000000 1.86486058
88.29000000 1.86833719
88.32000000 1.87176685
88.35000000 1.87515284
88.38000000 1.87849836
88.41000000 1.88180659
88.44000000 1.88508065
88.47000000 1.88832363
88.50000000 1.89153857
88.53000000 1.89472846
88.56000000 1.89789624
88.59000000 1.90104481
88.62000000 1.90417703
88.65000000 1.90729570
88.68000000 1.91040359
88.71000000 1.91350341
88.74000000 1.91659783
88.77000000 1.91968948
88.80000000 1.92278094
88.83000000 1.92587473
88.86000000 1.92897336
88.89000000 1.93207927
88.92000000 1.93519484
88.95000000 1.93832245
88.98000000 1.94146440
89.01000000 1.94462295
89.04000000 1.94780034
89.07000000 1.95099873
89.10000000 1.95422026
89.13000000 1.95746702
89.16000000 1.96074106
89.19000000 1.96404437
89.22000000 1.96737891
89.25000000 1.97074659
89.28000000 1.97414927
89.31000000 1.97758879
89.34000000 1.98106690
89.37000000 1.98458535
89.40000000 1.98814580
89.43000000 1.99174990
89.46000000 1.99539923
89.49000000 1.99909532
89.52000000 2.00283967
89.55000000 2.00663371
89.58000000 2.01047882
89.61000000 2.01437634
89.64000000 2.01832755
89.67000000 2.02233366
89.70000000 2.02639584
89.73000000 2.03051520
89.76000000 2.03469279
89.79000000 2.03892959
89.82000000 2.04322653
89.85000000 2.04758445
89.88000000 2.05200414
89.91000000 2.05648633
89.94000000 2.06103165
89.97000000 2.06564067
90.00000000 2.07031387
90.03000000 2.07505167
90.06000000 2.07985438
90.09000000 2.08472224
90.12000000 2.08965539
90.15000000 2.09465386
90.18000000 2.09971762
90.21000000 2.10484649
90.24000000 2.11004022
90.27000000 2.11529842
90.30000000 2.12062062
90.33000000 2.12600618
90.36000000 2.13145439
90.39000000 2.13696437
90.42000000 2.14253514
90.45000000 2.14816556
90.48000000 2.15385435
90.51000000 2.15960010
90.54000000 2.16540125
90.57000000 2.17125609
90.60000000 2.17716274
90.63000000 2.18311918
90.66000000 2.18912324
90.69000000 2.19517256
90.72000000 2.20126466
90.75000000 2.20739687
90.78000000 2.21356638
90.81000000 2.21977020
90.84000000 2.22600523
90.87000000 2.23226816
90.90000000 2.23855560
90.93000000 2.24486396
90.96000000 2.25118956
90.99000000 2.25752858
91.02000000 2.26387709
91.05000000 2.27023104
91.08000000 2.27658632
91.11000000 2.28293872
91.14000000 2.28928397
91.17000000 2.29561774
91.20000000 2.30193567
91.23000000 2.30823341
91.26000000 2.31450656
91.29000000 2.32075078
91.32000000 2.32696175
91.35000000 2.33313519
91.38000000 2.33926692
91.41000000 2.34535282
91.44000000 2.35138889
91.47000000 1.45394412
91.50000000 1.46850406
91.53000000 1.48279169
91.56000000 1.49680531
91.59000000 1.51054361
91.62000000 1.52400571
91.65000000 1.53719114
91.68000000 1.55009986
91.71000000 1.56273224
91.74000000 1.57508907
91.77000000 1.58717154
91.80000000 1.59898126
91.83000000 1.61052021
91.86000000 1.62179078
91.89000000 1.63279569
91.92000000 1.64353803
91.95000000 1.65402122
91.98000000 1.66424900
92.01000000 1.67422540
92.04000000 1.68395474
92.07000000 1.69344159
92.10000000 1.70269075
92.13000000 1.71170725
92.16000000 1.72049633
92.19000000 1.72906338
92.22000000 1.73741398
92.25000000 1.74555382
92.28000000 1.75348874
92.31000000 1.76122466
92.34000000 1.76876761
92.37000000 1.77612366
92.40000000 1.78329897
92.43000000 1.79029972
92.46000000 1.79713211
92.49000000 1.80380239
92.52000000 1.81031676
92.55000000 1.81668146
92.58000000 1.82290268
92.61000000 1.82898660
92.64000000 1.83493934
92.67000000 1.84076699
92.70000000 1.84647560
92.73000000 1.85207115
92.76000000 1.85755954
92.79000000 1.86294662
92.82000000 1.86823817
92.85000000 1.87343987
92.88000000 1.87855734
92.91000000 1.88359612
92.94000000 1.88856163
92.97000000 1.89345923
93.00000000 1.89829417
93.03000000 1.90307164
93.06000000 1.90779669
93.09000000 1.91247430
93.12000000 1.91710934
93.15000000 1.92170661
93.18000000 1.92627077
93.21000000 1.93080641
93.24000000 1.93531801
93.27000000 1.93980995
93.30000000 1.94428650
93.33000000 1.94875185
93.36000000 1.95321006
93.39000000 1.95766511
93.42000000 1.96212086
93.45000000 1.96658107
93.48000000 1.97104940
93.51000000 1.97552941
93.54000000 1.98002453
93.57000000 1.98453811
93.60000000 1.98907337
93.63000000 1.99363343
93.66000000 1.99822130
93.69000000 2.00283988
93.72000000 2.00749194
93.75000000 2.01218016
93.78000000 2.01690708
93.81000000 2.02167515
93.84000000 2.02648666
93.87000000 2.03134382
93.90000000 2.03624869
93.93000000 2.04120322
93.96000000 2.04620923
93.99000000 2.05126839
94.02000000 2.05638227
94.05000000 2.06155230
94.08000000 2.06677977
94.11000000 2.07206583
94.14000000 2.07741150
94.17000000 2.08281766
94.20000000 2.08828505
94.23000000 2.09381427
94.26000000 2.09940577
94.29000000 2.10505988
94.32000000 2.11077675
94.35000000 2.11655642
94.38000000 2.12239875
94.41000000 2.12830350
94.44000000 2.13427025
94.47000000 2.14029845
94.50000000 2.14638742
94.53000000 2.15253630
94.56000000 2.15874415
94.59000000 2.16500983
94.62000000 2.17133212
94.65000000 2.17770963
94.68000000 2.18414086
94.71000000 2.19062417
94.74000000 2.19715782
94.77000000 2.20373994
94.80000000 2.21036853
94.83000000 2.21704150
94.86000000 2.22375665
94.89000000 2.23051168
94.92000000 2.23730419
94.95000000 2.24413168
94.98000000 2.25099159
95.01000000 2.25788126
95.04000000 2.26479794
95.07000000 2.27173884
95.10000000 2.27870109
95.13000000 2.28568173
95.16000000 2.29267779
95.19000000 2.29968621
95.22000000 2.30670389
95.25000000 2.31372768
95.28000000 2.32075440
95.31000000 2.32778082
95.34000000 2.33480366
95.37000000 2.34181963
95.40000000 2.34882539
95.43000000 2.35581758
95.46000000 2.36279280
95.49000000 2.36974764
95.52000000 2.37667866
95.55000000 2.38358239
95.58000000 2.39045536
95.61000000 2.39729408
95.64000000 2.40409502
95.67000000 2.41085468
95.70000000 2.41756953
95.73000000 2.42423604
95.76000000 2.43085068
95.79000000 2.43740994
95.82000000 2.44391030
95.85000000 2.45034830
95.88000000 2.45672046
95.91000000 2.46302337
95.94000000 2.46925365
95.97000000 2.47540797
96.00000000 2.48148306
96.03000000 2.48747573
96.06000000 2.49338288
96.09000000 2.49920150
96.12000000 2.50492867
96.15000000 2.51056160
96.18000000 2.51609764
96.21000000 2.52153426
96.24000000 1.82954943
96.27000000 1.84002730
96.30000000 1.85023988
96.33000000 1.86018752
96.36000000 1.86987084
96.39000000 1.87929074
96.42000000 1.88844839
96.45000000 1.89734527
96.48000000 1.90598312
96.51000000 1.91436400
96.54000000 1.92249025
96.57000000 1.93036453
96.60000000 1.93798977
96.63000000 1.94536917
96.66000000 1.95250627
96.69000000 1.95940482
96.72000000 1.96606887
96.75000000 1.97250273
96.78000000 1.97871095
96.81000000 1.98469831
96.84000000 1.99046982
96.87000000 1.99603069
96.90000000 2.00138633
96.93000000 2.00654235
96.96000000 2.01150449
96.99000000 2.01627868
97.02000000 2.02087097
97.05000000 2.02528755
97.08000000 2.02953470
97.11000000 2.03361882
97.14000000 2.03754638
97.17000000 2.04132393
97.20000000 2.04495805
97.23000000 2.04845539
97.26000000 2.05182263
97.29000000 2.05506645
97.32000000 2.05819357
97.35000000 2.06121067
97.38000000 2.06412444
97.41000000 2.06694155
97.44000000 2.06966860
97.47000000 2.07231220
97.50000000 2.07487886
97.53000000 2.07737506
97.56000000 2.07980720
97.59000000 2.08218161
97.62000000 2.08450454
97.65000000 2.08678214
97.68000000 2.08902047
97.71000000 2.09122550
97.74000000 2.09340308
97.77000000 2.09555896
97.80000000 2.09769876
97.83000000 2.09982799
97.86000000 2.10195203
97.89000000 2.10407616
97.92000000 2.10620548
97.95000000 2.10834499
97.98000000 2.11049954
98.01000000 2.11267386
98.04000000 2.11487251
98.07000000 2.11709992
98.10000000 2.11936037
98.13000000 2.12165800
98.16000000 2.12399678
98.19000000 2.12638056
98.22000000 2.12881300
98.25000000 2.13129764
98.28000000 2.13383783
98.31000000 2.13643681
98.34000000 2.13909761
98.37000000 2.14182314
98.40000000 2.14461613
98.43000000 2.14747916
98.46000000 2.15041464
98.49000000 2.15342483
98.52000000 2.15651182
98.55000000 2.15967752
98.58000000 2.16292371
98.61000000 2.16625198
98.64000000 2.16966376
98.67000000 2.17316031
98.70000000 2.17674273
98.73000000 2.18041195
98.76000000 2.18416873
98.79000000 2.18801366
98.82000000 2.19194716
98.85000000 2.19596948
98.88000000 2.20008070
98.91000000 2.20428073
98.94000000 2.20856933
98.97000000 2.21294604
99.00000000 2.21741028
99.03000000 2.22196127
99.06000000 2.22659808
99.09000000 2.23131960
99.12000000 2.23612456
99.15000000 2.24101151
99.18000000 2.24597885
99.21000000 2.25102482
99.24000000 2.25614749
99.27000000 2.26134478
99.30000000 2.26661445
99.33000000 2.27195412
99.36000000 2.27736125
99.39000000 2.28283316
99.42000000 2.28836703
99.45000000 2.29395991
99.48000000 2.29960872
99.51000000 2.30531025
99.54000000 2.31106119
99.57000000 2.31685809
99.60000000 2.32269743
99.63000000 2.32857555
99.66000000 2.33448873
99.69000000 2.34043315
99.72000000 2.34640493
99.75000000 2.35240011
99.78000000 2.35841466
99.81000000 2.36444452
99.84000000 2.37048557
99.87000000 2.37653366
99.90000000 2.38258461
99.93000000 2.38863423
99.96000000 2.39467830
99.99000000 2.40071263
100.02000000 2.40673302
100.05000000 2.41273528
100.08000000 2.41871525
100.11000000 2.42466881
100.14000000 2.43059188
100.17000000 2.43648041
100.20000000 2.44233044
100.23000000 2.44813804
100.26000000 2.45389939
100.29000000 2.45961071
100.32000000 2.46526834
100.35000000 2.47086870
100.38000000 2.47640831
100.41000000 2.48188379
100.44000000 2.48729189
100.47000000 2.49262947
100.50000000 2.49789351
100.53000000 2.50308113
100.56000000 1.79167407
100.59000000 1.80193810
100.62000000 1.81197805
100.65000000 1.82179263
100.68000000 1.83138078
100.71000000 1.84074172
100.74000000 1.84987490
100.77000000 1.85878002
100.80000000 1.86745702
100.83000000 1.87590609
100.86000000 1.88412763
100.89000000 1.89212231
100.92000000 1.89989101
100.95000000 1.90743481
100.98000000 1.91475505
101.01000000 1.92185327
101.04000000 1.92873119
101.07000000 1.93539079
101.10000000 1.94183420
101.13000000 1.94806377
101.16000000 1.95408202
101.19000000 1.95989166
101.22000000 1.96549557
101.25000000 1.97089679
101.28000000 1.97609855
101.31000000 1.98110420
101.34000000 1.98591725
101.37000000 1.99054136
101.40000000 1.99498030
101.43000000 1.99923799
101.46000000 2.00331846
101.49000000 2.00722585
101.52000000 2.01096440
101.55000000 2.01453846
101.58000000 2.01795246
101.61000000 2.02121093
101.64000000 2.02431846
101.67000000 2.02727971
101.70000000 2.03009941
101.73000000 2.03278235
101.76000000 2.03533337
101.79000000 2.03775734
101.82000000 2.04005917
101.85000000 2.04224381
101.88000000 2.04431622
101.91000000 2.04628139
101.94000000 2.04814431
101.97000000 2.04990998
102.00000000 2.05158340
102.03000000 2.05316955
102.06000000 2.05467342
102.09000000 2.05609994
102.12000000 2.05745407
102.15000000 2.05874069
102.18000000 2.05996468
102.21000000 2.06113085
102.24000000 2.06224399
102.27000000 2.06330882
102.30000000 2.06433001
102.33000000 2.06531219
102.36000000 2.06625989
102.39000000 2.06717760
102.42000000 2.06806972
102.45000000 2.06894060
102.48000000 2.06979449
102.51000000 2.07063555
102.54000000 2.07146788
102.57000000 2.07229548
102.60000000 2.07312226
102.63000000 2.07395203
102.66000000 2.07478852
102.69000000 2.07563535
102.72000000 2.07649606
102.75000000 2.07737407
102.78000000 2.07827272
102.81000000 2.07919522
102.84000000 2.08014471
102.87000000 2.08112420
102.90000000 2.08213663
102.93000000 2.08318480
102.96000000 2.08427142
102.99000000 2.08539910
103.02000000 2.08657036
103.05000000 2.08778758
103.08000000 2.08905307
103.11000000 2.09036903
103.14000000 2.09173755
103.17000000 2.09316062
103.20000000 2.09464014
103.23000000 2.09617789
103.26000000 2.09777558
103.29000000 2.09943480
103.32000000 2.10115705
103.35000000 2.10294373
103.38000000 2.10479614
103.41000000 2.10671549
103.44000000 2.10870291
103.47000000 2.11075940
103.50000000 2.11288591
103.53000000 2.11508326
103.56000000 2.11735221
103.59000000 2.11969340
103.62000000 2.12210739
103.65000000 2.12459466
103.68000000 2.12715559
103.71000000 2.12979046
103.74000000 2.13249948
103.77000000 2.13528276
103.80000000 2.13814032
103.83000000 2.14107209
103.86000000 2.14407791
103.89000000 2.14715752
103.92000000 2.15031060
103.95000000 2.15353671
103.98000000 2.15683532
104.01000000 2.16020583
104.04000000 2.16364753
104.07000000 2.16715963
104.10000000 2.17074124
104.13000000 2.17439137
104.16000000 2.17810895
104.19000000 2.18189282
104.22000000 2.18574171
104.25000000 2.18965427
104.28000000 2.19362905
104.31000000 2.19766452
104.34000000 2.20175904
104.37000000 2.20591087
104.40000000 2.21011821
104.43000000 2.21437914
104.46000000 2.21869165
104.49000000 2.22305366
104.52000000 2.22746299
104.55000000 2.23191738
104.58000000 2.23641446
104.61000000 2.24095182
104.64000000 2.24552693
104.67000000 2.25013722
104.70000000 2.25478002
104.73000000 2.25945260
104.76000000 2.26415217
104.79000000 2.26887587
104.82000000 2.27362080
104.85000000 2.27838398
104.88000000 2.28316243
104.91000000 2.28795308
104.94000000 2.29275288
104.97000000 2.29755871
105.00000000 2.30236745
105.03000000 2.30717598
105.06000000 2.31198116
105.09000000 2.31677986
105.12000000 2.32156895
105.15000000 2.32634535
105.18000000 2.33110597
105.21000000 2.33584778
105.24000000 2.34056780
105.27000000 1.42379062
105.30000000 1.43547922
105.33000000 1.44701109
105.36000000 1.45838253
105.39000000 1.46959010
105.42000000 1.48063064
105.45000000 1.49150127
105.48000000 1.50219939
105.51000000 1.51272268
105.54000000 1.52306910
105.57000000 1.53323691
105.60000000 1.54322462
105.63000000 1.55303103
105.66000000 1.56265523
105.69000000 1.57209654
105.72000000 1.58135458
105.75000000 1.59042921
105.78000000 1.59932054
105.81000000 1.60802895
105.84000000 1.61655502
105.87000000 1.62489958
105.90000000 1.63306367
105.93000000 1.64104856
105.96000000 1.64885571
105.99000000 1.65648676
106.02000000 1.66394355
106.05000000 1.67122809
106.08000000 1.67834255
106.11000000 1.68528924
106.14000000 1.69207063
106.17000000 1.69868932
106.20000000 1.70514803
106.23000000 1.71144958
106.26000000 1.71759691
106.29000000 1.72359304
106.32000000 1.72944110
106.35000000 1.73514426
106.38000000 1.74070578
106.41000000 1.74612898
106.44000000 1.75141722
106.47000000 1.75657391
106.50000000 1.76160250
106.53000000 1.76650646
106.56000000 1.77128929
106.59000000 1.77595451
106.62000000 1.78050565
106.65000000 1.78494623
106.68000000 1.78927981
106.71000000 1.79350990
106.74000000 1.79764003
106.77000000 1.80167372
106.80000000 1.80561446
106.83000000 1.80946573
106.86000000 1.81323099
106.89000000 1.81691366
106.92000000 1.82051716
106.95000000 1.82404485
106.98000000 1.82750008
107.01000000 1.83088616
107.04000000 1.83420636
107.07000000 1.83746392
107.10000000 1.84066203
107.13000000 1.84380385
107.16000000 1.84689251
107.19000000 1.84993108
107.22000000 1.85292260
107.25000000 1.85587007
107.28000000 1.85877642
107.31000000 1.86164459
107.34000000 1.86447742
107.37000000 1.86727775
107.40000000 1.87004836
107.43000000 1.87279199
107.46000000 1.87551133
107.49000000 1.87820903
107.52000000 1.88088770
107.55000000 1.88354993
107.58000000 1.88619822
107.61000000 1.88883507
107.64000000 1.89146293
107.67000000 1.89408420
107.70000000 1.89670124
107.73000000 1.89931639
107.76000000 1.90193192
107.79000000 1.90455009
107.82000000 1.90717311
107.85000000 1.90980314
107.88000000 1.91244234
107.91000000 1.91509280
107.94000000 1.91775658
107.97000000 1.92043570
108.00000000 1.92313218
108.03000000 1.92584795
108.06000000 1.92858496
108.09000000 1.93134508
108.12000000 1.93413018
108.15000000 1.93694209
108.18000000 1.93978258
108.21000000 1.94265343
108.24000000 1.94555636
108.27000000 1.94849306
108.30000000 1.95146520
108.33000000 1.95447441
108.36000000 1.95752228
108.39000000 1.96061040
108.42000000 1.96374029
108.45000000 1.96691347
108.48000000 1.97013140
108.51000000 1.97339553
108.54000000 1.97670726
108.57000000 1.98006799
108.60000000 1.98347905
108.63000000 1.98694175
108.66000000 1.99045738
108.69000000 1.99402718
108.72000000 1.99765236
108.75000000 2.00133410
108.78000000 2.00507353
108.81000000 2.00887176
108.84000000 2.01272983
108.87000000 2.01664879
108.90000000 2.02062959
108.93000000 2.02467319
108.96000000 2.02878047
108.99000000 2.03295226
109.02000000 2.03718937
109.05000000 2.04149254
109.08000000 2.04586245
109.11000000 2.05029972
109.14000000 2.05480493
109.17000000 2.05937857
109.20000000 2.06402109
109.23000000 2.06873283
109.26000000 2.07351410
109.29000000 2.07836509
109.32000000 2.08328592
109.35000000 2.08827662
109.38000000 2.09333712
109.41000000 2.09846726
109.44000000 2.10366676
109.47000000 2.10893523
109.50000000 2.11427216
109.53000000 2.11967691
109.56000000 2.12514872
109.59000000 2.13068669
109.62000000 2.13628976
109.65000000 2.14195673
109.68000000 2.14768624
109.71000000 2.15347677
109.74000000 2.15932662
109.77000000 2.16523391
109.80000000 2.17119661
109.83000000 2.17721247
109.86000000 2.18327906
109.89000000 2.18939377
109.92000000 2.19555379
109.95000000 2.20175612
109.98000000 2.20799754
110.01000000 2.21427467
110.04000000 2.22058393
110.07000000 2.22692154
110.10000000 2.23328356
110.13000000 2.23966586
110.16000000 2.24606417
110.19000000 2.25247403
110.22000000 2.25889088
110.25000000 2.26531001
110.28000000 2.27172662
110.31000000 2.27813580
110.34000000 2.28453258
110.37000000 2.29091193
110.40000000 2.29726880
110.43000000 2.30359811
110.46000000 2.30989482
110.49000000 2.31615392
110.52000000 2.32237045
110.55000000 2.32853955
110.58000000 2.33465647
110.61000000 2.34071657
110.64000000 1.42743632
110.67000000 1.44224786
110.70000000 1.45675779
110.73000000 1.47096398
110.76000000 1.48486485
110.79000000 1.49845932
110.82000000 1.51174684
110.85000000 1.52472739
110.88000000 1.53740146
110.91000000 1.54977007
110.94000000 1.56183473
110.97000000 1.57359744
111.00000000 1.58506067
111.03000000 1.59622736
111.06000000 1.60710087
111.09000000 1.61768494
111.12000000 1.62798375
111.15000000 1.63800180
111.18000000 1.64774392
111.21000000 1.65721528
111.24000000 1.66642130
111.27000000 1.67536764
111.30000000 1.68406023
111.33000000 1.69250515
111.36000000 1.70070869
111.39000000 1.70867727
111.42000000 1.71641742
111.45000000 1.72393581
111.48000000 1.73123915
111.51000000 1.73833423
111.54000000 1.74522787
111.57000000 1.75192693
111.60000000 1.75843825
111.63000000 1.76476867
111.66000000 1.77092502
111.69000000 1.77691406
111.72000000 1.78274252
111.75000000 1.78841707
111.78000000 1.79394432
111.81000000 1.79933077
111.84000000 1.80458286
111.87000000 1.80970693
111.90000000 1.81470922
111.93000000 1.81959588
111.96000000 1.82437292
111.99000000 1.82904626
112.02000000 1.83362172
112.05000000 1.83810497
112.08000000 1.84250159
112.11000000 1.84681701
112.14000000 1.85105657
112.17000000 1.85522545
112.20000000 1.85932875
112.23000000 1.86337141
112.26000000 1.86735826
112.29000000 1.87129400
112.32000000 1.87518323
112.35000000 1.87903039
112.38000000 1.88283982
112.41000000 1.88661574
112.44000000 1.89036223
112.47000000 1.89408327
112.50000000 1.89778270
112.53000000 1.90146424
112.56000000 1.90513152
112.59000000 1.90878800
112.62000000 1.91243708
112.65000000 1.91608198
112.68000000 1.91972585
112.71000000 1.92337170
112.74000000 1.92702242
112.77000000 1.93068079
112.80000000 1.93434947
112.83000000 1.93803099
112.86000000 1.94172778
112.89000000 1.94544214
112.92000000 1.94917626
112.95000000 1.95293219
112.98000000 1.95671189
113.01000000 1.96051718
113.04000000 1.96434977
113.07000000 1.96821124
113.10000000 1.97210305
113.13000000 1.97602656
113.16000000 1.97998298
113.19000000 1.98397341
113.22000000 1.98799885
113.25000000 1.99206015
113.28000000 1.99615804
113.31000000 2.00029317
113.34000000 2.00446601
113.37000000 2.00867697
113.40000000 2.01292630
113.43000000 2.01721417
113.46000000 2.02154060
113.49000000 2.02590552
113.52000000 2.03030876
113.55000000 2.03475001
113.58000000 2.03922889
113.61000000 2.04374489
113.64000000 2.04829743
113.67000000 2.05288581
113.70000000 2.05750926
113.73000000 2.06216691
113.76000000 2.06685783
113.79000000 2.07158099
113.82000000 2.07633530
113.85000000 2.08111962
113.88000000 2.08593274
113.91000000 2.09077339
113.94000000 2.09564028
113.97000000 2.10053207
114.00000000 2.10544737
114.03000000 2.11038480
114.06000000 2.11534294
114.09000000 2.12032038
114.12000000 2.12531569
114.15000000 2.13032745
114.18000000 2.13535428
114.21000000 2.14039478
114.24000000 2.14544761
114.27000000 2.15051145
114.30000000 2.15558502
114.33000000 2.16066710
114.36000000 2.16575652
114.39000000 2.17085216
114.42000000 2.17595299
114.45000000 2.18105802
114.48000000 2.18616637
114.51000000 2.19127721
114.54000000 2.19638981
114.57000000 2.20150353
114.60000000 2.20661780
114.63000000 2.21173216
114.66000000 2.21684623
114.69000000 2.22195973
114.72000000 2.22707247
114.75000000 2.23218434
114.78000000 2.23729535
114.81000000 2.24240555
114.84000000 2.24751511
114.87000000 2.25262427
114.90000000 2.25773334
114.93000000 2.26284270
114.96000000 2.26795281
114.99000000 2.27306415
115.02000000 2.27817727
115.05000000 2.28329277
115.08000000 2.28841125
115.11000000 2.29353336
115.14000000 2.29865973
115.17000000 2.30379100
115.20000000 2.30892781
115.23000000 2.31407074
115.26000000 2.31922035
115.29000000 2.32437713
115.32000000 2.32954153
115.35000000 2.33471389
115.38000000 2.33989446
115.41000000 2.34508338
115.44000000 2.35028066
115.47000000 2.35548619
115.50000000 2.36069969
115.53000000 2.36592072
115.56000000 2.37114867
115.59000000 2.37638274
115.62000000 2.38162194
115.65000000 2.38686508
115.68000000 2.39211075
115.71000000 2.39735735
115.74000000 2.40260306
115.77000000 2.40784583
115.80000000 2.41308344
115.83000000 2.41831344
115.86000000 2.42353319
115.89000000 2.42873986
115.92000000 2.43393048
115.95000000 2.43910189
115.98000000 2.44425081
116.01000000 2.44937385
116.04000000 2.45446752
116.07000000 2.45952826
116.10000000 2.46455247
116.13000000 2.46953654
116.16000000 2.47447687
116.19000000 2.47936988
116.22000000 2.48421207
116.25000000 2.48900005
116.28000000 1.76184474
116.31000000 1.77152895
116.34000000 1.78103401
116.37000000 1.79035679
116.40000000 1.79949465
116.43000000 1.80844536
116.46000000 1.81720720
116.49000000 1.82577890
116.52000000 1.83415972
116.55000000 1.84234936
116.58000000 1.85034805
116.61000000 1.85815647
116.64000000 1.86577577
116.67000000 1.87320755
116.70000000 1.88045383
116.73000000 1.88751705
116.76000000 1.89440001
116.79000000 1.90110588
116.82000000 1.90763817
116.85000000 1.91400065
116.88000000 1.92019741
116.91000000 1.92623274
116.94000000 1.93211116
116.97000000 1.93783738
117.00000000 1.94341624
117.03000000 1.94885275
117.06000000 1.95415198
117.09000000 1.95931910
117.12000000 1.96435933
117.15000000 1.96927791
117.18000000 1.97408012
117.21000000 1.97877120
117.24000000 1.98335637
117.27000000 1.98784082
117.30000000 1.99222966
117.33000000 1.99652795
117.36000000 2.00074065
117.39000000 2.00487263
117.42000000 2.00892863
117.45000000 2.01291332
117.48000000 2.01683120
117.51000000 2.02068667
117.54000000 2.02448398
117.57000000 2.02822723
117.60000000 2.03192040
117.63000000 2.03556728
117.66000000 2.03917155
117.69000000 2.04273669
117.72000000 2.04626606
117.75000000 2.04976284
117.78000000 2.05323004
117.81000000 2.05667053
117.84000000 2.06008700
117.87000000 2.06348197
117.90000000 2.06685783
117.93000000 2.07021677
117.96000000 2.07356083
117.99000000 2.07689189
118.02000000 2.08021167
118.05000000 2.08352171
118.08000000 2.08682340
118.11000000 2.09011798
118.14000000 2.09340652
118.17000000 2.09668991
118.20000000 2.09996892
118.23000000 2.10324413
118.26000000 2.10651599
118.29000000 2.10978476
118.32000000 2.11305058
118.35000000 2.11631341
118.38000000 2.11957307
118.41000000 2.12282922
118.44000000 2.12608138
118.47000000 2.12932891
118.50000000 2.13257102
118.53000000 2.13580678
118.56000000 2.13903510
118.59000000 2.14225478
118.62000000 2.14546444
118.65000000 2.14866257
118.68000000 2.15184754
118.71000000 2.15501755
118.74000000 2.15817070
118.77000000 2.16130495
118.80000000 2.16441812
118.83000000 2.16750791
118.86000000 2.17057191
118.89000000 2.17360758
118.92000000 2.17661229
118.95000000 2.17958326
118.98000000 2.18251765
119.01000000 2.18541248
119.04000000 2.18826472
119.07000000 2.19107121
119.10000000 2.19382873
119.13000000 2.19653398
119.16000000 2.19918358
119.19000000 2.20177409
119.22000000 2.20430201
119.25000000 2.20676380
119.28000000 2.20915586
119.31000000 1.04590839
119.34000000 1.05308132
119.37000000 1.05996266
119.40000000 1.06654471
119.43000000 1.07281970
119.46000000 1.07877983
119.49000000 1.08441724
119.52000000 1.08972407
119.55000000 1.09469237
119.58000000 1.09931423
119.61000000 1.10358165
119.64000000 1.10748664
119.67000000 1.11102119
119.70000000 1.11417726
119.73000000 1.11694679
119.76000000 1.11932171
119.79000000 1.12129393
119.82000000 1.12285534
119.85000000 1.12399781
119.88000000 1.12471323
119.91000000 1.12499345
119.94000000 1.12483033
119.97000000 1.12421572
120.00000000 1.12314151
