 NhRegra do TrapezioRegra de SimpsonRegra de Bode
  0.25000000000000000        1.1682606886567430        1.1665735066273453        1.1665717605157535     
  0.12500000000000000        1.1669940672097352        1.1665718600607327        1.1665717502896251     
   6.2500000000000000E-002   1.1666773345521262        1.1665717569995901        1.1665717501288473     
   3.1250000000000000E-002   1.1665981465549640        1.1665717505559099        1.1665717501263313     
   1.5625000000000000E-002   1.1665783492535982        1.1665717501531427        1.1665717501262920     
   7.8125000000000000E-003   1.1665733999093773        1.1665717501279702        1.1665717501262911     
   3.9062500000000000E-003   1.1665721625721408        1.1665717501263959        1.1665717501262913     
   1.9531250000000000E-003   1.1665718532377580        1.1665717501262984        1.1665717501262911     
   9.7656250000000000E-004   1.1665717759041589        1.1665717501262920        1.1665717501262913     
   4.8828125000000000E-004   1.1665717565707583        1.1665717501262904        1.1665717501262916     
   2.4414062500000000E-004   1.1665717517374063        1.1665717501262940        1.1665717501262907     
