.000000 .000000 100.000000
 7.071068 -7.071068
.010000 .070711 99.928291
 7.071068 -7.171068
.020000 .141421 99.855583
 7.071068 -7.271068
.030000 .212132 99.781876
 7.071068 -7.371068
.040000 .282843 99.707169
 7.071068 -7.471067
.050000 .353553 99.631454
 7.071068 -7.571067
.060000 .424264 99.554741
 7.071068 -7.671067
.070000 .494975 99.477028
 7.071068 -7.771067
.080000 .565685 99.398315
 7.071068 -7.871067
.090000 .636396 99.318604
 7.071068 -7.971067
.100000 .707107 99.237892
 7.071068 -8.071067
.110000 .777817 99.156181
 7.071068 -8.171067
.120000 .848528 99.073471
 7.071068 -8.271068
.130000 .919239 98.989761
 7.071068 -8.371068
.140000 .989949 98.905052
 7.071068 -8.471068
.150000 1.060660 98.819344
 7.071068 -8.571069
.160000 1.131371 98.732635
 7.071068 -8.671069
.170000 1.202081 98.644928
 7.071068 -8.771070
.180000 1.272792 98.556221
 7.071068 -8.871070
.190000 1.343503 98.466507
 7.071068 -8.971070
.200000 1.414213 98.375793
 7.071068 -9.071071
.210000 1.484924 98.284081
 7.071068 -9.171071
.220000 1.555635 98.191368
 7.071068 -9.271071
.230000 1.626345 98.097656
 7.071068 -9.371072
.240000 1.697056 98.002945
 7.071068 -9.471072
.250000 1.767767 97.907234
 7.071068 -9.571073
.260000 1.838477 97.810524
 7.071068 -9.671073
.270000 1.909188 97.712814
 7.071068 -9.771073
.280000 1.979899 97.614105
 7.071068 -9.871074
.290000 2.050609 97.514397
 7.071068 -9.971074
.300000 2.121320 97.413689
 7.071068 -10.071074
.310000 2.192031 97.311981
 7.071068 -10.171075
.320000 2.262741 97.209267
 7.071068 -10.271075
.330000 2.333452 97.105553
 7.071068 -10.371076
.340000 2.404163 97.000839
 7.071068 -10.471076
.350000 2.474873 96.895126
 7.071068 -10.571076
.360000 2.545584 96.788414
 7.071068 -10.671077
.370000 2.616295 96.680702
 7.071068 -10.771077
.380000 2.687005 96.571991
 7.071068 -10.871078
.390000 2.757716 96.462280
 7.071068 -10.971078
.400000 2.828427 96.351570
 7.071068 -11.071078
.410000 2.899137 96.239861
 7.071068 -11.171079
.420000 2.969848 96.127151
 7.071068 -11.271079
.430000 3.040559 96.013443
 7.071068 -11.371079
.440000 3.111269 95.898735
 7.071068 -11.471080
.450000 3.181980 95.783028
 7.071068 -11.571080
.460000 3.252691 95.666313
 7.071068 -11.671081
.470000 3.323401 95.548599
 7.071068 -11.771081
.480000 3.394112 95.429886
 7.071068 -11.871081
.490000 3.464823 95.310173
 7.071068 -11.971082
.500000 3.535533 95.189461
 7.071068 -12.071082
.510000 3.606244 95.067749
 7.071068 -12.171082
.520000 3.676955 94.945038
 7.071068 -12.271083
.530000 3.747665 94.821327
 7.071068 -12.371083
.540000 3.818376 94.696617
 7.071068 -12.471084
.550000 3.889086 94.570908
 7.071068 -12.571084
.560000 3.959797 94.444199
 7.071068 -12.671084
.570000 4.030508 94.316490
 7.071068 -12.771085
.580000 4.101219 94.187782
 7.071068 -12.871085
.590000 4.171929 94.058075
 7.071068 -12.971086
.600000 4.242640 93.927361
 7.071068 -13.071086
.610000 4.313351 93.795647
 7.071068 -13.171086
.620000 4.384061 93.662933
 7.071068 -13.271087
.630000 4.454772 93.529221
 7.071068 -13.371087
.640000 4.525483 93.394508
 7.071068 -13.471087
.650000 4.596193 93.258797
 7.071068 -13.571088
.660000 4.666904 93.122086
 7.071068 -13.671088
.670000 4.737615 92.984375
 7.071068 -13.771089
.680000 4.808325 92.845665
 7.071068 -13.871089
.690000 4.879036 92.705956
 7.071068 -13.971089
.700000 4.949747 92.565247
 7.071068 -14.071090
.710000 5.020457 92.423538
 7.071068 -14.171090
.720000 5.091168 92.280830
 7.071068 -14.271091
.730000 5.161879 92.137123
 7.071068 -14.371091
.740000 5.232589 91.992409
 7.071068 -14.471091
.750000 5.303300 91.846695
 7.071068 -14.571092
.760000 5.374011 91.699982
 7.071068 -14.671092
.770000 5.444721 91.552269
 7.071068 -14.771092
.780000 5.515432 91.403557
 7.071068 -14.871093
.790000 5.586143 91.253845
 7.071068 -14.971093
.800000 5.656853 91.103134
 7.071068 -15.071094
.810000 5.727564 90.951424
 7.071068 -15.171094
.820000 5.798275 90.798714
 7.071068 -15.271094
.830000 5.868985 90.645004
 7.071068 -15.371095
.839999 5.939696 90.490295
 7.071068 -15.471095
.849999 6.010406 90.334587
 7.071068 -15.571095
.859999 6.081117 90.177879
 7.071068 -15.671096
.869999 6.151828 90.020172
 7.071068 -15.771096
.879999 6.222538 89.861458
 7.071068 -15.871097
.889999 6.293249 89.701744
 7.071068 -15.971097
.899999 6.363960 89.541031
 7.071068 -16.071096
.909999 6.434670 89.379318
 7.071068 -16.171097
.919999 6.505381 89.216606
 7.071068 -16.271097
.929999 6.576092 89.052895
 7.071068 -16.371098
.939999 6.646802 88.888184
 7.071068 -16.471098
.949999 6.717513 88.722473
 7.071068 -16.571098
.959999 6.788224 88.555763
 7.071068 -16.671099
.969999 6.858934 88.388054
 7.071068 -16.771099
.979999 6.929645 88.219345
 7.071068 -16.871099
.989999 7.000356 88.049637
 7.071068 -16.971100
.999999 7.071066 87.878929
 7.071068 -17.071100
1.009999 7.141777 87.707214
 7.071068 -17.171101
1.019999 7.212488 87.534500
 7.071068 -17.271101
1.029999 7.283198 87.360786
 7.071068 -17.371101
1.039999 7.353909 87.186073
 7.071068 -17.471102
1.049999 7.424620 87.010361
 7.071068 -17.571102
1.059999 7.495330 86.833649
 7.071068 -17.671103
1.069999 7.566041 86.655937
 7.071068 -17.771103
1.079999 7.636752 86.477226
 7.071068 -17.871103
1.089999 7.707462 86.297516
 7.071068 -17.971104
1.099999 7.778173 86.116806
 7.071068 -18.071104
1.109999 7.848884 85.935097
 7.071068 -18.171104
1.119999 7.919594 85.752388
 7.071068 -18.271105
1.129999 7.990305 85.568680
 7.071068 -18.371105
1.139999 8.061016 85.383972
 7.071068 -18.471106
1.149999 8.131727 85.198257
 7.071068 -18.571106
1.159999 8.202438 85.011543
 7.071068 -18.671106
1.169999 8.273149 84.823830
 7.071068 -18.771107
1.179999 8.343861 84.635117
 7.071068 -18.871107
1.189999 8.414572 84.445404
 7.071068 -18.971107
1.199999 8.485283 84.254692
 7.071068 -19.071108
1.209999 8.555994 84.062981
 7.071068 -19.171108
1.219999 8.626705 83.870270
 7.071068 -19.271109
1.229999 8.697416 83.676559
 7.071068 -19.371109
1.239999 8.768127 83.481850
 7.071068 -19.471109
1.249999 8.838839 83.286140
 7.071068 -19.571110
1.259999 8.909550 83.089432
 7.071068 -19.671110
1.269999 8.980261 82.891724
 7.071068 -19.771111
1.279999 9.050972 82.693016
 7.071068 -19.871111
1.289999 9.121683 82.493301
 7.071068 -19.971111
1.299999 9.192394 82.292587
 7.071068 -20.071112
1.309999 9.263105 82.090874
 7.071068 -20.171112
1.319999 9.333817 81.888161
 7.071068 -20.271112
1.329999 9.404528 81.684448
 7.071068 -20.371113
1.339999 9.475239 81.479736
 7.071068 -20.471113
1.349999 9.545950 81.274025
 7.071068 -20.571114
1.359999 9.616661 81.067314
 7.071068 -20.671114
1.369999 9.687372 80.859604
 7.071068 -20.771114
1.379999 9.758083 80.650894
 7.071068 -20.871115
1.389999 9.828794 80.441185
 7.071068 -20.971115
1.399999 9.899506 80.230476
 7.071068 -21.071115
1.409999 9.970217 80.018768
 7.071068 -21.171116
1.419999 10.040928 79.806061
 7.071068 -21.271116
1.429999 10.111639 79.592346
 7.071068 -21.371117
1.439999 10.182350 79.377632
 7.071068 -21.471117
1.449999 10.253061 79.161919
 7.071068 -21.571117
1.459999 10.323772 78.945206
 7.071068 -21.671118
1.469999 10.394484 78.727493
 7.071068 -21.771118
1.479999 10.465195 78.508781
 7.071068 -21.871119
1.489999 10.535906 78.289070
 7.071068 -21.971119
1.499999 10.606617 78.068359
 7.071068 -22.071119
1.509999 10.677328 77.846649
 7.071068 -22.171120
1.519999 10.748039 77.623940
 7.071068 -22.271120
1.529999 10.818750 77.400230
 7.071068 -22.371120
1.539999 10.889462 77.175522
 7.071068 -22.471121
1.549999 10.960173 76.949814
 7.071068 -22.571121
1.559999 11.030884 76.723106
 7.071068 -22.671122
1.569999 11.101595 76.495392
 7.071068 -22.771122
1.579999 11.172306 76.266678
 7.071068 -22.871122
1.589999 11.243017 76.036964
 7.071068 -22.971123
1.599999 11.313728 75.806252
 7.071068 -23.071123
1.609999 11.384439 75.574539
 7.071068 -23.171124
1.619999 11.455151 75.341827
 7.071068 -23.271124
1.629999 11.525862 75.108116
 7.071068 -23.371124
1.639999 11.596573 74.873405
 7.071068 -23.471125
1.649999 11.667284 74.637695
 7.071068 -23.571125
1.659999 11.737995 74.400986
 7.071068 -23.671125
1.669999 11.808706 74.163277
 7.071068 -23.771126
1.679999 11.879417 73.924568
 7.071068 -23.871126
1.689999 11.950129 73.684860
 7.071068 -23.971127
1.699999 12.020840 73.444145
 7.071068 -24.071127
1.709999 12.091551 73.202431
 7.071068 -24.171127
1.719999 12.162262 72.959717
 7.071068 -24.271128
1.729999 12.232973 72.716003
 7.071068 -24.371128
1.739999 12.303684 72.471291
 7.071068 -24.471128
1.749999 12.374395 72.225578
 7.071068 -24.571129
1.759999 12.445107 71.978867
 7.071068 -24.671129
1.769999 12.515818 71.731155
 7.071068 -24.771130
1.779999 12.586529 71.482445
 7.071068 -24.871130
1.789999 12.657240 71.232735
 7.071068 -24.971130
1.799999 12.727951 70.982025
 7.071068 -25.071131
1.809999 12.798662 70.730316
 7.071068 -25.171131
1.819999 12.869373 70.477608
 7.071068 -25.271132
1.829999 12.940084 70.223900
 7.071068 -25.371132
1.839999 13.010796 69.969185
 7.071068 -25.471132
1.849999 13.081507 69.713470
 7.071068 -25.571133
1.859999 13.152218 69.456757
 7.071068 -25.671133
1.869999 13.222929 69.199043
 7.071068 -25.771133
1.879999 13.293640 68.940331
 7.071068 -25.871134
1.889999 13.364351 68.680618
 7.071068 -25.971134
1.899999 13.435062 68.419907
 7.071068 -26.071135
1.909999 13.505774 68.158195
 7.071068 -26.171135
1.919999 13.576485 67.895485
 7.071068 -26.271135
1.929999 13.647196 67.631775
 7.071068 -26.371136
1.939999 13.717907 67.367065
 7.071068 -26.471136
1.949998 13.788618 67.101357
 7.071068 -26.571136
1.959998 13.859329 66.834648
 7.071068 -26.671137
1.969998 13.930040 66.566940
 7.071068 -26.771137
1.979998 14.000751 66.298225
 7.071068 -26.871138
1.989998 14.071463 66.028511
 7.071068 -26.971138
1.999998 14.142174 65.757797
 7.071068 -27.071138
2.009999 14.212885 65.486084
 7.071068 -27.171139
2.019999 14.283596 65.213371
 7.071068 -27.271139
2.029999 14.354307 64.939659
 7.071068 -27.371140
2.039999 14.425018 64.664948
 7.071068 -27.471140
2.049999 14.495729 64.389236
 7.071068 -27.571140
2.059999 14.566441 64.112526
 7.071068 -27.671141
2.069999 14.637152 63.834816
 7.071068 -27.771141
2.079998 14.707863 63.556103
 7.071068 -27.871141
2.089998 14.778574 63.276390
 7.071068 -27.971142
2.099998 14.849285 62.995678
 7.071068 -28.071142
2.109998 14.919996 62.713966
 7.071068 -28.171143
2.119998 14.990707 62.431255
 7.071068 -28.271143
2.129998 15.061419 62.147545
 7.071068 -28.371143
2.139998 15.132130 61.862835
 7.071068 -28.471144
2.149998 15.202841 61.577122
 7.071068 -28.571144
2.159998 15.273552 61.290409
 7.071068 -28.671144
2.169998 15.344263 61.002697
 7.071068 -28.771145
2.179998 15.414974 60.713985
 7.071068 -28.871145
2.189998 15.485685 60.424274
 7.071068 -28.971146
2.199998 15.556396 60.133564
 7.071068 -29.071146
2.209998 15.627108 59.841854
 7.071068 -29.171146
2.219998 15.697819 59.549141
 7.071068 -29.271147
2.229998 15.768530 59.255428
 7.071068 -29.371147
2.239998 15.839241 58.960716
 7.071068 -29.471148
2.249998 15.909952 58.665005
 7.071068 -29.571148
2.259998 15.980663 58.368294
 7.071068 -29.671148
2.269998 16.051374 58.070583
 7.071068 -29.771149
2.279998 16.122086 57.771873
 7.071068 -29.871149
2.289998 16.192797 57.472160
 7.071068 -29.971149
2.299998 16.263508 57.171448
 7.071068 -30.071150
2.309998 16.334219 56.869736
 7.071068 -30.171150
2.319998 16.404930 56.567024
 7.071068 -30.271151
2.329998 16.475641 56.263313
 7.071068 -30.371151
2.339998 16.546352 55.958603
 7.071068 -30.471151
2.349998 16.617064 55.652893
 7.071068 -30.571152
2.359998 16.687775 55.346180
 7.071068 -30.671152
2.369998 16.758486 55.038467
 7.071068 -30.771152
2.379998 16.829197 54.729755
 7.071068 -30.871153
2.389998 16.899908 54.420044
 7.071068 -30.971153
2.399998 16.970619 54.109333
 7.071068 -31.071154
2.409998 17.041330 53.797623
 7.071068 -31.171154
2.419998 17.112041 53.484913
 7.071068 -31.271154
2.429998 17.182753 53.171200
 7.071068 -31.371155
2.439998 17.253464 52.856487
 7.071068 -31.471155
2.449998 17.324175 52.540775
 7.071068 -31.571156
2.459998 17.394886 52.224064
 7.071068 -31.671156
2.469998 17.465597 51.906353
 7.071068 -31.771156
2.479998 17.536308 51.587643
 7.071068 -31.871157
2.489998 17.607019 51.267933
 7.071068 -31.971157
2.499998 17.677731 50.947220
 7.071068 -32.071156
2.509998 17.748442 50.625507
 7.071068 -32.171154
2.519998 17.819153 50.302795
 7.071068 -32.271152
2.529998 17.889864 49.979084
 7.071068 -32.371151
2.539998 17.960575 49.654373
 7.071068 -32.471149
2.549998 18.031286 49.328663
 7.071068 -32.571148
2.559998 18.101997 49.001953
 7.071068 -32.671146
2.569998 18.172709 48.674240
 7.071068 -32.771145
2.579998 18.243420 48.345528
 7.071068 -32.871143
2.589998 18.314131 48.015816
 7.071068 -32.971142
2.599998 18.384842 47.685104
 7.071068 -33.071140
2.609998 18.455553 47.353394
 7.071068 -33.171139
2.619998 18.526264 47.020683
 7.071068 -33.271137
2.629998 18.596975 46.686974
 7.071068 -33.371136
2.639998 18.667686 46.352261
 7.071068 -33.471134
2.649998 18.738398 46.016548
 7.071068 -33.571133
2.659998 18.809109 45.679836
 7.071068 -33.671131
2.669998 18.879820 45.342125
 7.071068 -33.771130
2.679998 18.950531 45.003414
 7.071068 -33.871128
2.689998 19.021242 44.663704
 7.071068 -33.971127
2.699998 19.091953 44.322994
 7.071068 -34.071125
2.709998 19.162664 43.981281
 7.071068 -34.171124
2.719998 19.233376 43.638569
 7.071068 -34.271122
2.729998 19.304087 43.294857
 7.071068 -34.371120
2.739998 19.374798 42.950146
 7.071068 -34.471119
2.749998 19.445509 42.604435
 7.071068 -34.571117
2.759998 19.516220 42.257725
 7.071068 -34.671116
2.769998 19.586931 41.910015
 7.071068 -34.771114
2.779998 19.657642 41.561302
 7.071068 -34.871113
2.789998 19.728354 41.211590
 7.071068 -34.971111
2.799998 19.799065 40.860878
 7.071068 -35.071110
2.809998 19.869776 40.509167
 7.071068 -35.171108
2.819998 19.940487 40.156456
 7.071068 -35.271107
2.829998 20.011198 39.802746
 7.071068 -35.371105
2.839998 20.081909 39.448036
 7.071068 -35.471104
2.849998 20.152620 39.092323
 7.071068 -35.571102
2.859998 20.223331 38.735611
 7.071068 -35.671101
2.869998 20.294043 38.377899
 7.071068 -35.771099
2.879998 20.364754 38.019188
 7.071068 -35.871098
2.889998 20.435465 37.659477
 7.071068 -35.971096
2.899998 20.506176 37.298767
 7.071068 -36.071095
2.909998 20.576887 36.937057
 7.071068 -36.171093
2.919998 20.647598 36.574348
 7.071068 -36.271091
2.929998 20.718309 36.210636
 7.071068 -36.371090
2.939998 20.789021 35.845924
 7.071068 -36.471088
2.949998 20.859732 35.480213
 7.071068 -36.571087
2.959998 20.930443 35.113503
 7.071068 -36.671085
2.969998 21.001154 34.745792
 7.071068 -36.771084
2.979998 21.071865 34.377083
 7.071068 -36.871082
2.989998 21.142576 34.007374
 7.071068 -36.971081
2.999998 21.213287 33.636662
 7.071068 -37.071079
3.009998 21.283998 33.264950
 7.071068 -37.171078
3.019998 21.354710 32.892239
 7.071068 -37.271076
3.029998 21.425421 32.518528
 7.071068 -37.371075
3.039998 21.496132 32.143818
 7.071068 -37.471073
3.049998 21.566843 31.768106
 7.071068 -37.571072
3.059998 21.637554 31.391396
 7.071068 -37.671070
3.069998 21.708265 31.013685
 7.071068 -37.771069
3.079998 21.778976 30.634975
 7.071068 -37.871067
3.089998 21.849688 30.255264
 7.071068 -37.971066
3.099998 21.920399 29.874554
 7.071068 -38.071064
3.109998 21.991110 29.492844
 7.071068 -38.171062
3.119998 22.061821 29.110132
 7.071068 -38.271061
3.129997 22.132532 28.726421
 7.071068 -38.371059
3.139997 22.203243 28.341711
 7.071068 -38.471058
3.149997 22.273954 27.956001
 7.071068 -38.571056
3.159997 22.344666 27.569290
 7.071068 -38.671055
3.169997 22.415377 27.181580
 7.071068 -38.771053
3.179997 22.486088 26.792870
 7.071068 -38.871052
3.189997 22.556799 26.403158
 7.071068 -38.971050
3.199997 22.627510 26.012447
 7.071068 -39.071049
3.209997 22.698221 25.620737
 7.071068 -39.171047
3.219997 22.768932 25.228027
 7.071068 -39.271046
3.229997 22.839643 24.834316
 7.071068 -39.371044
3.239997 22.910355 24.439606
 7.071068 -39.471043
3.249997 22.981066 24.043896
 7.071068 -39.571041
3.259997 23.051777 23.647186
 7.071068 -39.671040
3.269997 23.122488 23.249475
 7.071068 -39.771038
3.279997 23.193199 22.850765
 7.071068 -39.871037
3.289997 23.263910 22.451056
 7.071068 -39.971035
3.299997 23.334621 22.050344
 7.071068 -40.071033
3.309997 23.405333 21.648634
 7.071068 -40.171032
3.319997 23.476044 21.245924
 7.071068 -40.271030
3.329997 23.546755 20.842215
 7.071068 -40.371029
3.339997 23.617466 20.437504
 7.071068 -40.471027
3.349997 23.688177 20.031794
 7.071068 -40.571026
3.359997 23.758888 19.625084
 7.071068 -40.671024
3.369997 23.829599 19.217373
 7.071068 -40.771023
3.379997 23.900311 18.808662
 7.071068 -40.871021
3.389997 23.971022 18.398952
 7.071068 -40.971020
3.399997 24.041733 17.988243
 7.071068 -41.071018
3.409997 24.112444 17.576532
 7.071068 -41.171017
3.419997 24.183155 17.163822
 7.071068 -41.271015
3.429997 24.253866 16.750113
 7.071068 -41.371014
3.439997 24.324577 16.335402
 7.071068 -41.471012
3.449997 24.395288 15.919691
 7.071068 -41.571011
3.459997 24.466000 15.502981
 7.071068 -41.671009
3.469997 24.536711 15.085271
 7.071068 -41.771008
3.479997 24.607422 14.666561
 7.071068 -41.871006
3.489997 24.678133 14.246851
 7.071068 -41.971004
3.499997 24.748844 13.826141
 7.071068 -42.071003
3.509997 24.819555 13.404431
 7.071068 -42.171001
3.519997 24.890266 12.981721
 7.071068 -42.271000
3.529997 24.960978 12.558011
 7.071068 -42.370998
3.539997 25.031689 12.133301
 7.071068 -42.470997
3.549997 25.102400 11.707591
 7.071068 -42.570995
3.559997 25.173111 11.280881
 7.071068 -42.670994
3.569997 25.243822 10.853171
 7.071068 -42.770992
3.579997 25.314533 10.424461
 7.071068 -42.870991
3.589997 25.385244 9.994752
 7.071068 -42.970989
3.599997 25.455956 9.564042
 7.071068 -43.070988
3.609997 25.526667 9.132332
 7.071068 -43.170986
3.619997 25.597378 8.699622
 7.071068 -43.270985
3.629997 25.668089 8.265912
 7.071068 -43.370983
3.639997 25.738800 7.831202
 7.071068 -43.470982
3.649997 25.809511 7.395492
 7.071068 -43.570980
3.659997 25.880222 6.958782
 7.071068 -43.670979
3.669997 25.950933 6.521072
 7.071068 -43.770977
3.679997 26.021645 6.082363
 7.071068 -43.870975
3.689997 26.092356 5.642653
 7.071068 -43.970974
3.699997 26.163067 5.201943
 7.071068 -44.070972
3.709997 26.233778 4.760234
 7.071068 -44.170971
3.719997 26.304489 4.317524
 7.071068 -44.270969
3.729997 26.375200 3.873814
 7.071068 -44.370968
3.739997 26.445911 3.429105
 7.071068 -44.470966
3.749997 26.516623 2.983395
 7.071068 -44.570965
3.759997 26.587334 2.536685
 7.071068 -44.670963
3.769997 26.658045 2.088976
 7.071068 -44.770962
3.779997 26.728756 1.640266
 7.071068 -44.870960
3.789997 26.799467 1.190557
 7.071068 -44.970959
3.799997 26.870178 .739847
 7.071068 -45.070957
3.809997 26.940889 .288138
 7.071068 -45.170956
