.000000 .000000 100.000000
 7.071068 7.071068
.010000 .070711 100.069710
 7.071068 6.971068
.020000 .141421 100.138420
 7.071068 6.871068
.030000 .212132 100.206131
 7.071068 6.771068
.040000 .282843 100.272842
 7.071068 6.671068
.050000 .353553 100.338554
 7.071068 6.571068
.060000 .424264 100.403267
 7.071068 6.471068
.070000 .494975 100.466980
 7.071068 6.371068
.080000 .565685 100.529694
 7.071068 6.271069
.090000 .636396 100.591408
 7.071068 6.171069
.100000 .707107 100.652115
 7.071068 6.071069
.110000 .777817 100.711823
 7.071068 5.971069
.120000 .848528 100.770531
 7.071068 5.871069
.130000 .919239 100.828239
 7.071068 5.771069
.140000 .989949 100.884949
 7.071068 5.671069
.150000 1.060660 100.940659
 7.071068 5.571069
.160000 1.131371 100.995369
 7.071068 5.471069
.170000 1.202081 101.049080
 7.071068 5.371069
.180000 1.272792 101.101791
 7.071068 5.271070
.190000 1.343503 101.153503
 7.071068 5.171070
.200000 1.414213 101.204216
 7.071068 5.071070
.210000 1.484924 101.253929
 7.071068 4.971070
.220000 1.555635 101.302643
 7.071068 4.871070
.230000 1.626345 101.350357
 7.071068 4.771070
.240000 1.697056 101.397064
 7.071068 4.671070
.250000 1.767767 101.442772
 7.071068 4.571070
.260000 1.838477 101.487480
 7.071068 4.471070
.270000 1.909188 101.531189
 7.071068 4.371070
.280000 1.979899 101.573898
 7.071068 4.271070
.290000 2.050609 101.615608
 7.071068 4.171071
.300000 2.121320 101.656319
 7.071068 4.071071
.310000 2.192031 101.696030
 7.071068 3.971071
.320000 2.262741 101.734741
 7.071068 3.871071
.330000 2.333452 101.772453
 7.071068 3.771071
.340000 2.404163 101.809166
 7.071068 3.671071
.350000 2.474873 101.844879
 7.071068 3.571071
.360000 2.545584 101.879593
 7.071068 3.471071
.370000 2.616295 101.913307
 7.071068 3.371071
.380000 2.687005 101.946014
 7.071068 3.271071
.390000 2.757716 101.977722
 7.071068 3.171072
.400000 2.828427 102.008430
 7.071068 3.071072
.410000 2.899137 102.038139
 7.071068 2.971072
.420000 2.969848 102.066849
 7.071068 2.871072
.430000 3.040559 102.094559
 7.071068 2.771072
.440000 3.111269 102.121269
 7.071068 2.671072
.450000 3.181980 102.146980
 7.071068 2.571072
.460000 3.252691 102.171692
 7.071068 2.471072
.470000 3.323401 102.195404
 7.071068 2.371072
.480000 3.394112 102.218117
 7.071068 2.271072
.490000 3.464823 102.239830
 7.071068 2.171072
.500000 3.535533 102.260544
 7.071068 2.071073
.510000 3.606244 102.280258
 7.071068 1.971073
.520000 3.676955 102.298965
 7.071068 1.871073
.530000 3.747665 102.316673
 7.071068 1.771073
.540000 3.818376 102.333382
 7.071068 1.671072
.550000 3.889086 102.349091
 7.071068 1.571072
.560000 3.959797 102.363800
 7.071068 1.471072
.570000 4.030508 102.377510
 7.071068 1.371072
.580000 4.101219 102.390221
 7.071068 1.271072
.590000 4.171929 102.401932
 7.071068 1.171072
.600000 4.242640 102.412643
 7.071068 1.071072
.610000 4.313351 102.422356
 7.071068 .971072
.620000 4.384061 102.431068
 7.071068 .871072
.630000 4.454772 102.438782
 7.071068 .771072
.640000 4.525483 102.445496
 7.071068 .671072
.650000 4.596193 102.451210
 7.071068 .571072
.660000 4.666904 102.455917
 7.071068 .471072
.670000 4.737615 102.459625
 7.071068 .371072
.680000 4.808325 102.462334
 7.071068 .271072
.690000 4.879036 102.464043
 7.071068 .171072
.700000 4.949747 102.464752
 7.071068 .071072
.710000 5.020457 102.464462
 7.071068 -.028928
.720000 5.091168 102.463173
 7.071068 -.128928
.730000 5.161879 102.460884
 7.071068 -.228928
.740000 5.232589 102.457596
 7.071068 -.328928
.750000 5.303300 102.453308
 7.071068 -.428928
.760000 5.374011 102.448021
 7.071068 -.528928
.770000 5.444721 102.441734
 7.071068 -.628928
.780000 5.515432 102.434448
 7.071068 -.728928
.790000 5.586143 102.426163
 7.071068 -.828928
.800000 5.656853 102.416870
 7.071068 -.928928
.810000 5.727564 102.406578
 7.071068 -1.028928
.820000 5.798275 102.395287
 7.071068 -1.128928
.830000 5.868985 102.382996
 7.071068 -1.228928
.839999 5.939696 102.369705
 7.071068 -1.328928
.849999 6.010406 102.355415
 7.071068 -1.428928
.859999 6.081117 102.340126
 7.071068 -1.528928
.869999 6.151828 102.323837
 7.071068 -1.628928
.879999 6.222538 102.306549
 7.071068 -1.728928
.889999 6.293249 102.288261
 7.071068 -1.828928
.899999 6.363960 102.268974
 7.071068 -1.928928
.909999 6.434670 102.248688
 7.071068 -2.028928
.919999 6.505381 102.227402
 7.071068 -2.128928
.929999 6.576092 102.205109
 7.071068 -2.228928
.939999 6.646802 102.181816
 7.071068 -2.328928
.949999 6.717513 102.157524
 7.071068 -2.428928
.959999 6.788224 102.132233
 7.071068 -2.528928
.969999 6.858934 102.105942
 7.071068 -2.628927
.979999 6.929645 102.078651
 7.071068 -2.728927
.989999 7.000356 102.050362
 7.071068 -2.828927
.999999 7.071066 102.021072
 7.071068 -2.928927
1.009999 7.141777 101.990784
 7.071068 -3.028927
1.019999 7.212488 101.959496
 7.071068 -3.128927
1.029999 7.283198 101.927208
 7.071068 -3.228927
1.039999 7.353909 101.893921
 7.071068 -3.328927
1.049999 7.424620 101.859634
 7.071068 -3.428927
1.059999 7.495330 101.824348
 7.071068 -3.528927
1.069999 7.566041 101.788055
 7.071068 -3.628927
1.079999 7.636752 101.750763
 7.071068 -3.728926
1.089999 7.707462 101.712471
 7.071068 -3.828926
1.099999 7.778173 101.673180
 7.071068 -3.928926
1.109999 7.848884 101.632889
 7.071068 -4.028926
1.119999 7.919594 101.591599
 7.071068 -4.128926
1.129999 7.990305 101.549309
 7.071068 -4.228926
1.139999 8.061016 101.506020
 7.071068 -4.328926
1.149999 8.131727 101.461731
 7.071068 -4.428926
1.159999 8.202438 101.416443
 7.071068 -4.528926
1.169999 8.273149 101.370155
 7.071068 -4.628926
1.179999 8.343861 101.322868
 7.071068 -4.728926
1.189999 8.414572 101.274582
 7.071068 -4.828926
1.199999 8.485283 101.225296
 7.071068 -4.928926
1.209999 8.555994 101.175003
 7.071068 -5.028925
1.219999 8.626705 101.123711
 7.071068 -5.128925
1.229999 8.697416 101.071419
 7.071068 -5.228925
1.239999 8.768127 101.018127
 7.071068 -5.328925
1.249999 8.838839 100.963837
 7.071068 -5.428925
1.259999 8.909550 100.908546
 7.071068 -5.528925
1.269999 8.980261 100.852257
 7.071068 -5.628925
1.279999 9.050972 100.794968
 7.071068 -5.728925
1.289999 9.121683 100.736679
 7.071068 -5.828925
1.299999 9.192394 100.677391
 7.071068 -5.928925
1.309999 9.263105 100.617104
 7.071068 -6.028924
1.319999 9.333817 100.555817
 7.071068 -6.128924
1.329999 9.404528 100.493530
 7.071068 -6.228924
1.339999 9.475239 100.430244
 7.071068 -6.328924
1.349999 9.545950 100.365952
 7.071068 -6.428924
1.359999 9.616661 100.300659
 7.071068 -6.528924
1.369999 9.687372 100.234367
 7.071068 -6.628924
1.379999 9.758083 100.167076
 7.071068 -6.728924
1.389999 9.828794 100.098785
 7.071068 -6.828924
1.399999 9.899506 100.029495
 7.071068 -6.928924
1.409999 9.970217 99.959206
 7.071068 -7.028924
1.419999 10.040928 99.887917
 7.071068 -7.128923
1.429999 10.111639 99.815628
 7.071068 -7.228923
1.439999 10.182350 99.742340
 7.071068 -7.328923
1.449999 10.253061 99.668053
 7.071068 -7.428923
1.459999 10.323772 99.592766
 7.071068 -7.528923
1.469999 10.394484 99.516479
 7.071068 -7.628923
1.479999 10.465195 99.439194
 7.071068 -7.728923
1.489999 10.535906 99.360901
 7.071068 -7.828923
1.499999 10.606617 99.281609
 7.071068 -7.928923
1.509999 10.677328 99.201317
 7.071068 -8.028923
1.519999 10.748039 99.120026
 7.071068 -8.128923
1.529999 10.818750 99.037735
 7.071068 -8.228924
1.539999 10.889462 98.954445
 7.071068 -8.328924
1.549999 10.960173 98.870155
 7.071068 -8.428925
1.559999 11.030884 98.784866
 7.071068 -8.528925
1.569999 11.101595 98.698578
 7.071068 -8.628925
1.579999 11.172306 98.611290
 7.071068 -8.728926
1.589999 11.243017 98.523003
 7.071068 -8.828926
1.599999 11.313728 98.433716
 7.071068 -8.928926
1.609999 11.384439 98.343430
 7.071068 -9.028927
1.619999 11.455151 98.252144
 7.071068 -9.128927
1.629999 11.525862 98.159851
 7.071068 -9.228928
1.639999 11.596573 98.066559
 7.071068 -9.328928
1.649999 11.667284 97.972267
 7.071068 -9.428928
1.659999 11.737995 97.876976
 7.071068 -9.528929
1.669999 11.808706 97.780685
 7.071068 -9.628929
1.679999 11.879417 97.683395
 7.071068 -9.728930
1.689999 11.950129 97.585106
 7.071068 -9.828930
1.699999 12.020840 97.485817
 7.071068 -9.928930
1.709999 12.091551 97.385529
 7.071068 -10.028931
1.719999 12.162262 97.284241
 7.071068 -10.128931
1.729999 12.232973 97.181953
 7.071068 -10.228931
1.739999 12.303684 97.078667
 7.071068 -10.328932
1.749999 12.374395 96.974380
 7.071068 -10.428932
1.759999 12.445107 96.869095
 7.071068 -10.528933
1.769999 12.515818 96.762802
 7.071068 -10.628933
1.779999 12.586529 96.655510
 7.071068 -10.728933
1.789999 12.657240 96.547218
 7.071068 -10.828934
1.799999 12.727951 96.437927
 7.071068 -10.928934
1.809999 12.798662 96.327637
 7.071068 -11.028934
1.819999 12.869373 96.216347
 7.071068 -11.128935
1.829999 12.940084 96.104057
 7.071068 -11.228935
1.839999 13.010796 95.990768
 7.071068 -11.328936
1.849999 13.081507 95.876480
 7.071068 -11.428936
1.859999 13.152218 95.761192
 7.071068 -11.528936
1.869999 13.222929 95.644905
 7.071068 -11.628937
1.879999 13.293640 95.527618
 7.071068 -11.728937
1.889999 13.364351 95.409332
 7.071068 -11.828938
1.899999 13.435062 95.290047
 7.071068 -11.928938
1.909999 13.505774 95.169754
 7.071068 -12.028938
1.919999 13.576485 95.048462
 7.071068 -12.128939
1.929999 13.647196 94.926170
 7.071068 -12.228939
1.939999 13.717907 94.802879
 7.071068 -12.328939
1.949998 13.788618 94.678589
 7.071068 -12.428940
1.959998 13.859329 94.553299
 7.071068 -12.528940
1.969998 13.930040 94.427010
 7.071068 -12.628941
1.979998 14.000751 94.299721
 7.071068 -12.728941
1.989998 14.071463 94.171432
 7.071068 -12.828941
1.999998 14.142174 94.042145
 7.071068 -12.928942
2.009999 14.212885 93.911858
 7.071068 -13.028942
2.019999 14.283596 93.780571
 7.071068 -13.128942
2.029999 14.354307 93.648285
 7.071068 -13.228943
2.039999 14.425018 93.514992
 7.071068 -13.328943
2.049999 14.495729 93.380699
 7.071068 -13.428944
2.059999 14.566441 93.245407
 7.071068 -13.528944
2.069999 14.637152 93.109116
 7.071068 -13.628944
2.079998 14.707863 92.971825
 7.071068 -13.728945
2.089998 14.778574 92.833534
 7.071068 -13.828945
2.099998 14.849285 92.694244
 7.071068 -13.928946
2.109998 14.919996 92.553955
 7.071068 -14.028946
2.119998 14.990707 92.412666
 7.071068 -14.128946
2.129998 15.061419 92.270378
 7.071068 -14.228947
2.139998 15.132130 92.127090
 7.071068 -14.328947
2.149998 15.202841 91.982803
 7.071068 -14.428947
2.159998 15.273552 91.837517
 7.071068 -14.528948
2.169998 15.344263 91.691231
 7.071068 -14.628948
2.179998 15.414974 91.543938
 7.071068 -14.728949
2.189998 15.485685 91.395645
 7.071068 -14.828949
2.199998 15.556396 91.246353
 7.071068 -14.928949
2.209998 15.627108 91.096062
 7.071068 -15.028950
2.219998 15.697819 90.944771
 7.071068 -15.128950
2.229998 15.768530 90.792480
 7.071068 -15.228951
2.239998 15.839241 90.639191
 7.071068 -15.328951
2.249998 15.909952 90.484901
 7.071068 -15.428951
2.259998 15.980663 90.329613
 7.071068 -15.528952
2.269998 16.051374 90.173325
 7.071068 -15.628952
2.279998 16.122086 90.016037
 7.071068 -15.728952
2.289998 16.192797 89.857750
 7.071068 -15.828953
2.299998 16.263508 89.698463
 7.071068 -15.928953
2.309998 16.334219 89.538177
 7.071068 -16.028954
2.319998 16.404930 89.376884
 7.071068 -16.128954
2.329998 16.475641 89.214592
 7.071068 -16.228954
2.339998 16.546352 89.051300
 7.071068 -16.328955
2.349998 16.617064 88.887009
 7.071068 -16.428955
2.359998 16.687775 88.721718
 7.071068 -16.528955
2.369998 16.758486 88.555428
 7.071068 -16.628956
2.379998 16.829197 88.388138
 7.071068 -16.728956
2.389998 16.899908 88.219849
 7.071068 -16.828957
2.399998 16.970619 88.050560
 7.071068 -16.928957
2.409998 17.041330 87.880272
 7.071068 -17.028957
2.419998 17.112041 87.708984
 7.071068 -17.128958
2.429998 17.182753 87.536697
 7.071068 -17.228958
2.439998 17.253464 87.363411
 7.071068 -17.328959
2.449998 17.324175 87.189125
 7.071068 -17.428959
2.459998 17.394886 87.013832
 7.071068 -17.528959
2.469998 17.465597 86.837540
 7.071068 -17.628960
2.479998 17.536308 86.660248
 7.071068 -17.728960
2.489998 17.607019 86.481956
 7.071068 -17.828960
2.499998 17.677731 86.302666
 7.071068 -17.928961
2.509998 17.748442 86.122375
 7.071068 -18.028961
2.519998 17.819153 85.941086
 7.071068 -18.128962
2.529998 17.889864 85.758797
 7.071068 -18.228962
2.539998 17.960575 85.575508
 7.071068 -18.328962
2.549998 18.031286 85.391220
 7.071068 -18.428963
2.559998 18.101997 85.205933
 7.071068 -18.528963
2.569998 18.172709 85.019646
 7.071068 -18.628963
2.579998 18.243420 84.832359
 7.071068 -18.728964
2.589998 18.314131 84.644073
 7.071068 -18.828964
2.599998 18.384842 84.454781
 7.071068 -18.928965
2.609998 18.455553 84.264488
 7.071068 -19.028965
2.619998 18.526264 84.073196
 7.071068 -19.128965
2.629998 18.596975 83.880905
 7.071068 -19.228966
2.639998 18.667686 83.687614
 7.071068 -19.328966
2.649998 18.738398 83.493324
 7.071068 -19.428967
2.659998 18.809109 83.298035
 7.071068 -19.528967
2.669998 18.879820 83.101746
 7.071068 -19.628967
2.679998 18.950531 82.904457
 7.071068 -19.728968
2.689998 19.021242 82.706169
 7.071068 -19.828968
2.699998 19.091953 82.506882
 7.071068 -19.928968
2.709998 19.162664 82.306595
 7.071068 -20.028969
2.719998 19.233376 82.105309
 7.071068 -20.128969
2.729998 19.304087 81.903015
 7.071068 -20.228970
2.739998 19.374798 81.699722
 7.071068 -20.328970
2.749998 19.445509 81.495430
 7.071068 -20.428970
2.759998 19.516220 81.290138
 7.071068 -20.528971
2.769998 19.586931 81.083847
 7.071068 -20.628971
2.779998 19.657642 80.876556
 7.071068 -20.728971
2.789998 19.728354 80.668266
 7.071068 -20.828972
2.799998 19.799065 80.458977
 7.071068 -20.928972
2.809998 19.869776 80.248688
 7.071068 -21.028973
2.819998 19.940487 80.037399
 7.071068 -21.128973
2.829998 20.011198 79.825111
 7.071068 -21.228973
2.839998 20.081909 79.611824
 7.071068 -21.328974
2.849998 20.152620 79.397537
 7.071068 -21.428974
2.859998 20.223331 79.182251
 7.071068 -21.528975
2.869998 20.294043 78.965958
 7.071068 -21.628975
2.879998 20.364754 78.748665
 7.071068 -21.728975
2.889998 20.435465 78.530373
 7.071068 -21.828976
2.899998 20.506176 78.311081
 7.071068 -21.928976
2.909998 20.576887 78.090790
 7.071068 -22.028976
2.919998 20.647598 77.869499
 7.071068 -22.128977
2.929998 20.718309 77.647209
 7.071068 -22.228977
2.939998 20.789021 77.423920
 7.071068 -22.328978
2.949998 20.859732 77.199631
 7.071068 -22.428978
2.959998 20.930443 76.974342
 7.071068 -22.528978
2.969998 21.001154 76.748055
 7.071068 -22.628979
2.979998 21.071865 76.520767
 7.071068 -22.728979
2.989998 21.142576 76.292480
 7.071068 -22.828979
2.999998 21.213287 76.063194
 7.071068 -22.928980
3.009998 21.283998 75.832901
 7.071068 -23.028980
3.019998 21.354710 75.601608
 7.071068 -23.128981
3.029998 21.425421 75.369316
 7.071068 -23.228981
3.039998 21.496132 75.136024
 7.071068 -23.328981
3.049998 21.566843 74.901733
 7.071068 -23.428982
3.059998 21.637554 74.666443
 7.071068 -23.528982
3.069998 21.708265 74.430153
 7.071068 -23.628983
3.079998 21.778976 74.192863
 7.071068 -23.728983
3.089998 21.849688 73.954575
 7.071068 -23.828983
3.099998 21.920399 73.715286
 7.071068 -23.928984
3.109998 21.991110 73.474998
 7.071068 -24.028984
3.119998 22.061821 73.233711
 7.071068 -24.128984
3.129997 22.132532 72.991425
 7.071068 -24.228985
3.139997 22.203243 72.748138
 7.071068 -24.328985
3.149997 22.273954 72.503845
 7.071068 -24.428986
3.159997 22.344666 72.258553
 7.071068 -24.528986
3.169997 22.415377 72.012260
 7.071068 -24.628986
3.179997 22.486088 71.764969
 7.071068 -24.728987
3.189997 22.556799 71.516678
 7.071068 -24.828987
3.199997 22.627510 71.267387
 7.071068 -24.928988
3.209997 22.698221 71.017097
 7.071068 -25.028988
3.219997 22.768932 70.765808
 7.071068 -25.128988
3.229997 22.839643 70.513519
 7.071068 -25.228989
3.239997 22.910355 70.260231
 7.071068 -25.328989
3.249997 22.981066 70.005943
 7.071068 -25.428989
3.259997 23.051777 69.750656
 7.071068 -25.528990
3.269997 23.122488 69.494370
 7.071068 -25.628990
3.279997 23.193199 69.237076
 7.071068 -25.728991
3.289997 23.263910 68.978783
 7.071068 -25.828991
3.299997 23.334621 68.719490
 7.071068 -25.928991
3.309997 23.405333 68.459198
 7.071068 -26.028992
3.319997 23.476044 68.197906
 7.071068 -26.128992
3.329997 23.546755 67.935616
 7.071068 -26.228992
3.339997 23.617466 67.672325
 7.071068 -26.328993
3.349997 23.688177 67.408035
 7.071068 -26.428993
3.359997 23.758888 67.142746
 7.071068 -26.528994
3.369997 23.829599 66.876457
 7.071068 -26.628994
3.379997 23.900311 66.609169
 7.071068 -26.728994
3.389997 23.971022 66.340881
 7.071068 -26.828995
3.399997 24.041733 66.071594
 7.071068 -26.928995
3.409997 24.112444 65.801308
 7.071068 -27.028996
3.419997 24.183155 65.530014
 7.071068 -27.128996
3.429997 24.253866 65.257721
 7.071068 -27.228996
3.439997 24.324577 64.984428
 7.071068 -27.328997
3.449997 24.395288 64.710136
 7.071068 -27.428997
3.459997 24.466000 64.434845
 7.071068 -27.528997
3.469997 24.536711 64.158554
 7.071068 -27.628998
3.479997 24.607422 63.881264
 7.071068 -27.728998
3.489997 24.678133 63.602974
 7.071068 -27.828999
3.499997 24.748844 63.323685
 7.071068 -27.928999
3.509997 24.819555 63.043396
 7.071068 -28.028999
3.519997 24.890266 62.762108
 7.071068 -28.129000
3.529997 24.960978 62.479816
 7.071068 -28.229000
3.539997 25.031689 62.196526
 7.071068 -28.329000
3.549997 25.102400 61.912235
 7.071068 -28.429001
3.559997 25.173111 61.626945
 7.071068 -28.529001
3.569997 25.243822 61.340656
 7.071068 -28.629002
3.579997 25.314533 61.053368
 7.071068 -28.729002
3.589997 25.385244 60.765076
 7.071068 -28.829002
3.599997 25.455956 60.475784
 7.071068 -28.929003
3.609997 25.526667 60.185493
 7.071068 -29.029003
3.619997 25.597378 59.894203
 7.071068 -29.129004
3.629997 25.668089 59.601913
 7.071068 -29.229004
3.639997 25.738800 59.308624
 7.071068 -29.329004
3.649997 25.809511 59.014336
 7.071068 -29.429005
3.659997 25.880222 58.719044
 7.071068 -29.529005
3.669997 25.950933 58.422752
 7.071068 -29.629005
3.679997 26.021645 58.125462
 7.071068 -29.729006
3.689997 26.092356 57.827171
 7.071068 -29.829006
3.699997 26.163067 57.527882
 7.071068 -29.929007
3.709997 26.233778 57.227592
 7.071068 -30.029007
3.719997 26.304489 56.926304
 7.071068 -30.129007
3.729997 26.375200 56.624012
 7.071068 -30.229008
3.739997 26.445911 56.320721
 7.071068 -30.329008
3.749997 26.516623 56.016430
 7.071068 -30.429008
3.759997 26.587334 55.711140
 7.071068 -30.529009
3.769997 26.658045 55.404850
 7.071068 -30.629009
3.779997 26.728756 55.097561
 7.071068 -30.729010
3.789997 26.799467 54.789272
 7.071068 -30.829010
3.799997 26.870178 54.479980
 7.071068 -30.929010
3.809997 26.940889 54.169689
 7.071068 -31.029011
3.819997 27.011600 53.858398
 7.071068 -31.129011
3.829997 27.082312 53.546108
 7.071068 -31.229012
3.839997 27.153023 53.232819
 7.071068 -31.329012
3.849997 27.223734 52.918530
 7.071068 -31.429012
3.859997 27.294445 52.603241
 7.071068 -31.529013
3.869997 27.365156 52.286949
 7.071068 -31.629013
3.879997 27.435867 51.969658
 7.071068 -31.729013
3.889997 27.506578 51.651367
 7.071068 -31.829014
3.899997 27.577290 51.332077
 7.071068 -31.929014
3.909997 27.648001 51.011787
 7.071068 -32.029015
3.919997 27.718712 50.690498
 7.071068 -32.129013
3.929997 27.789423 50.368210
 7.071068 -32.229012
3.939997 27.860134 50.044918
 7.071068 -32.329010
3.949997 27.930845 49.720627
 7.071068 -32.429008
3.959997 28.001556 49.395336
 7.071068 -32.529007
3.969997 28.072268 49.069046
 7.071068 -32.629005
3.979997 28.142979 48.741756
 7.071068 -32.729004
3.989997 28.213690 48.413467
 7.071068 -32.829002
3.999997 28.284401 48.084179
 7.071068 -32.929001
4.009997 28.355112 47.753887
 7.071068 -33.028999
4.019997 28.425823 47.422596
 7.071068 -33.128998
4.029997 28.496534 47.090305
 7.071068 -33.228996
4.039998 28.567245 46.757015
 7.071068 -33.328995
4.049998 28.637957 46.422726
 7.071068 -33.428993
4.059998 28.708668 46.087437
 7.071068 -33.528992
4.069998 28.779379 45.751148
 7.071068 -33.628990
4.079998 28.850090 45.413857
 7.071068 -33.728989
4.089999 28.920801 45.075565
 7.071068 -33.828987
4.099999 28.991512 44.736275
 7.071068 -33.928986
4.109999 29.062223 44.395985
 7.071068 -34.028984
4.119999 29.132935 44.054695
 7.071068 -34.128983
4.130000 29.203646 43.712406
 7.071068 -34.228981
4.140000 29.274357 43.369118
 7.071068 -34.328979
4.150000 29.345068 43.024826
 7.071068 -34.428978
4.160000 29.415779 42.679535
 7.071068 -34.528976
4.170001 29.486490 42.333244
 7.071068 -34.628975
4.180001 29.557201 41.985954
 7.071068 -34.728973
4.190001 29.627913 41.637665
 7.071068 -34.828972
4.200001 29.698624 41.288376
 7.071068 -34.928970
4.210001 29.769335 40.938087
 7.071068 -35.028969
4.220002 29.840046 40.586800
 7.071068 -35.128967
4.230002 29.910757 40.234509
 7.071068 -35.228966
4.240002 29.981468 39.881218
 7.071068 -35.328964
4.250002 30.052179 39.526928
 7.071068 -35.428963
4.260003 30.122890 39.171638
 7.071068 -35.528961
4.270003 30.193602 38.815350
 7.071068 -35.628960
4.280003 30.264313 38.458061
 7.071068 -35.728958
4.290003 30.335024 38.099773
 7.071068 -35.828957
4.300004 30.405735 37.740482
 7.071068 -35.928955
4.310004 30.476446 37.380192
 7.071068 -36.028954
4.320004 30.547157 37.018902
 7.071068 -36.128952
4.330004 30.617868 36.656612
 7.071068 -36.228951
4.340004 30.688580 36.293324
 7.071068 -36.328949
4.350005 30.759291 35.929035
 7.071068 -36.428947
4.360005 30.830002 35.563747
 7.071068 -36.528946
4.370005 30.900713 35.197456
 7.071068 -36.628944
4.380005 30.971424 34.830166
 7.071068 -36.728943
4.390006 31.042135 34.461876
 7.071068 -36.828941
4.400006 31.112846 34.092587
 7.071068 -36.928940
4.410006 31.183558 33.722298
 7.071068 -37.028938
4.420006 31.254269 33.351009
 7.071068 -37.128937
4.430007 31.324980 32.978722
 7.071068 -37.228935
4.440007 31.395691 32.605431
 7.071068 -37.328934
4.450007 31.466402 32.231140
 7.071068 -37.428932
4.460007 31.537113 31.855850
 7.071068 -37.528931
4.470007 31.607824 31.479561
 7.071068 -37.628929
4.480008 31.678535 31.102272
 7.071068 -37.728928
4.490008 31.749247 30.723982
 7.071068 -37.828926
4.500008 31.819958 30.344692
 7.071068 -37.928925
4.510008 31.890669 29.964403
 7.071068 -38.028923
4.520009 31.961380 29.583115
 7.071068 -38.128922
4.530009 32.032089 29.200825
 7.071068 -38.228920
4.540009 32.102798 28.817535
 7.071068 -38.328918
4.550009 32.173508 28.433247
 7.071068 -38.428917
4.560009 32.244217 28.047958
 7.071068 -38.528915
4.570010 32.314926 27.661669
 7.071068 -38.628914
4.580010 32.385635 27.274380
 7.071068 -38.728912
4.590010 32.456345 26.886091
 7.071068 -38.828911
4.600010 32.527054 26.496801
 7.071068 -38.928909
4.610011 32.597763 26.106512
 7.071068 -39.028908
4.620011 32.668472 25.715223
 7.071068 -39.128906
4.630011 32.739182 25.322935
 7.071068 -39.228905
4.640011 32.809891 24.929646
 7.071068 -39.328903
4.650012 32.880600 24.535357
 7.071068 -39.428902
4.660012 32.951309 24.140068
 7.071068 -39.528900
4.670012 33.022018 23.743778
 7.071068 -39.628899
4.680012 33.092728 23.346489
 7.071068 -39.728897
4.690012 33.163437 22.948200
 7.071068 -39.828896
4.700013 33.234146 22.548912
 7.071068 -39.928894
4.710013 33.304855 22.148623
 7.071068 -40.028893
4.720013 33.375565 21.747334
 7.071068 -40.128891
4.730013 33.446274 21.345045
 7.071068 -40.228889
4.740014 33.516983 20.941755
 7.071068 -40.328888
4.750014 33.587692 20.537466
 7.071068 -40.428886
4.760014 33.658401 20.132177
 7.071068 -40.528885
4.770014 33.729111 19.725889
 7.071068 -40.628883
4.780015 33.799820 19.318600
 7.071068 -40.728882
4.790015 33.870529 18.910311
 7.071068 -40.828880
4.800015 33.941238 18.501022
 7.071068 -40.928879
4.810015 34.011948 18.090734
 7.071068 -41.028877
4.820015 34.082657 17.679445
 7.071068 -41.128876
4.830016 34.153366 17.267157
 7.071068 -41.228874
4.840016 34.224075 16.853868
 7.071068 -41.328873
4.850016 34.294785 16.439579
 7.071068 -41.428871
4.860016 34.365494 16.024290
 7.071068 -41.528870
4.870017 34.436203 15.608002
 7.071068 -41.628868
4.880017 34.506912 15.190713
 7.071068 -41.728867
4.890017 34.577621 14.772425
 7.071068 -41.828865
4.900017 34.648331 14.353136
 7.071068 -41.928864
4.910017 34.719040 13.932847
 7.071068 -42.028862
4.920018 34.789749 13.511559
 7.071068 -42.128860
4.930018 34.860458 13.089270
 7.071068 -42.228859
4.940018 34.931168 12.665981
 7.071068 -42.328857
4.950018 35.001877 12.241693
 7.071068 -42.428856
4.960019 35.072586 11.816404
 7.071068 -42.528854
4.970019 35.143295 11.390116
 7.071068 -42.628853
4.980019 35.214005 10.962828
 7.071068 -42.728851
4.990019 35.284714 10.534539
 7.071068 -42.828850
5.000020 35.355423 10.105250
 7.071068 -42.928848
5.010020 35.426132 9.674962
 7.071068 -43.028847
5.020020 35.496841 9.243673
 7.071068 -43.128845
5.030020 35.567551 8.811385
 7.071068 -43.228844
5.040020 35.638260 8.378097
 7.071068 -43.328842
5.050021 35.708969 7.943808
 7.071068 -43.428841
5.060021 35.779678 7.508520
 7.071068 -43.528839
5.070021 35.850388 7.072231
 7.071068 -43.628838
5.080021 35.921097 6.634943
 7.071068 -43.728836
5.090022 35.991806 6.196655
 7.071068 -43.828835
5.100022 36.062515 5.757367
 7.071068 -43.928833
5.110022 36.133224 5.317079
 7.071068 -44.028831
5.120022 36.203934 4.875790
 7.071068 -44.128830
5.130023 36.274643 4.433502
 7.071068 -44.228828
5.140023 36.345352 3.990213
 7.071068 -44.328827
5.150023 36.416061 3.545925
 7.071068 -44.428825
5.160023 36.486771 3.100637
 7.071068 -44.528824
5.170023 36.557480 2.654349
 7.071068 -44.628822
5.180024 36.628189 2.207061
 7.071068 -44.728821
5.190024 36.698898 1.758772
 7.071068 -44.828819
5.200024 36.769608 1.309484
 7.071068 -44.928818
5.210024 36.840317 .859196
 7.071068 -45.028816
5.220025 36.911026 .407908
 7.071068 -45.128815
