.000000 .000000 100.000000
 10.000000 .000000
.010000 .100000 99.999001
 10.000000 -.100000
.020000 .200000 99.997002
 10.000000 -.200000
.030000 .300000 99.994003
 10.000000 -.300000
.040000 .400000 99.990005
 10.000000 -.400000
.050000 .500000 99.985008
 10.000000 -.500000
.060000 .600000 99.979012
 10.000000 -.600000
.070000 .700000 99.972008
 10.000000 -.700000
.080000 .800000 99.964005
 10.000000 -.800000
.090000 .900000 99.955002
 10.000000 -.900000
.100000 1.000000 99.945000
 10.000000 -1.000000
.110000 1.100000 99.933998
 10.000000 -1.100000
.120000 1.200000 99.921997
 10.000000 -1.200000
.130000 1.300000 99.908997
 10.000000 -1.300000
.140000 1.400000 99.894997
 10.000000 -1.400000
.150000 1.500000 99.879997
 10.000000 -1.500000
.160000 1.600000 99.863998
 10.000000 -1.600000
.170000 1.700000 99.847000
 10.000000 -1.700000
.180000 1.800000 99.829002
 10.000000 -1.800000
.190000 1.900000 99.810005
 10.000000 -1.900000
.200000 2.000000 99.790009
 10.000000 -2.000000
.210000 2.100000 99.769005
 10.000000 -2.100000
.220000 2.200000 99.747002
 10.000000 -2.200000
.230000 2.300000 99.723999
 10.000000 -2.300000
.240000 2.400000 99.699997
 10.000000 -2.400000
.250000 2.500000 99.674995
 10.000000 -2.500000
.260000 2.600000 99.648994
 10.000000 -2.600000
.270000 2.700000 99.621994
 10.000000 -2.700000
.280000 2.799999 99.593994
 10.000000 -2.799999
.290000 2.899999 99.564995
 10.000000 -2.899999
.300000 2.999999 99.534996
 10.000000 -2.999999
.310000 3.099999 99.503998
 10.000000 -3.099999
.320000 3.199999 99.472000
 10.000000 -3.199999
.330000 3.299999 99.439003
 10.000000 -3.299999
.340000 3.399999 99.405006
 10.000000 -3.399999
.350000 3.499999 99.370003
 10.000000 -3.499999
.360000 3.599999 99.334000
 10.000000 -3.599999
.370000 3.699999 99.296997
 10.000000 -3.699999
.380000 3.799999 99.258995
 10.000000 -3.799999
.390000 3.899998 99.219994
 10.000000 -3.899998
.400000 3.999998 99.179993
 10.000000 -3.999998
.410000 4.099998 99.138992
 10.000000 -4.099998
.420000 4.199998 99.096992
 10.000000 -4.199998
.430000 4.299998 99.053993
 10.000000 -4.299998
.440000 4.399998 99.009995
 10.000000 -4.399998
.450000 4.499998 98.964996
 10.000000 -4.499998
.460000 4.599998 98.918999
 10.000000 -4.599998
.470000 4.699998 98.872002
 10.000000 -4.699998
.480000 4.799998 98.824005
 10.000000 -4.799998
.490000 4.899998 98.775002
 10.000000 -4.899998
.500000 4.999998 98.724998
 10.000000 -4.999998
.510000 5.099998 98.673996
 10.000000 -5.099998
.520000 5.199997 98.621994
 10.000000 -5.199997
.530000 5.299997 98.568993
 10.000000 -5.299997
.540000 5.399997 98.514992
 10.000000 -5.399997
.550000 5.499997 98.459991
 10.000000 -5.499997
.560000 5.599997 98.403992
 10.000000 -5.599997
.570000 5.699997 98.346992
 10.000000 -5.699997
.580000 5.799997 98.288994
 10.000000 -5.799997
.590000 5.899997 98.229996
 10.000000 -5.899997
.600000 5.999997 98.169998
 10.000000 -5.999997
.610000 6.099997 98.109001
 10.000000 -6.099997
.620000 6.199996 98.047005
 10.000000 -6.199996
.630000 6.299996 97.984001
 10.000000 -6.299996
.640000 6.399996 97.919998
 10.000000 -6.399996
.650000 6.499996 97.854996
 10.000000 -6.499996
.660000 6.599996 97.788994
 10.000000 -6.599996
.670000 6.699996 97.721992
 10.000000 -6.699996
.680000 6.799996 97.653992
 10.000000 -6.799996
.690000 6.899996 97.584991
 10.000000 -6.899996
.700000 6.999996 97.514992
 10.000000 -6.999996
.710000 7.099996 97.443993
 10.000000 -7.099996
.720000 7.199996 97.371994
 10.000000 -7.199996
.730000 7.299995 97.298996
 10.000000 -7.299995
.740000 7.399995 97.224998
 10.000000 -7.399995
.750000 7.499995 97.150002
 10.000000 -7.499995
.760000 7.599995 97.074005
 10.000000 -7.599995
.770000 7.699995 96.997002
 10.000000 -7.699995
.780000 7.799995 96.918999
 10.000000 -7.799995
.790000 7.899995 96.839996
 10.000000 -7.899995
.800000 7.999995 96.759995
 10.000000 -7.999995
.810000 8.099995 96.678993
 10.000000 -8.099995
.820000 8.199995 96.596992
 10.000000 -8.199995
.830000 8.299995 96.513992
 10.000000 -8.299995
.839999 8.399996 96.429993
 10.000000 -8.399996
.849999 8.499996 96.344994
 10.000000 -8.499996
.859999 8.599997 96.258995
 10.000000 -8.599997
.869999 8.699997 96.171997
 10.000000 -8.699997
.879999 8.799997 96.084000
 10.000000 -8.799997
.889999 8.899998 95.995003
 10.000000 -8.899998
.899999 8.999998 95.905006
 10.000000 -8.999998
.909999 9.099998 95.814003
 10.000000 -9.099998
.919999 9.199999 95.722000
 10.000000 -9.199999
.929999 9.299999 95.628998
 10.000000 -9.299999
.939999 9.400000 95.534996
 10.000000 -9.400000
.949999 9.500000 95.439995
 10.000000 -9.500000
.959999 9.600000 95.343994
 10.000000 -9.600000
.969999 9.700001 95.246994
 10.000000 -9.700001
.979999 9.800001 95.148994
 10.000000 -9.800001
.989999 9.900002 95.049995
 10.000000 -9.900002
.999999 10.000002 94.949997
 10.000000 -10.000002
1.009999 10.100002 94.848999
 10.000000 -10.100002
1.019999 10.200003 94.747002
 10.000000 -10.200003
1.029999 10.300003 94.644005
 10.000000 -10.300003
1.039999 10.400003 94.540009
 10.000000 -10.400003
1.049999 10.500004 94.435005
 10.000000 -10.500004
1.059999 10.600004 94.329002
 10.000000 -10.600004
1.069999 10.700005 94.222000
 10.000000 -10.700005
1.079999 10.800005 94.113998
 10.000000 -10.800005
1.089999 10.900005 94.004997
 10.000000 -10.900005
1.099999 11.000006 93.894997
 10.000000 -11.000006
1.109999 11.100006 93.783997
 10.000000 -11.100006
1.119999 11.200006 93.671997
 10.000000 -11.200006
1.129999 11.300007 93.558998
 10.000000 -11.300007
1.139999 11.400007 93.445000
 10.000000 -11.400007
1.149999 11.500008 93.330002
 10.000000 -11.500008
1.159999 11.600008 93.214005
 10.000000 -11.600008
1.169999 11.700008 93.097008
 10.000000 -11.700008
1.179999 11.800009 92.979004
 10.000000 -11.800009
1.189999 11.900009 92.860001
 10.000000 -11.900009
1.199999 12.000010 92.739998
 10.000000 -12.000010
1.209999 12.100010 92.618996
 10.000000 -12.100010
1.219999 12.200010 92.496994
 10.000000 -12.200010
1.229999 12.300011 92.373993
 10.000000 -12.300011
1.239999 12.400011 92.249992
 10.000000 -12.400011
1.249999 12.500011 92.124992
 10.000000 -12.500011
1.259999 12.600012 91.998993
 10.000000 -12.600012
1.269999 12.700012 91.871994
 10.000000 -12.700012
1.279999 12.800013 91.743996
 10.000000 -12.800013
1.289999 12.900013 91.614998
 10.000000 -12.900013
1.299999 13.000013 91.485001
 10.000000 -13.000013
1.309999 13.100014 91.354004
 10.000000 -13.100014
1.319999 13.200014 91.222000
 10.000000 -13.200014
1.329999 13.300014 91.088997
 10.000000 -13.300014
1.339999 13.400015 90.954994
 10.000000 -13.400015
1.349999 13.500015 90.819992
 10.000000 -13.500015
1.359999 13.600016 90.683990
 10.000000 -13.600016
1.369999 13.700016 90.546989
 10.000000 -13.700016
1.379999 13.800016 90.408989
 10.000000 -13.800016
1.389999 13.900017 90.269989
 10.000000 -13.900017
1.399999 14.000017 90.129990
 10.000000 -14.000017
1.409999 14.100018 89.988991
 10.000000 -14.100018
1.419999 14.200018 89.846992
 10.000000 -14.200018
1.429999 14.300018 89.703995
 10.000000 -14.300018
1.439999 14.400019 89.559998
 10.000000 -14.400019
1.449999 14.500019 89.415001
 10.000000 -14.500019
1.459999 14.600019 89.268997
 10.000000 -14.600019
1.469999 14.700020 89.121994
 10.000000 -14.700020
1.479999 14.800020 88.973991
 10.000000 -14.800020
1.489999 14.900021 88.824989
 10.000000 -14.900021
1.499999 15.000021 88.674988
 10.000000 -15.000021
1.509999 15.100021 88.523987
 10.000000 -15.100021
1.519999 15.200022 88.371986
 10.000000 -15.200022
1.529999 15.300022 88.218987
 10.000000 -15.300022
1.539999 15.400023 88.064987
 10.000000 -15.400023
1.549999 15.500023 87.909988
 10.000000 -15.500023
1.559999 15.600023 87.753990
 10.000000 -15.600023
1.569999 15.700024 87.596992
 10.000000 -15.700024
1.579999 15.800024 87.438995
 10.000000 -15.800024
1.589999 15.900024 87.279999
 10.000000 -15.900024
1.599999 16.000025 87.119995
 10.000000 -16.000025
1.609999 16.100025 86.958992
 10.000000 -16.100025
1.619999 16.200026 86.796989
 10.000000 -16.200026
1.629999 16.300026 86.633987
 10.000000 -16.300026
1.639999 16.400026 86.469986
 10.000000 -16.400026
1.649999 16.500027 86.304985
 10.000000 -16.500027
1.659999 16.600027 86.138985
 10.000000 -16.600027
1.669999 16.700027 85.971985
 10.000000 -16.700027
1.679999 16.800028 85.803986
 10.000000 -16.800028
1.689999 16.900028 85.634987
 10.000000 -16.900028
1.699999 17.000029 85.464989
 10.000000 -17.000029
1.709999 17.100029 85.293991
 10.000000 -17.100029
1.719999 17.200029 85.121994
 10.000000 -17.200029
1.729999 17.300030 84.948997
 10.000000 -17.300030
1.739999 17.400030 84.774994
 10.000000 -17.400030
1.749999 17.500031 84.599991
 10.000000 -17.500031
1.759999 17.600031 84.423988
 10.000000 -17.600031
1.769999 17.700031 84.246986
 10.000000 -17.700031
1.779999 17.800032 84.068985
 10.000000 -17.800032
1.789999 17.900032 83.889984
 10.000000 -17.900032
1.799999 18.000032 83.709984
 10.000000 -18.000032
1.809999 18.100033 83.528984
 10.000000 -18.100033
1.819999 18.200033 83.346985
 10.000000 -18.200033
1.829999 18.300034 83.163986
 10.000000 -18.300034
1.839999 18.400034 82.979988
 10.000000 -18.400034
1.849999 18.500034 82.794991
 10.000000 -18.500034
1.859999 18.600035 82.608994
 10.000000 -18.600035
1.869999 18.700035 82.421989
 10.000000 -18.700035
1.879999 18.800035 82.233986
 10.000000 -18.800035
1.889999 18.900036 82.044983
 10.000000 -18.900036
1.899999 19.000036 81.854980
 10.000000 -19.000036
1.909999 19.100037 81.663979
 10.000000 -19.100037
1.919999 19.200037 81.471977
 10.000000 -19.200037
1.929999 19.300037 81.278976
 10.000000 -19.300037
1.939999 19.400038 81.084976
 10.000000 -19.400038
1.949998 19.500038 80.889977
 10.000000 -19.500038
1.959998 19.600039 80.693977
 10.000000 -19.600039
1.969998 19.700039 80.496979
 10.000000 -19.700039
1.979998 19.800039 80.298981
 10.000000 -19.800039
1.989998 19.900040 80.099983
 10.000000 -19.900040
1.999998 20.000040 79.899986
 10.000000 -20.000040
2.009999 20.100040 79.698982
 10.000000 -20.100040
2.019999 20.200041 79.496979
 10.000000 -20.200041
2.029999 20.300041 79.293976
 10.000000 -20.300041
2.039999 20.400042 79.089973
 10.000000 -20.400042
2.049999 20.500042 78.884972
 10.000000 -20.500042
2.059999 20.600042 78.678970
 10.000000 -20.600042
2.069999 20.700043 78.471970
 10.000000 -20.700043
2.079998 20.800043 78.263969
 10.000000 -20.800043
2.089998 20.900043 78.054970
 10.000000 -20.900043
2.099998 21.000044 77.844971
 10.000000 -21.000044
2.109998 21.100044 77.633972
 10.000000 -21.100044
2.119998 21.200045 77.421974
 10.000000 -21.200045
2.129998 21.300045 77.208977
 10.000000 -21.300045
2.139998 21.400045 76.994980
 10.000000 -21.400045
2.149998 21.500046 76.779976
 10.000000 -21.500046
2.159998 21.600046 76.563972
 10.000000 -21.600046
2.169998 21.700047 76.346970
 10.000000 -21.700047
2.179998 21.800047 76.128967
 10.000000 -21.800047
2.189998 21.900047 75.909966
 10.000000 -21.900047
2.199998 22.000048 75.689964
 10.000000 -22.000048
2.209998 22.100048 75.468964
 10.000000 -22.100048
2.219998 22.200048 75.246964
 10.000000 -22.200048
2.229998 22.300049 75.023964
 10.000000 -22.300049
2.239998 22.400049 74.799965
 10.000000 -22.400049
2.249998 22.500050 74.574966
 10.000000 -22.500050
2.259998 22.600050 74.348969
 10.000000 -22.600050
2.269998 22.700050 74.121971
 10.000000 -22.700050
2.279998 22.800051 73.893974
 10.000000 -22.800051
2.289998 22.900051 73.664970
 10.000000 -22.900051
2.299998 23.000051 73.434967
 10.000000 -23.000051
2.309998 23.100052 73.203964
 10.000000 -23.100052
2.319998 23.200052 72.971962
 10.000000 -23.200052
2.329998 23.300053 72.738960
 10.000000 -23.300053
2.339998 23.400053 72.504959
 10.000000 -23.400053
2.349998 23.500053 72.269958
 10.000000 -23.500053
2.359998 23.600054 72.033958
 10.000000 -23.600054
2.369998 23.700054 71.796959
 10.000000 -23.700054
2.379998 23.800055 71.558960
 10.000000 -23.800055
2.389998 23.900055 71.319962
 10.000000 -23.900055
2.399998 24.000055 71.079964
 10.000000 -24.000055
2.409998 24.100056 70.838966
 10.000000 -24.100056
2.419998 24.200056 70.596970
 10.000000 -24.200056
2.429998 24.300056 70.353966
 10.000000 -24.300056
2.439998 24.400057 70.109962
 10.000000 -24.400057
2.449998 24.500057 69.864960
 10.000000 -24.500057
2.459998 24.600058 69.618958
 10.000000 -24.600058
2.469998 24.700058 69.371956
 10.000000 -24.700058
2.479998 24.800058 69.123955
 10.000000 -24.800058
2.489998 24.900059 68.874954
 10.000000 -24.900059
2.499998 25.000059 68.624954
 10.000000 -25.000059
2.509998 25.100060 68.373955
 10.000000 -25.100060
2.519998 25.200060 68.121956
 10.000000 -25.200060
2.529998 25.300060 67.868958
 10.000000 -25.300060
2.539998 25.400061 67.614960
 10.000000 -25.400061
2.549998 25.500061 67.359962
 10.000000 -25.500061
2.559998 25.600061 67.103958
 10.000000 -25.600061
2.569998 25.700062 66.846954
 10.000000 -25.700062
2.579998 25.800062 66.588951
 10.000000 -25.800062
2.589998 25.900063 66.329948
 10.000000 -25.900063
2.599998 26.000063 66.069946
 10.000000 -26.000063
2.609998 26.100063 65.808945
 10.000000 -26.100063
2.619998 26.200064 65.546944
 10.000000 -26.200064
2.629998 26.300064 65.283943
 10.000000 -26.300064
2.639998 26.400064 65.019943
 10.000000 -26.400064
2.649998 26.500065 64.754944
 10.000000 -26.500065
2.659998 26.600065 64.488945
 10.000000 -26.600065
2.669998 26.700066 64.221947
 10.000000 -26.700066
2.679998 26.800066 63.953945
 10.000000 -26.800066
2.689998 26.900066 63.684944
 10.000000 -26.900066
2.699998 27.000067 63.414944
 10.000000 -27.000067
2.709998 27.100067 63.143944
 10.000000 -27.100067
2.719998 27.200068 62.871944
 10.000000 -27.200068
2.729998 27.300068 62.598946
 10.000000 -27.300068
2.739998 27.400068 62.324944
 10.000000 -27.400068
2.749998 27.500069 62.049942
 10.000000 -27.500069
2.759998 27.600069 61.773941
 10.000000 -27.600069
2.769998 27.700069 61.496941
 10.000000 -27.700069
2.779998 27.800070 61.218941
 10.000000 -27.800070
2.789998 27.900070 60.939941
 10.000000 -27.900070
2.799998 28.000071 60.659943
 10.000000 -28.000071
2.809998 28.100071 60.378941
 10.000000 -28.100071
2.819998 28.200071 60.096939
 10.000000 -28.200071
2.829998 28.300072 59.813938
 10.000000 -28.300072
2.839998 28.400072 59.529938
 10.000000 -28.400072
2.849998 28.500072 59.244938
 10.000000 -28.500072
2.859998 28.600073 58.958939
 10.000000 -28.600073
2.869998 28.700073 58.671936
 10.000000 -28.700073
2.879998 28.800074 58.383934
 10.000000 -28.800074
2.889998 28.900074 58.094933
 10.000000 -28.900074
2.899998 29.000074 57.804932
 10.000000 -29.000074
2.909998 29.100075 57.513931
 10.000000 -29.100075
2.919998 29.200075 57.221931
 10.000000 -29.200075
2.929998 29.300076 56.928932
 10.000000 -29.300076
2.939998 29.400076 56.634930
 10.000000 -29.400076
2.949998 29.500076 56.339928
 10.000000 -29.500076
2.959998 29.600077 56.043926
 10.000000 -29.600077
2.969998 29.700077 55.746925
 10.000000 -29.700077
2.979998 29.800077 55.448925
 10.000000 -29.800077
2.989998 29.900078 55.149925
 10.000000 -29.900078
2.999998 30.000078 54.849926
 10.000000 -30.000078
3.009998 30.100079 54.548923
 10.000000 -30.100079
3.019998 30.200079 54.246922
 10.000000 -30.200079
3.029998 30.300079 53.943920
 10.000000 -30.300079
3.039998 30.400080 53.639919
 10.000000 -30.400080
3.049998 30.500080 53.334919
 10.000000 -30.500080
3.059998 30.600080 53.028919
 10.000000 -30.600080
3.069998 30.700081 52.721920
 10.000000 -30.700081
3.079998 30.800081 52.413918
 10.000000 -30.800081
3.089998 30.900082 52.104916
 10.000000 -30.900082
3.099998 31.000082 51.794914
 10.000000 -31.000082
3.109998 31.100082 51.483913
 10.000000 -31.100082
3.119998 31.200083 51.171913
 10.000000 -31.200083
3.129997 31.300083 50.858913
 10.000000 -31.300083
3.139997 31.400084 50.544914
 10.000000 -31.400084
3.149997 31.500084 50.229912
 10.000000 -31.500084
3.159997 31.600084 49.913910
 10.000000 -31.600084
3.169997 31.700085 49.596909
 10.000000 -31.700085
3.179997 31.800085 49.278908
 10.000000 -31.800085
3.189997 31.900085 48.959908
 10.000000 -31.900085
3.199997 32.000084 48.639908
 10.000000 -32.000084
3.209997 32.100082 48.318909
 10.000000 -32.100082
3.219997 32.200081 47.996906
 10.000000 -32.200081
3.229997 32.300079 47.673904
 10.000000 -32.300079
3.239997 32.400078 47.349903
 10.000000 -32.400078
3.249997 32.500076 47.024902
 10.000000 -32.500076
3.259997 32.600075 46.698902
 10.000000 -32.600075
3.269997 32.700073 46.371902
 10.000000 -32.700073
3.279997 32.800072 46.043903
 10.000000 -32.800072
3.289997 32.900070 45.714901
 10.000000 -32.900070
3.299997 33.000069 45.384899
 10.000000 -33.000069
3.309997 33.100067 45.053898
 10.000000 -33.100067
3.319997 33.200066 44.721897
 10.000000 -33.200066
3.329997 33.300064 44.388897
 10.000000 -33.300064
3.339997 33.400063 44.054897
 10.000000 -33.400063
3.349997 33.500061 43.719898
 10.000000 -33.500061
3.359997 33.600060 43.383896
 10.000000 -33.600060
3.369997 33.700058 43.046894
 10.000000 -33.700058
3.379997 33.800056 42.708893
 10.000000 -33.800056
3.389997 33.900055 42.369892
 10.000000 -33.900055
3.399997 34.000053 42.029892
 10.000000 -34.000053
3.409997 34.100052 41.688892
 10.000000 -34.100052
3.419997 34.200050 41.346893
 10.000000 -34.200050
3.429997 34.300049 41.003891
 10.000000 -34.300049
3.439997 34.400047 40.659889
 10.000000 -34.400047
3.449997 34.500046 40.314888
 10.000000 -34.500046
3.459997 34.600044 39.968887
 10.000000 -34.600044
3.469997 34.700043 39.621887
 10.000000 -34.700043
3.479997 34.800041 39.273888
 10.000000 -34.800041
3.489997 34.900040 38.924889
 10.000000 -34.900040
3.499997 35.000038 38.574890
 10.000000 -35.000038
3.509997 35.100037 38.223888
 10.000000 -35.100037
3.519997 35.200035 37.871887
 10.000000 -35.200035
3.529997 35.300034 37.518887
 10.000000 -35.300034
3.539997 35.400032 37.164886
 10.000000 -35.400032
3.549997 35.500031 36.809887
 10.000000 -35.500031
3.559997 35.600029 36.453888
 10.000000 -35.600029
3.569997 35.700027 36.096889
 10.000000 -35.700027
3.579997 35.800026 35.738888
 10.000000 -35.800026
3.589997 35.900024 35.379887
 10.000000 -35.900024
3.599997 36.000023 35.019886
 10.000000 -36.000023
3.609997 36.100021 34.658886
 10.000000 -36.100021
3.619997 36.200020 34.296886
 10.000000 -36.200020
3.629997 36.300018 33.933887
 10.000000 -36.300018
3.639997 36.400017 33.569889
 10.000000 -36.400017
3.649997 36.500015 33.204887
 10.000000 -36.500015
3.659997 36.600014 32.838886
 10.000000 -36.600014
3.669997 36.700012 32.471886
 10.000000 -36.700012
3.679997 36.800011 32.103886
 10.000000 -36.800011
3.689997 36.900009 31.734886
 10.000000 -36.900009
3.699997 37.000008 31.364885
 10.000000 -37.000008
3.709997 37.100006 30.993885
 10.000000 -37.100006
3.719997 37.200005 30.621885
 10.000000 -37.200005
3.729997 37.300003 30.248886
 10.000000 -37.300003
3.739997 37.400002 29.874886
 10.000000 -37.400002
3.749997 37.500000 29.499886
 10.000000 -37.500000
3.759997 37.599998 29.123886
 10.000000 -37.599998
3.769997 37.699997 28.746885
 10.000000 -37.699997
3.779997 37.799995 28.368885
 10.000000 -37.799995
3.789997 37.899994 27.989885
 10.000000 -37.899994
3.799997 37.999992 27.609886
 10.000000 -37.999992
3.809997 38.099991 27.228886
 10.000000 -38.099991
3.819997 38.199989 26.846886
 10.000000 -38.199989
3.829997 38.299988 26.463886
 10.000000 -38.299988
3.839997 38.399986 26.079885
 10.000000 -38.399986
3.849997 38.499985 25.694885
 10.000000 -38.499985
3.859997 38.599983 25.308886
 10.000000 -38.599983
3.869997 38.699982 24.921886
 10.000000 -38.699982
3.879997 38.799980 24.533886
 10.000000 -38.799980
3.889997 38.899979 24.144886
 10.000000 -38.899979
3.899997 38.999977 23.754887
 10.000000 -38.999977
3.909997 39.099976 23.363888
 10.000000 -39.099976
3.919997 39.199974 22.971888
 10.000000 -39.199974
3.929997 39.299973 22.578888
 10.000000 -39.299973
3.939997 39.399971 22.184889
 10.000000 -39.399971
3.949997 39.499969 21.789888
 10.000000 -39.499969
3.959997 39.599968 21.393888
 10.000000 -39.599968
3.969997 39.699966 20.996889
 10.000000 -39.699966
3.979997 39.799965 20.598890
 10.000000 -39.799965
3.989997 39.899963 20.199890
 10.000000 -39.899963
3.999997 39.999962 19.799891
 10.000000 -39.999962
4.009997 40.099960 19.398891
 10.000000 -40.099960
4.019997 40.199959 18.996891
 10.000000 -40.199959
4.029997 40.299957 18.593891
 10.000000 -40.299957
4.039998 40.399956 18.189892
 10.000000 -40.399956
4.049998 40.499954 17.784893
 10.000000 -40.499954
4.059998 40.599953 17.378893
 10.000000 -40.599953
4.069998 40.699951 16.971893
 10.000000 -40.699951
4.079998 40.799950 16.563894
 10.000000 -40.799950
4.089999 40.899948 16.154894
 10.000000 -40.899948
4.099999 40.999947 15.744894
 10.000000 -40.999947
4.109999 41.099945 15.333895
 10.000000 -41.099945
4.119999 41.199944 14.921895
 10.000000 -41.199944
4.130000 41.299942 14.508896
 10.000000 -41.299942
4.140000 41.399940 14.094896
 10.000000 -41.399940
4.150000 41.499939 13.679897
 10.000000 -41.499939
4.160000 41.599937 13.263898
 10.000000 -41.599937
4.170001 41.699936 12.846899
 10.000000 -41.699936
4.180001 41.799934 12.428900
 10.000000 -41.799934
4.190001 41.899933 12.009900
 10.000000 -41.899933
4.200001 41.999931 11.589901
 10.000000 -41.999931
4.210001 42.099930 11.168901
 10.000000 -42.099930
4.220002 42.199928 10.746902
 10.000000 -42.199928
4.230002 42.299927 10.323903
 10.000000 -42.299927
4.240002 42.399925 9.899904
 10.000000 -42.399925
4.250002 42.499924 9.474905
 10.000000 -42.499924
4.260003 42.599922 9.048905
 10.000000 -42.599922
4.270003 42.699921 8.621906
 10.000000 -42.699921
4.280003 42.799919 8.193907
 10.000000 -42.799919
4.290003 42.899918 7.764908
 10.000000 -42.899918
4.300004 42.999916 7.334908
 10.000000 -42.999916
4.310004 43.099915 6.903909
 10.000000 -43.099915
4.320004 43.199913 6.471910
 10.000000 -43.199913
4.330004 43.299911 6.038911
 10.000000 -43.299911
4.340004 43.399910 5.604912
 10.000000 -43.399910
4.350005 43.499908 5.169913
 10.000000 -43.499908
4.360005 43.599907 4.733914
 10.000000 -43.599907
4.370005 43.699905 4.296915
 10.000000 -43.699905
4.380005 43.799904 3.858916
 10.000000 -43.799904
4.390006 43.899902 3.419917
 10.000000 -43.899902
4.400006 43.999901 2.979918
 10.000000 -43.999901
4.410006 44.099899 2.538919
 10.000000 -44.099899
4.420006 44.199898 2.096920
 10.000000 -44.199898
4.430007 44.299896 1.653921
 10.000000 -44.299896
4.440007 44.399895 1.209922
 10.000000 -44.399895
4.450007 44.499893 .764923
 10.000000 -44.499893
4.460007 44.599892 .318924
 10.000000 -44.599892
