.010000 .070675 99.928825 7.067532 -7.117532
.020000 .141280 99.856720 7.060464 -7.210415
.030000 .211814 99.783691 7.053404 -7.303205
.040000 .282277 99.709732 7.046350 -7.395901
.050000 .352671 99.634850 7.039304 -7.488505
.060000 .422993 99.559036 7.032265 -7.581017
.070000 .493246 99.482300 7.025233 -7.673436
.080000 .563428 99.404640 7.018208 -7.765763
.090000 .633539 99.326057 7.011189 -7.857997
.100000 .703581 99.246559 7.004178 -7.950139
.110000 .773553 99.166138 6.997174 -8.042189
.120000 .843455 99.084793 6.990177 -8.134147
.130000 .913287 99.002533 6.983187 -8.226012
.140000 .983049 98.919357 6.976203 -8.317786
.150000 1.052741 98.835266 6.969227 -8.409469
.160000 1.122364 98.750252 6.962258 -8.501060
.170000 1.191916 98.664330 6.955296 -8.592559
.180000 1.261400 98.577492 6.948340 -8.683967
.190000 1.330814 98.489738 6.941392 -8.775283
.200000 1.400158 98.401070 6.934451 -8.866508
.210000 1.469433 98.311493 6.927516 -8.957641
.220000 1.538639 98.221008 6.920588 -9.048683
.230000 1.607776 98.129608 6.913668 -9.139634
.240000 1.676843 98.037300 6.906754 -9.230494
.250000 1.745842 97.944084 6.899847 -9.321264
.260000 1.814771 97.849968 6.892947 -9.411943
.270000 1.883632 97.754944 6.886054 -9.502531
.280000 1.952423 97.659012 6.879168 -9.593028
.290000 2.021146 97.562180 6.872289 -9.683435
.300000 2.089800 97.464439 6.865417 -9.773752
.310000 2.158386 97.365799 6.858551 -9.863978
.320000 2.226903 97.266258 6.851693 -9.954114
.330000 2.295351 97.165817 6.844841 -10.044160
.340000 2.363731 97.064476 6.837996 -10.134116
.350000 2.432043 96.962234 6.831158 -10.223982
.360000 2.500286 96.859100 6.824327 -10.313758
.370000 2.568461 96.755066 6.817502 -10.403444
.380000 2.636568 96.650139 6.810685 -10.493041
.390000 2.704607 96.544312 6.803874 -10.582548
.400000 2.772577 96.437592 6.797071 -10.671966
.410000 2.840480 96.329979 6.790274 -10.761293
.420000 2.908315 96.221474 6.783484 -10.850533
.430000 2.976082 96.112076 6.776700 -10.939682
.440000 3.043781 96.001785 6.769923 -11.028743
.450000 3.111413 95.890610 6.763153 -11.117714
.460000 3.178977 95.778542 6.756390 -11.206596
.470000 3.246473 95.665588 6.749634 -11.295390
.480000 3.313902 95.551750 6.742884 -11.384095
.490000 3.381263 95.437019 6.736141 -11.472712
.500000 3.448557 95.321404 6.729405 -11.561239
.510000 3.515784 95.204910 6.722675 -11.649678
.520000 3.582943 95.087532 6.715953 -11.738029
.530000 3.650036 94.969269 6.709237 -11.826290
.540000 3.717061 94.850121 6.702528 -11.914464
.550000 3.784019 94.730095 6.695826 -12.002549
.560000 3.850910 94.609192 6.689130 -12.090547
.570000 3.917735 94.487404 6.682441 -12.178456
.580000 3.984492 94.364738 6.675758 -12.266278
.590000 4.051183 94.241196 6.669083 -12.354012
.600000 4.117807 94.116776 6.662414 -12.441657
.610000 4.184365 93.991486 6.655751 -12.529216
.620000 4.250856 93.865318 6.649096 -12.616687
.630000 4.317280 93.738281 6.642447 -12.704070
.640000 4.383638 93.610367 6.635804 -12.791366
.650000 4.449930 93.481583 6.629169 -12.878574
.660000 4.516156 93.351929 6.622540 -12.965695
.670000 4.582315 93.221405 6.615917 -13.052730
.680000 4.648408 93.090012 6.609301 -13.139677
.690000 4.714435 92.957748 6.602692 -13.226538
.700000 4.780396 92.824615 6.596089 -13.313312
.710000 4.846291 92.690613 6.589493 -13.399999
.720000 4.912119 92.555748 6.582903 -13.486599
.730000 4.977882 92.420013 6.576321 -13.573112
.740000 5.043580 92.283417 6.569744 -13.659539
.750000 5.109212 92.145958 6.563174 -13.745880
.760000 5.174778 92.007637 6.556611 -13.832134
.770000 5.240279 91.868454 6.550055 -13.918303
.780000 5.305714 91.728409 6.543505 -14.004384
.790000 5.371083 91.587502 6.536961 -14.090380
.800000 5.436388 91.445740 6.530424 -14.176290
.810000 5.501626 91.303116 6.523894 -14.262114
.820000 5.566800 91.159637 6.517370 -14.347852
.830000 5.631908 91.015305 6.510852 -14.433504
.839999 5.696952 90.870117 6.504342 -14.519071
.849999 5.761930 90.724075 6.497837 -14.604551
.859999 5.826844 90.577179 6.491339 -14.689947
.869999 5.891692 90.429428 6.484848 -14.775257
.879999 5.956476 90.280823 6.478363 -14.860482
.889999 6.021194 90.131363 6.471885 -14.945621
.899999 6.085849 89.981056 6.465413 -15.030676
.909999 6.150438 89.829903 6.458947 -15.115645
.919999 6.214963 89.677895 6.452488 -15.200530
.929999 6.279423 89.525040 6.446036 -15.285330
.939999 6.343819 89.371338 6.439590 -15.370045
.949999 6.408151 89.216789 6.433150 -15.454675
.959999 6.472418 89.061394 6.426717 -15.539220
.969999 6.536621 88.905159 6.420290 -15.623681
.979999 6.600760 88.748077 6.413870 -15.708057
.989999 6.664834 88.590157 6.407456 -15.792350
.999999 6.728845 88.431389 6.401049 -15.876557
1.009999 6.792791 88.271782 6.394648 -15.960681
1.019999 6.856673 88.111336 6.388253 -16.044720
1.029999 6.920492 87.950050 6.381865 -16.128675
1.039999 6.984247 87.787926 6.375483 -16.212547
1.049999 7.047938 87.624962 6.369108 -16.296335
1.059999 7.111565 87.461159 6.362739 -16.380039
1.069999 7.175129 87.296524 6.356376 -16.463659
1.079999 7.238629 87.131050 6.350019 -16.547195
1.089999 7.302066 86.964745 6.343669 -16.630648
1.099999 7.365439 86.797607 6.337326 -16.714018
1.109999 7.428749 86.629631 6.330988 -16.797304
1.119999 7.491995 86.460823 6.324657 -16.880507
1.129999 7.555179 86.291183 6.318333 -16.963627
1.139999 7.618299 86.120720 6.312014 -17.046663
1.149999 7.681356 85.949425 6.305702 -17.129616
1.159999 7.744350 85.777298 6.299397 -17.212486
1.169999 7.807281 85.604347 6.293097 -17.295273
1.179999 7.870149 85.430565 6.286804 -17.377977
1.189999 7.932954 85.255959 6.280517 -17.460600
1.199999 7.995697 85.080528 6.274237 -17.543139
1.209999 8.058376 84.904274 6.267962 -17.625595
1.219999 8.120994 84.727196 6.261694 -17.707970
1.229999 8.183548 84.549294 6.255433 -17.790262
1.239999 8.246039 84.370567 6.249177 -17.872473
1.249999 8.308469 84.191025 6.242928 -17.954599
1.259999 8.370835 84.010658 6.236685 -18.036644
1.269999 8.433140 83.829475 6.230449 -18.118607
1.279999 8.495382 83.647469 6.224218 -18.200487
1.289999 8.557562 83.464645 6.217994 -18.282288
1.299999 8.619679 83.281006 6.211776 -18.364006
1.309999 8.681735 83.096550 6.205564 -18.445642
1.319999 8.743729 82.911278 6.199359 -18.527197
1.329999 8.805660 82.725189 6.193160 -18.608669
1.339999 8.867530 82.538292 6.186966 -18.690060
1.349999 8.929338 82.350578 6.180779 -18.771370
1.359999 8.991083 82.162056 6.174599 -18.852598
1.369999 9.052768 81.972717 6.168424 -18.933746
1.379999 9.114390 81.782570 6.162256 -19.014812
1.389999 9.175951 81.591614 6.156094 -19.095798
1.399999 9.237451 81.399849 6.149938 -19.176702
1.409999 9.298888 81.207275 6.143788 -19.257526
1.419999 9.360265 81.013893 6.137644 -19.338268
1.429999 9.421580 80.819702 6.131506 -19.418930
1.439999 9.482834 80.624710 6.125375 -19.499512
1.449999 9.544026 80.428909 6.119249 -19.580011
1.459999 9.605158 80.232307 6.113130 -19.660431
1.469999 9.666228 80.034897 6.107017 -19.740770
1.479999 9.727238 79.836685 6.100910 -19.821030
1.489999 9.788186 79.637672 6.094809 -19.901209
1.499999 9.849073 79.437859 6.088714 -19.981308
1.509999 9.909900 79.237244 6.082625 -20.061327
1.519999 9.970665 79.035828 6.076543 -20.141266
1.529999 10.031369 78.833618 6.070467 -20.221125
1.539999 10.092013 78.630608 6.064396 -20.300903
1.549999 10.152596 78.426804 6.058331 -20.380602
1.559999 10.213120 78.222198 6.052273 -20.460220
1.569999 10.273582 78.016800 6.046221 -20.539761
1.579999 10.333983 77.810608 6.040174 -20.619221
1.589999 10.394324 77.603622 6.034134 -20.698601
1.599999 10.454605 77.395844 6.028100 -20.777903
1.609999 10.514826 77.187271 6.022072 -20.857124
1.619999 10.574986 76.977905 6.016050 -20.936268
1.629999 10.635087 76.767754 6.010034 -21.015331
1.639999 10.695127 76.556808 6.004024 -21.094316
1.649999 10.755108 76.345078 5.998020 -21.173222
1.659999 10.815028 76.132561 5.992022 -21.252048
1.669999 10.874888 75.919250 5.986030 -21.330797
1.679999 10.934689 75.705154 5.980044 -21.409466
1.689999 10.994430 75.490273 5.974064 -21.488056
1.699999 11.054111 75.274605 5.968090 -21.566568
1.709999 11.113731 75.058151 5.962121 -21.645002
1.719999 11.173293 74.840919 5.956160 -21.723358
1.729999 11.232795 74.622902 5.950203 -21.801636
1.739999 11.292237 74.404106 5.944253 -21.879833
1.749999 11.351621 74.184525 5.938309 -21.957952
1.759999 11.410944 73.964165 5.932371 -22.035995
1.769999 11.470208 73.743027 5.926438 -22.113960
1.779999 11.529413 73.521111 5.920512 -22.191847
1.789999 11.588559 73.298416 5.914591 -22.269655
1.799999 11.647646 73.074944 5.908677 -22.347385
1.809999 11.706674 72.850693 5.902768 -22.425037
1.819999 11.765642 72.625664 5.896865 -22.502613
1.829999 11.824552 72.399864 5.890968 -22.580111
1.839999 11.883403 72.173286 5.885077 -22.657530
1.849999 11.942195 71.945938 5.879192 -22.734873
1.859999 12.000928 71.717819 5.873313 -22.812138
1.869999 12.059603 71.488930 5.867440 -22.889326
1.879999 12.118218 71.259262 5.861572 -22.966436
1.889999 12.176776 71.028824 5.855711 -23.043470
1.899999 12.235274 70.797623 5.849855 -23.120426
1.909999 12.293715 70.565651 5.844005 -23.197306
1.919999 12.352097 70.332909 5.838161 -23.274109
1.929999 12.410419 70.099403 5.832323 -23.350834
1.939999 12.468684 69.865128 5.826490 -23.427483
1.949998 12.526891 69.630089 5.820664 -23.504055
1.959998 12.585039 69.394287 5.814843 -23.580551
1.969998 12.643129 69.157715 5.809028 -23.656971
1.979998 12.701161 68.920380 5.803219 -23.733315
1.989998 12.759135 68.682281 5.797416 -23.809582
1.999998 12.817052 68.443420 5.791619 -23.885773
2.009999 12.874910 68.203804 5.785827 -23.961887
2.019999 12.932711 67.963425 5.780041 -24.037926
2.029999 12.990454 67.722282 5.774261 -24.113888
2.039999 13.048139 67.480385 5.768486 -24.189774
2.049999 13.105765 67.237732 5.762718 -24.265583
2.059999 13.163335 66.994316 5.756956 -24.341318
2.069999 13.220847 66.750145 5.751199 -24.416977
2.079998 13.278301 66.505219 5.745448 -24.492559
2.089998 13.335698 66.259537 5.739702 -24.568068
2.099998 13.393038 66.013100 5.733963 -24.643499
2.109998 13.450320 65.765915 5.728229 -24.718857
2.119998 13.507545 65.517975 5.722500 -24.794138
2.129998 13.564713 65.269279 5.716778 -24.869345
2.139998 13.621824 65.019836 5.711061 -24.944475
2.149998 13.678878 64.769638 5.705350 -25.019531
2.159998 13.735874 64.518692 5.699645 -25.094511
2.169998 13.792813 64.266998 5.693945 -25.169416
2.179998 13.849696 64.014557 5.688251 -25.244247
2.189998 13.906522 63.761368 5.682563 -25.319004
2.199998 13.963290 63.507431 5.676880 -25.393684
2.209998 14.020002 63.252747 5.671204 -25.468290
2.219998 14.076657 62.997318 5.665533 -25.542822
2.229998 14.133256 62.741146 5.659867 -25.617279
2.239998 14.189798 62.484230 5.654207 -25.691662
2.249998 14.246284 62.226570 5.648553 -25.765970
2.259998 14.302712 61.968166 5.642904 -25.840204
2.269998 14.359085 61.709023 5.637261 -25.914364
2.279998 14.415401 61.449139 5.631624 -25.988449
2.289998 14.471662 61.188515 5.625993 -26.062460
2.299998 14.527865 60.927151 5.620367 -26.136398
2.309998 14.584013 60.665047 5.614746 -26.210262
2.319998 14.640104 60.402206 5.609131 -26.284052
2.329998 14.696139 60.138630 5.603522 -26.357767
2.339998 14.752118 59.874317 5.597919 -26.431410
2.349998 14.808042 59.609268 5.592321 -26.504978
2.359998 14.863909 59.343483 5.586729 -26.578474
2.369998 14.919721 59.076965 5.581142 -26.651896
2.379998 14.975476 58.809711 5.575561 -26.725245
2.389998 15.031177 58.541725 5.569985 -26.798519
2.399998 15.086821 58.273006 5.564415 -26.871721
2.409998 15.142409 58.003559 5.558851 -26.944849
2.419998 15.197942 57.733379 5.553292 -27.017904
2.429998 15.253419 57.462471 5.547739 -27.090887
2.439998 15.308841 57.190834 5.542191 -27.163795
2.449998 15.364207 56.918468 5.536649 -27.236631
2.459998 15.419518 56.645374 5.531112 -27.309395
2.469998 15.474774 56.371555 5.525581 -27.382086
2.479998 15.529975 56.097008 5.520055 -27.454704
2.489998 15.585120 55.821735 5.514535 -27.527250
2.499998 15.640210 55.545738 5.509021 -27.599724
2.509998 15.695246 55.269016 5.503512 -27.672125
2.519998 15.750226 54.991573 5.498008 -27.744453
2.529998 15.805151 54.713406 5.492510 -27.816710
2.539998 15.860022 54.434517 5.487018 -27.888893
2.549998 15.914837 54.154907 5.481531 -27.961004
2.559998 15.969598 53.874577 5.476049 -28.033043
2.569998 16.024303 53.593525 5.470573 -28.105009
2.579998 16.078955 53.311756 5.465102 -28.176905
2.589998 16.133551 53.029270 5.459637 -28.248728
2.599998 16.188093 52.746067 5.454177 -28.320478
2.609998 16.242580 52.462147 5.448723 -28.392159
2.619998 16.297012 52.177509 5.443274 -28.463766
2.629998 16.351391 51.892155 5.437831 -28.535303
2.639998 16.405714 51.606087 5.432394 -28.606768
2.649998 16.459984 51.319305 5.426961 -28.678162
2.659998 16.514198 51.031811 5.421534 -28.749483
2.669998 16.568359 50.743603 5.416112 -28.820734
2.679998 16.622467 50.454685 5.410697 -28.891912
2.689998 16.676519 50.165054 5.405286 -28.963020
2.699998 16.730518 49.874714 5.399880 -29.034058
2.709998 16.784464 49.583664 5.394481 -29.105024
2.719998 16.838354 49.291904 5.389086 -29.175919
2.729998 16.892191 48.999435 5.383697 -29.246742
2.739998 16.945974 48.706261 5.378314 -29.317495
2.749998 16.999704 48.412380 5.372935 -29.388178
2.759998 17.053379 48.117794 5.367562 -29.458790
2.769998 17.107000 47.822502 5.362195 -29.529331
2.779998 17.160568 47.526505 5.356833 -29.599802
2.789998 17.214083 47.229801 5.351476 -29.670202
2.799998 17.267544 46.932396 5.346124 -29.740532
2.809998 17.320951 46.634289 5.340778 -29.810791
2.819998 17.374306 46.335480 5.335437 -29.880980
2.829998 17.427607 46.035969 5.330102 -29.951099
2.839998 17.480854 45.735756 5.324772 -30.021149
2.849998 17.534048 45.434845 5.319447 -30.091127
2.859998 17.587189 45.133236 5.314127 -30.161036
2.869998 17.640276 44.830929 5.308813 -30.230875
2.879998 17.693312 44.527924 5.303504 -30.300644
2.889998 17.746294 44.224220 5.298201 -30.370344
2.899998 17.799223 43.919819 5.292903 -30.439974
2.909998 17.852098 43.614723 5.287610 -30.509533
2.919998 17.904922 43.308933 5.282322 -30.579023
2.929998 17.957693 43.002449 5.277040 -30.648445
2.939998 18.010410 42.695271 5.271763 -30.717796
2.949998 18.063076 42.387402 5.266491 -30.787079
2.959998 18.115688 42.078838 5.261224 -30.856293
2.969998 18.168247 41.769585 5.255963 -30.925436
2.979998 18.220755 41.459641 5.250707 -30.994511
2.989998 18.273209 41.149006 5.245456 -31.063517
2.999998 18.325611 40.837681 5.240210 -31.132454
3.009998 18.377960 40.525669 5.234970 -31.201321
3.019998 18.430258 40.212967 5.229734 -31.270119
3.029998 18.482502 39.899578 5.224504 -31.338848
3.039998 18.534695 39.585503 5.219280 -31.407509
3.049998 18.586836 39.270741 5.214060 -31.476101
3.059998 18.638924 38.955296 5.208846 -31.544624
3.069998 18.690960 38.639164 5.203637 -31.613079
3.079998 18.742945 38.322350 5.198433 -31.681465
3.089998 18.794878 38.004852 5.193235 -31.749784
3.099998 18.846758 37.686672 5.188042 -31.818035
3.109998 18.898586 37.367809 5.182854 -31.886217
3.119998 18.950363 37.048267 5.177671 -31.954330
3.129997 19.002089 36.728043 5.172493 -32.022377
3.139997 19.053762 36.407139 5.167321 -32.090355
3.149997 19.105385 36.085556 5.162153 -32.158264
3.159997 19.156954 35.763294 5.156991 -32.226105
3.169997 19.208471 35.440357 5.151834 -32.293880
3.179997 19.259937 35.116741 5.146682 -32.361588
3.189997 19.311352 34.792450 5.141536 -32.429226
3.199997 19.362715 34.467484 5.136394 -32.496796
3.209997 19.414028 34.141842 5.131258 -32.564301
3.219997 19.465290 33.815525 5.126126 -32.631737
3.229997 19.516500 33.488533 5.121000 -32.699104
3.239997 19.567659 33.160870 5.115879 -32.766407
3.249997 19.618767 32.832535 5.110763 -32.833641
3.259997 19.669823 32.503529 5.105652 -32.900806
3.269997 19.720829 32.173851 5.100547 -32.967907
3.279997 19.771784 31.843502 5.095446 -33.034939
3.289997 19.822687 31.512484 5.090351 -33.101902
3.299997 19.873539 31.180796 5.085260 -33.168800
3.309997 19.924341 30.848440 5.080175 -33.235630
3.319997 19.975092 30.515417 5.075095 -33.302395
3.329997 20.025793 30.181726 5.070020 -33.369091
3.339997 20.076443 29.847370 5.064950 -33.435722
3.349997 20.127041 29.512348 5.059885 -33.502285
3.359997 20.177589 29.176661 5.054825 -33.568783
3.369997 20.228086 28.840309 5.049770 -33.635216
3.379997 20.278534 28.503294 5.044720 -33.701580
3.389997 20.328930 28.165615 5.039675 -33.767879
3.399997 20.379276 27.827274 5.034636 -33.834110
3.409997 20.429573 27.488272 5.029601 -33.900276
3.419997 20.479818 27.148607 5.024571 -33.966377
3.429997 20.530014 26.808283 5.019547 -34.032410
3.439997 20.580160 26.467299 5.014527 -34.098377
3.449997 20.630255 26.125656 5.009513 -34.164280
3.459997 20.680300 25.783356 5.004503 -34.230114
3.469997 20.730295 25.440397 4.999499 -34.295883
3.479997 20.780241 25.096781 4.994499 -34.361588
3.489997 20.830135 24.752508 4.989505 -34.427227
3.499997 20.879980 24.407579 4.984515 -34.492802
3.509997 20.929775 24.061996 4.979531 -34.558308
3.519997 20.979521 23.715759 4.974551 -34.623749
3.529997 21.029217 23.368868 4.969577 -34.689125
3.539997 21.078863 23.021324 4.964607 -34.754436
3.549997 21.128460 22.673128 4.959642 -34.819683
3.559997 21.178007 22.324280 4.954683 -34.884865
3.569997 21.227505 21.974779 4.949728 -34.949982
3.579997 21.276953 21.624628 4.944778 -35.015030
3.589997 21.326351 21.273829 4.939834 -35.080013
3.599997 21.375700 20.922379 4.934894 -35.144932
3.609997 21.424999 20.570280 4.929959 -35.209785
3.619997 21.474249 20.217535 4.925029 -35.274574
3.629997 21.523451 19.864141 4.920104 -35.339298
3.639997 21.572603 19.510101 4.915184 -35.403957
3.649997 21.621706 19.155416 4.910268 -35.468552
3.659997 21.670759 18.800085 4.905358 -35.533085
3.669997 21.719763 18.444109 4.900453 -35.597553
3.679997 21.768719 18.087490 4.895552 -35.661957
3.689997 21.817625 17.730227 4.890656 -35.726295
3.699997 21.866482 17.372320 4.885766 -35.790569
3.709997 21.915291 17.013773 4.880880 -35.854778
3.719997 21.964050 16.654583 4.875999 -35.918922
3.729997 22.012762 16.294752 4.871123 -35.983002
3.739997 22.061424 15.934282 4.866252 -36.047020
3.749997 22.110039 15.573173 4.861386 -36.110973
3.759997 22.158604 15.211424 4.856525 -36.174862
3.769997 22.207121 14.849037 4.851668 -36.238686
3.779997 22.255589 14.486012 4.846817 -36.302448
3.789997 22.304008 14.122351 4.841969 -36.366146
3.799997 22.352379 13.758053 4.837128 -36.429779
3.809997 22.400702 13.393120 4.832291 -36.493351
3.819997 22.448977 13.027552 4.827458 -36.556858
3.829997 22.497202 12.661348 4.822631 -36.620300
3.839997 22.545380 12.294512 4.817808 -36.683681
3.849997 22.593510 11.927042 4.812990 -36.746998
3.859997 22.641592 11.558940 4.808177 -36.810249
3.869997 22.689625 11.190206 4.803369 -36.873440
3.879997 22.737610 10.820840 4.798566 -36.936565
3.889997 22.785547 10.450844 4.793767 -36.999630
3.899997 22.833437 10.080217 4.788974 -37.062630
3.909997 22.881279 9.708961 4.784185 -37.125568
3.919997 22.929073 9.337077 4.779401 -37.188442
3.929997 22.976820 8.964564 4.774621 -37.251255
3.939997 23.024519 8.591424 4.769847 -37.314003
3.949997 23.072170 8.217657 4.765077 -37.376690
3.959997 23.119774 7.843264 4.760312 -37.439312
3.969997 23.167330 7.468246 4.755552 -37.501873
3.979997 23.214838 7.092602 4.750796 -37.564373
3.989997 23.262299 6.716334 4.746046 -37.626808
3.999997 23.309711 6.339442 4.741300 -37.689182
4.009997 23.357077 5.961927 4.736558 -37.751492
4.019997 23.404394 5.583790 4.731822 -37.813740
4.029997 23.451666 5.205030 4.727090 -37.875927
4.039998 23.498890 4.825650 4.722363 -37.938049
4.049998 23.546066 4.445649 4.717641 -38.000111
4.059998 23.593195 4.065028 4.712923 -38.062111
4.069998 23.640278 3.683787 4.708210 -38.124050
4.079998 23.687313 3.301928 4.703502 -38.185925
4.089999 23.734301 2.919451 4.698798 -38.247738
4.099999 23.781242 2.536356 4.694099 -38.309490
4.109999 23.828136 2.152644 4.689405 -38.371181
4.119999 23.874983 1.768316 4.684716 -38.432812
4.130000 23.921783 1.383372 4.680031 -38.494377
4.140000 23.968536 .997813 4.675351 -38.555882
4.150000 24.015244 .611640 4.670676 -38.617325
4.160000 24.061903 .224853 4.666005 -38.678707
4.170001 24.108517 .162547 3.262938 27.118019
4.180001 24.141113 .432456 3.259675 26.990902
4.190001 24.173677 .701095 3.256415 26.863911
4.200001 24.206209 .968466 3.253159 26.737047
4.210001 24.238708 1.234569 3.249905 26.610310
4.220002 24.271175 1.499406 3.246655 26.483700
4.230002 24.303610 1.762978 3.243409 26.357216
4.240002 24.336012 2.025287 3.240165 26.230858
4.250002 24.368382 2.286333 3.236925 26.104628
4.260003 24.400719 2.546118 3.233688 25.978523
4.270003 24.433023 2.804643 3.230455 25.852545
4.280003 24.465296 3.061910 3.227224 25.726692
4.290003 24.497536 3.317920 3.223997 25.600965
4.300004 24.529743 3.572674 3.220773 25.475365
4.310004 24.561918 3.826172 3.217552 25.349890
4.320004 24.594061 4.078418 3.214335 25.224541
4.330004 24.626173 4.329411 3.211120 25.099316
4.340004 24.658253 4.579153 3.207909 24.974216
4.350005 24.690300 4.827645 3.204701 24.849243
4.360005 24.722315 5.074889 3.201497 24.724394
4.370005 24.754297 5.320886 3.198295 24.599669
4.380005 24.786249 5.565636 3.195097 24.475069
4.390006 24.818169 5.809142 3.191902 24.350594
4.400006 24.850056 6.051404 3.188710 24.226242
4.410006 24.881910 6.292425 3.185521 24.102016
4.420006 24.913734 6.532204 3.182336 23.977915
4.430007 24.945526 6.770743 3.179153 23.853937
4.440007 24.977285 7.008044 3.175974 23.730083
4.450007 25.009014 7.244107 3.172798 23.606354
4.460007 25.040710 7.478935 3.169626 23.482748
4.470007 25.072374 7.712527 3.166456 23.359264
4.480008 25.104008 7.944886 3.163290 23.235905
4.490008 25.135609 8.176013 3.160126 23.112669
4.500008 25.167179 8.405909 3.156966 22.989557
4.510008 25.198717 8.634574 3.153809 22.866568
4.520009 25.230225 8.862011 3.150655 22.743702
4.530009 25.261700 9.088221 3.147505 22.620958
4.540009 25.293142 9.313204 3.144357 22.498337
4.550009 25.324554 9.536963 3.141213 22.375839
4.560009 25.355936 9.759497 3.138072 22.253464
4.570010 25.387285 9.980809 3.134933 22.131210
4.580010 25.418604 10.200900 3.131799 22.009079
4.590010 25.449890 10.419771 3.128667 21.887070
4.600010 25.481146 10.637423 3.125538 21.765182
4.610011 25.512369 10.853857 3.122412 21.643417
4.620011 25.543562 11.069075 3.119290 21.521774
4.630011 25.574724 11.283077 3.116171 21.400253
4.640011 25.605854 11.495866 3.113055 21.278852
4.650012 25.636953 11.707441 3.109942 21.157574
4.660012 25.668022 11.917806 3.106832 21.036417
4.670012 25.699059 12.126960 3.103725 20.915380
4.680012 25.730064 12.334905 3.100621 20.794466
4.690012 25.761040 12.541641 3.097521 20.673672
4.700013 25.791985 12.747171 3.094423 20.552998
4.710013 25.822897 12.951496 3.091329 20.432446
4.720013 25.853779 13.154616 3.088237 20.312014
4.730013 25.884630 13.356533 3.085149 20.191702
4.740014 25.915451 13.557248 3.082064 20.071510
4.750014 25.946241 13.756763 3.078982 19.951439
4.760014 25.977001 13.955077 3.075903 19.831488
4.770014 26.007729 14.152194 3.072827 19.711657
4.780015 26.038425 14.348113 3.069754 19.591946
4.790015 26.069092 14.542836 3.066685 19.472353
4.800015 26.099728 14.736365 3.063618 19.352880
4.810015 26.130333 14.928700 3.060554 19.233528
4.820015 26.160908 15.119843 3.057494 19.114294
4.830016 26.191452 15.309795 3.054436 18.995180
4.840016 26.221966 15.498557 3.051382 18.876184
4.850016 26.252449 15.686131 3.048331 18.757309
4.860016 26.282902 15.872516 3.045282 18.638552
4.870017 26.313324 16.057714 3.042237 18.519913
4.880017 26.343716 16.241728 3.039195 18.401392
4.890017 26.374077 16.424559 3.036155 18.282991
4.900017 26.404408 16.606205 3.033119 18.164709
4.910017 26.434708 16.786671 3.030086 18.046545
4.920018 26.464977 16.965956 3.027056 17.928499
4.930018 26.495218 17.144062 3.024029 17.810572
4.940018 26.525429 17.320990 3.021005 17.692760
4.950018 26.555609 17.496740 3.017984 17.575068
4.960019 26.585758 17.671316 3.014966 17.457493
4.970019 26.615877 17.844717 3.011951 17.340034
4.980019 26.645967 18.016945 3.008939 17.222694
4.990019 26.676027 18.188000 3.005930 17.105473
5.000020 26.706057 18.357883 3.002924 16.988367
5.010020 26.736055 18.526598 2.999921 16.871378
5.020020 26.766024 18.694143 2.996921 16.754507
5.030020 26.795963 18.860521 2.993924 16.637753
5.040020 26.825872 19.025732 2.990931 16.521114
5.050021 26.855751 19.189777 2.987940 16.404593
5.060021 26.885601 19.352659 2.984952 16.288187
5.070021 26.915421 19.514378 2.981967 16.171898
5.080021 26.945210 19.674934 2.978985 16.055725
5.090022 26.974970 19.834332 2.976006 15.939670
5.100022 27.004700 19.992569 2.973030 15.823730
5.110022 27.034401 20.149649 2.970057 15.707906
5.120022 27.064072 20.305571 2.967087 15.592197
5.130023 27.093714 20.460337 2.964120 15.476605
5.140023 27.123325 20.613949 2.961156 15.361129
5.150023 27.152906 20.766407 2.958194 15.245768
5.160023 27.182459 20.917713 2.955236 15.130522
5.170023 27.211981 21.067867 2.952281 15.015391
5.180024 27.241474 21.216871 2.949329 14.900376
5.190024 27.270939 21.364725 2.946379 14.785476
5.200024 27.300373 21.511433 2.943433 14.670691
5.210024 27.329779 21.656992 2.940490 14.556020
5.220025 27.359154 21.801407 2.937549 14.441463
5.230025 27.388500 21.944677 2.934612 14.327022
5.240025 27.417816 22.086803 2.931677 14.212694
5.250025 27.447104 22.227789 2.928745 14.098481
5.260026 27.476362 22.367632 2.925817 13.984383
5.270026 27.505590 22.506336 2.922891 13.870399
5.280026 27.534790 22.643902 2.919968 13.756528
5.290026 27.563961 22.780329 2.917048 13.642772
5.300026 27.593102 22.915621 2.914131 13.529129
5.310027 27.622213 23.049776 2.911217 13.415600
5.320027 27.651297 23.182798 2.908305 13.302184
5.330027 27.680351 23.314688 2.905397 13.188882
5.340027 27.709375 23.445444 2.902492 13.075693
5.350028 27.738371 23.575069 2.899589 12.962618
5.360028 27.767338 23.703566 2.896690 12.849655
5.370028 27.796276 23.830935 2.893793 12.736806
5.380028 27.825186 23.957174 2.890899 12.624069
5.390028 27.854065 24.082289 2.888008 12.511445
5.400029 27.882915 24.206278 2.885120 12.398933
5.410029 27.911737 24.329144 2.882235 12.286534
5.420029 27.940531 24.450886 2.879353 12.174248
5.430029 27.969296 24.571507 2.876474 12.062074
5.440030 27.998032 24.691006 2.873597 11.950011
5.450030 28.026739 24.809387 2.870723 11.838061
5.460030 28.055418 24.926649 2.867853 11.726223
5.470030 28.084068 25.042793 2.864985 11.614497
5.480031 28.112690 25.157822 2.862120 11.502883
5.490031 28.141283 25.271736 2.859257 11.391380
5.500031 28.169847 25.384537 2.856398 11.279989
5.510031 28.198383 25.496223 2.853542 11.168709
5.520031 28.226891 25.606798 2.850688 11.057540
5.530032 28.255369 25.716263 2.847837 10.946483
5.540032 28.283819 25.824617 2.844989 10.835536
5.550032 28.312241 25.931864 2.842144 10.724701
5.560032 28.340633 26.038004 2.839302 10.613976
5.570033 28.368998 26.143038 2.836463 10.503363
5.580033 28.397333 26.246967 2.833626 10.392859
5.590033 28.425642 26.349792 2.830793 10.282467
5.600033 28.453922 26.451515 2.827962 10.172184
5.610034 28.482174 26.552135 2.825134 10.062012
5.620034 28.510397 26.651655 2.822309 9.951950
5.630034 28.538591 26.750074 2.819487 9.841998
5.640034 28.566757 26.847397 2.816667 9.732156
5.650034 28.594896 26.943621 2.813850 9.622423
5.660035 28.623007 27.038748 2.811037 9.512801
5.670035 28.651089 27.132780 2.808226 9.403288
5.680035 28.679142 27.225719 2.805417 9.293884
5.690035 28.707169 27.317566 2.802612 9.184590
5.700036 28.735167 27.408319 2.799809 9.075406
5.710036 28.763136 27.497982 2.797009 8.966331
5.720036 28.791079 27.586555 2.794212 8.857365
5.730036 28.818993 27.674040 2.791418 8.748507
5.740036 28.846878 27.760437 2.788627 8.639759
5.750037 28.874737 27.845749 2.785838 8.531119
5.760037 28.902567 27.929976 2.783052 8.422588
5.770037 28.930370 28.013117 2.780269 8.314166
5.780037 28.958145 28.095175 2.777489 8.205852
5.790038 28.985891 28.176151 2.774711 8.097646
5.800038 29.013611 28.256046 2.771937 7.989548
5.810038 29.041302 28.334862 2.769165 7.881558
5.820038 29.068966 28.412598 2.766396 7.773677
5.830039 29.096601 28.489256 2.763629 7.665903
5.840039 29.124210 28.564838 2.760865 7.558237
5.850039 29.151791 28.639345 2.758105 7.450679
5.860039 29.179344 28.712778 2.755347 7.343228
5.870039 29.206871 28.785137 2.752591 7.235885
5.880040 29.234369 28.856424 2.749839 7.128649
5.890040 29.261841 28.926640 2.747089 7.021521
5.900040 29.289284 28.995785 2.744342 6.914499
5.910040 29.316700 29.063860 2.741597 6.807585
5.920041 29.344088 29.130867 2.738856 6.700777
5.930041 29.371449 29.196808 2.736117 6.594076
5.940041 29.398783 29.261683 2.733381 6.487482
5.950041 29.426088 29.325493 2.730647 6.380995
5.960042 29.453367 29.388239 2.727916 6.274614
5.970042 29.480619 29.449923 2.725188 6.168339
5.980042 29.507845 29.510544 2.722463 6.062171
5.990042 29.535042 29.570105 2.719741 5.956109
6.000042 29.562212 29.628607 2.717021 5.850153
6.010043 29.589355 29.686050 2.714304 5.744303
6.020043 29.616472 29.742435 2.711590 5.638558
6.030043 29.643560 29.797764 2.708878 5.532920
6.040043 29.670622 29.852037 2.706169 5.427387
6.050044 29.697657 29.905256 2.703463 5.321959
6.060044 29.724665 29.957422 2.700760 5.216638
6.070044 29.751646 30.008537 2.698059 5.111421
6.080044 29.778599 30.058599 2.695361 5.006310
6.090044 29.805525 30.107613 2.692666 4.901303
6.100045 29.832424 30.155577 2.689973 4.796402
6.110045 29.859297 30.202494 2.687283 4.691606
6.120045 29.886143 30.248363 2.684596 4.586914
6.130045 29.912962 30.293186 2.681911 4.482327
6.140046 29.939754 30.336966 2.679229 4.377845
6.150046 29.966520 30.379700 2.676550 4.273467
6.160046 29.993259 30.421392 2.673873 4.169194
6.170046 30.019972 30.462042 2.671200 4.065024
6.180047 30.046658 30.501652 2.668528 3.960959
6.190047 30.073317 30.540222 2.665860 3.856998
6.200047 30.099949 30.577753 2.663194 3.753141
6.210047 30.126554 30.614246 2.660531 3.649388
6.220047 30.153133 30.649704 2.657870 3.545739
6.230048 30.179686 30.684126 2.655212 3.442193
6.240048 30.206211 30.717514 2.652557 3.338751
6.250048 30.232710 30.749868 2.649904 3.235412
6.260048 30.259182 30.781191 2.647254 3.132177
6.270049 30.285627 30.811481 2.644607 3.029045
6.280049 30.312046 30.840742 2.641963 2.926016
6.290049 30.338440 30.868973 2.639321 2.823090
6.300049 30.364807 30.896175 2.636682 2.720267
6.310050 30.391148 30.922350 2.634045 2.617546
6.320050 30.417461 30.947498 2.631411 2.514929
6.330050 30.443748 30.971622 2.628779 2.412414
6.340050 30.470011 30.994722 2.626151 2.310001
6.350050 30.496246 31.016800 2.623524 2.207691
6.360051 30.522455 31.037855 2.620901 2.105484
6.370051 30.548637 31.057888 2.618280 2.003378
6.380051 30.574795 31.076902 2.615662 1.901375
6.390051 30.600925 31.094896 2.613046 1.799474
6.400052 30.627029 31.111874 2.610433 1.697674
6.410052 30.653107 31.127834 2.607822 1.595976
6.420052 30.679159 31.142778 2.605215 1.494380
6.430052 30.705185 31.156708 2.602609 1.392886
6.440053 30.731186 31.169622 2.600007 1.291493
6.450053 30.757160 31.181524 2.597407 1.190202
6.460053 30.783108 31.192415 2.594810 1.089011
6.470053 30.809031 31.202295 2.592215 .987922
6.480053 30.834927 31.211164 2.589622 .886935
6.490054 30.860798 31.219025 2.587033 .786048
6.500054 30.886642 31.225878 2.584446 .685262
6.510054 30.912460 31.231724 2.581861 .584576
6.520054 30.938253 31.236565 2.579279 .483992
6.530055 30.964020 31.240400 2.576700 .383508
6.540055 30.989761 31.243231 2.574124 .283124
6.550055 31.015476 31.245060 2.571549 .182841
6.560055 31.041166 31.245886 2.568978 .082658
6.570055 31.066830 31.245712 2.566409 -.017424
6.580056 31.092468 31.244537 2.563843 -.117407
6.590056 31.118080 31.242365 2.561279 -.217290
6.600056 31.143667 31.239195 2.558717 -.317072
6.610056 31.169230 31.235027 2.556159 -.416755
6.620057 31.194765 31.229864 2.553602 -.516338
6.630057 31.220276 31.223705 2.551049 -.615822
6.640057 31.245760 31.216553 2.548498 -.715206
6.650057 31.271219 31.208408 2.545949 -.814491
6.660058 31.296654 31.199272 2.543403 -.913677
6.670058 31.322062 31.189144 2.540860 -1.012763
6.680058 31.347445 31.178026 2.538319 -1.111750
6.690058 31.372803 31.165920 2.535781 -1.210638
6.700058 31.398136 31.152826 2.533245 -1.309428
6.710059 31.423443 31.138744 2.530712 -1.408118
6.720059 31.448725 31.123676 2.528181 -1.506710
6.730059 31.473982 31.107624 2.525653 -1.605204
6.740059 31.499212 31.090588 2.523127 -1.703598
6.750060 31.524418 31.072569 2.520604 -1.801895
6.760060 31.549599 31.053568 2.518084 -1.900093
6.770060 31.574755 31.033587 2.515565 -1.998193
6.780060 31.599886 31.012625 2.513050 -2.096195
6.790061 31.624990 30.990685 2.510537 -2.194098
6.800061 31.650070 30.967766 2.508026 -2.291904
6.810061 31.675125 30.943871 2.505518 -2.389612
6.820061 31.700155 30.918999 2.503013 -2.487223
6.830061 31.725161 30.893152 2.500510 -2.584735
6.840062 31.750141 30.866331 2.498009 -2.682151
6.850062 31.775097 30.838537 2.495512 -2.779469
6.860062 31.800028 30.809771 2.493016 -2.876689
6.870062 31.824934 30.780033 2.490523 -2.973812
6.880063 31.849813 30.749325 2.488033 -3.070838
6.890063 31.874668 30.717648 2.485544 -3.167768
6.900063 31.899498 30.685001 2.483059 -3.264600
6.910063 31.924303 30.651388 2.480576 -3.361335
6.920063 31.949083 30.616808 2.478095 -3.457974
6.930064 31.973839 30.581263 2.475617 -3.554516
6.940064 31.998569 30.544752 2.473142 -3.650962
6.950064 32.023277 30.507278 2.470669 -3.747311
6.960064 32.047958 30.468843 2.468198 -3.843563
6.970065 32.072617 30.429447 2.465730 -3.939720
6.980065 32.097248 30.389090 2.463264 -4.035780
6.990065 32.121857 30.347773 2.460801 -4.131744
7.000065 32.146439 30.305496 2.458340 -4.227612
7.010066 32.170998 30.262262 2.455882 -4.323385
7.020066 32.195534 30.218071 2.453426 -4.419061
7.030066 32.220043 30.172924 2.450972 -4.514642
7.040066 32.244530 30.126823 2.448521 -4.610127
7.050066 32.268990 30.079769 2.446073 -4.705517
7.060067 32.293427 30.031761 2.443627 -4.800812
7.070067 32.317837 29.982801 2.441183 -4.896011
7.080067 32.342224 29.932890 2.438742 -4.991115
7.090067 32.366589 29.882029 2.436303 -5.086124
7.100068 32.390926 29.830217 2.433867 -5.181038
7.110068 32.415241 29.777458 2.431433 -5.275857
7.120068 32.439529 29.723753 2.429002 -5.370581
7.130068 32.463795 29.669102 2.426573 -5.465210
7.140069 32.488037 29.613504 2.424146 -5.559745
7.150069 32.512253 29.556963 2.421722 -5.654186
7.160069 32.536446 29.499477 2.419300 -5.748532
7.170069 32.560616 29.441050 2.416881 -5.842783
7.180069 32.584759 29.381680 2.414464 -5.936941
7.190070 32.608879 29.321369 2.412050 -6.031004
7.200070 32.632977 29.260120 2.409637 -6.124973
7.210070 32.657047 29.197931 2.407228 -6.218848
7.220070 32.681095 29.134806 2.404820 -6.312629
7.230071 32.705120 29.070742 2.402416 -6.406316
7.240071 32.729118 29.005743 2.400013 -6.499910
7.250071 32.753094 28.939810 2.397613 -6.593410
7.260071 32.777046 28.872942 2.395216 -6.686817
7.270072 32.800976 28.805141 2.392821 -6.780130
7.280072 32.824879 28.736408 2.390428 -6.873350
7.290072 32.848759 28.666744 2.388037 -6.966476
7.300072 32.872616 28.596149 2.385649 -7.059510
7.310072 32.896450 28.524626 2.383264 -7.152450
7.320073 32.920258 28.452173 2.380881 -7.245297
7.330073 32.944042 28.378792 2.378500 -7.338052
7.340073 32.967804 28.304485 2.376121 -7.430714
7.350073 32.991543 28.229252 2.373745 -7.523283
7.360074 33.015255 28.153093 2.371372 -7.615760
7.370074 33.038944 28.076012 2.369000 -7.708145
7.380074 33.062611 27.998007 2.366631 -7.800436
7.390074 33.086254 27.919081 2.364265 -7.892636
7.400074 33.109875 27.839233 2.361901 -7.984744
7.410075 33.133469 27.758467 2.359539 -8.076758
7.420075 33.157040 27.676781 2.357179 -8.168682
7.430075 33.180588 27.594175 2.354822 -8.260513
7.440075 33.204113 27.510653 2.352467 -8.352253
7.450076 33.227615 27.426214 2.350114 -8.443901
7.460076 33.251095 27.340860 2.347764 -8.535458
7.470076 33.274548 27.254591 2.345417 -8.626923
7.480076 33.297977 27.167408 2.343071 -8.718296
7.490077 33.321384 27.079311 2.340728 -8.809578
7.500077 33.344769 26.990303 2.338387 -8.900768
7.510077 33.368130 26.900385 2.336049 -8.991867
7.520077 33.391468 26.809557 2.333713 -9.082875
7.530077 33.414783 26.717819 2.331379 -9.173793
7.540078 33.438072 26.625174 2.329048 -9.264619
7.550078 33.461338 26.531620 2.326719 -9.355354
7.560078 33.484581 26.437160 2.324392 -9.445999
7.570078 33.507801 26.341795 2.322067 -9.536553
7.580079 33.530998 26.245525 2.319746 -9.627017
7.590079 33.554173 26.148352 2.317426 -9.717390
7.600079 33.577324 26.050276 2.315108 -9.807673
7.610079 33.600452 25.951298 2.312793 -9.897865
7.620080 33.623558 25.851418 2.310480 -9.987967
7.630080 33.646641 25.750637 2.308170 -10.077979
7.640080 33.669701 25.648958 2.305862 -10.167901
7.650080 33.692738 25.546381 2.303556 -10.257733
7.660080 33.715752 25.442905 2.301252 -10.347476
7.670081 33.738743 25.338533 2.298951 -10.437128
7.680081 33.761711 25.233267 2.296652 -10.526690
7.690081 33.784657 25.127106 2.294356 -10.616164
7.700081 33.807579 25.020050 2.292061 -10.705548
7.710082 33.830475 24.912102 2.289769 -10.794843
7.720082 33.853348 24.803261 2.287479 -10.884048
7.730082 33.876198 24.693529 2.285192 -10.973164
7.740082 33.899029 24.582907 2.282907 -11.062190
7.750082 33.921837 24.471395 2.280624 -11.151128
7.760083 33.944622 24.358995 2.278343 -11.239977
7.770083 33.967384 24.245708 2.276065 -11.328737
7.780083 33.990124 24.131535 2.273789 -11.417409
7.790083 34.012840 24.016474 2.271515 -11.505992
7.800084 34.035534 23.900528 2.269243 -11.594486
7.810084 34.058205 23.783699 2.266974 -11.682892
7.820084 34.080853 23.665987 2.264707 -11.771209
7.830084 34.103477 23.547392 2.262443 -11.859438
7.840085 34.126080 23.427916 2.260180 -11.947578
7.850085 34.148659 23.307560 2.257920 -12.035631
7.860085 34.171215 23.186323 2.255662 -12.123595
7.870085 34.193748 23.064209 2.253407 -12.211472
7.880085 34.216259 22.941216 2.251153 -12.299260
7.890086 34.238747 22.817347 2.248902 -12.386961
7.900086 34.261211 22.692600 2.246653 -12.474574
7.910086 34.283657 22.566978 2.244406 -12.562099
7.920086 34.306080 22.440483 2.242162 -12.649537
7.930087 34.328480 22.313114 2.239920 -12.736888
7.940087 34.350857 22.184874 2.237680 -12.824151
7.950087 34.373211 22.055759 2.235442 -12.911327
7.960087 34.395542 21.925776 2.233207 -12.998416
7.970088 34.417850 21.794922 2.230973 -13.085418
7.980088 34.440140 21.663198 2.228743 -13.172333
7.990088 34.462406 21.530607 2.226514 -13.259160
8.000088 34.484650 21.397148 2.224287 -13.345901
8.010088 34.506870 21.262823 2.222063 -13.432554
8.020088 34.529068 21.127632 2.219841 -13.519122
8.030088 34.551243 20.991575 2.217621 -13.605603
8.040089 34.573399 20.854656 2.215404 -13.691998
8.050089 34.595531 20.716873 2.213188 -13.778305
8.060089 34.617641 20.578228 2.210975 -13.864527
8.070089 34.639729 20.438721 2.208764 -13.950663
8.080090 34.661793 20.298353 2.206555 -14.036712
8.090090 34.683838 20.157127 2.204349 -14.122675
8.100090 34.705860 20.015041 2.202144 -14.208552
8.110090 34.727859 19.872097 2.199942 -14.294344
8.120090 34.749836 19.728296 2.197742 -14.380050
8.130091 34.771790 19.583639 2.195544 -14.465670
8.140091 34.793724 19.438128 2.193349 -14.551204
8.150091 34.815636 19.291761 2.191155 -14.636653
8.160091 34.837524 19.144541 2.188964 -14.722016
8.170092 34.859394 18.996468 2.186775 -14.807294
8.180092 34.881241 18.847542 2.184589 -14.892487
8.190092 34.903065 18.697765 2.182404 -14.977594
8.200092 34.924866 18.547140 2.180222 -15.062616
8.210093 34.946648 18.395664 2.178041 -15.147553
8.220093 34.968407 18.243340 2.175863 -15.232406
8.230093 34.990143 18.090168 2.173687 -15.317173
8.240093 35.011856 17.936150 2.171514 -15.401855
8.250093 35.033550 17.781284 2.169342 -15.486454
8.260094 35.055222 17.625574 2.167173 -15.570968
8.270094 35.076870 17.469021 2.165006 -15.655396
8.280094 35.098499 17.311623 2.162841 -15.739741
8.290094 35.120106 17.153383 2.160678 -15.824001
8.300095 35.141689 16.994301 2.158517 -15.908177
8.310095 35.163254 16.834377 2.156358 -15.992270
8.320095 35.184795 16.673615 2.154202 -16.076277
8.330095 35.206314 16.512012 2.152048 -16.160200
8.340096 35.227814 16.349571 2.149896 -16.244040
8.350096 35.249290 16.186293 2.147746 -16.327795
8.360096 35.270748 16.022179 2.145599 -16.411467
8.370096 35.292183 15.857228 2.143453 -16.495054
8.380096 35.313595 15.691442 2.141310 -16.578560
8.390097 35.334988 15.524822 2.139169 -16.661982
8.400097 35.356358 15.357369 2.137029 -16.745319
8.410097 35.377705 15.189084 2.134892 -16.828573
8.420097 35.399033 15.019966 2.132758 -16.911745
8.430098 35.420338 14.850018 2.130625 -16.994833
8.440098 35.441624 14.679239 2.128495 -17.077839
8.450098 35.462887 14.507631 2.126366 -17.160761
8.460098 35.484131 14.335196 2.124239 -17.243601
8.470098 35.505352 14.161932 2.122115 -17.326357
8.480099 35.526550 13.987842 2.119993 -17.409031
8.490099 35.547729 13.812925 2.117873 -17.491621
8.500099 35.568886 13.637184 2.115755 -17.574129
8.510099 35.590023 13.460619 2.113639 -17.656555
8.520100 35.611137 13.283230 2.111526 -17.738899
8.530100 35.632233 13.105019 2.109414 -17.821161
8.540100 35.653305 12.925985 2.107305 -17.903339
8.550100 35.674358 12.746131 2.105197 -17.985435
8.560101 35.695389 12.565456 2.103092 -18.067450
8.570101 35.716400 12.383963 2.100989 -18.149382
8.580101 35.737389 12.201651 2.098888 -18.231232
8.590101 35.758358 12.018520 2.096789 -18.313000
8.600101 35.779305 11.834574 2.094692 -18.394688
8.610102 35.800232 11.649811 2.092598 -18.476294
8.620102 35.821136 11.464232 2.090505 -18.557817
8.630102 35.842022 11.277840 2.088415 -18.639259
8.640102 35.862885 11.090633 2.086326 -18.720619
8.650103 35.883728 10.902615 2.084240 -18.801899
8.660103 35.904549 10.713783 2.082156 -18.883097
8.670103 35.925350 10.524141 2.080074 -18.964214
8.680103 35.946129 10.333689 2.077994 -19.045250
8.690104 35.966888 10.142426 2.075916 -19.126205
8.700104 35.987625 9.950356 2.073840 -19.207079
8.710104 36.008343 9.757477 2.071766 -19.287872
8.720104 36.029041 9.563791 2.069694 -19.368584
8.730104 36.049717 9.369299 2.067624 -19.449215
8.740105 36.070374 9.174002 2.065557 -19.529766
8.750105 36.091007 8.977900 2.063491 -19.610237
8.760105 36.111622 8.780993 2.061428 -19.690626
8.770105 36.132217 8.583284 2.059366 -19.770935
8.780106 36.152790 8.384772 2.057307 -19.851164
8.790106 36.173344 8.185459 2.055249 -19.931313
8.800106 36.193874 7.985345 2.053194 -20.011381
8.810106 36.214386 7.784431 2.051141 -20.091370
8.820107 36.234879 7.582719 2.049090 -20.171278
8.830107 36.255348 7.380208 2.047041 -20.251106
8.840107 36.275799 7.176899 2.044994 -20.330854
8.850107 36.296227 6.972794 2.042949 -20.410524
8.860107 36.316635 6.767893 2.040906 -20.490114
8.870108 36.337025 6.562197 2.038865 -20.569624
8.880108 36.357391 6.355706 2.036826 -20.649054
8.890108 36.377739 6.148422 2.034789 -20.728405
8.900108 36.398067 5.940345 2.032754 -20.807676
8.910109 36.418373 5.731477 2.030721 -20.886869
8.920109 36.438660 5.521817 2.028691 -20.965982
8.930109 36.458927 5.311367 2.026662 -21.045017
8.940109 36.479172 5.100127 2.024636 -21.123972
8.950109 36.499397 4.888099 2.022611 -21.202848
8.960110 36.519604 4.675282 2.020588 -21.281645
8.970110 36.539791 4.461679 2.018568 -21.360363
8.980110 36.559956 4.247289 2.016549 -21.439003
8.990110 36.580101 4.032114 2.014533 -21.517565
9.000111 36.600227 3.816153 2.012518 -21.596046
9.010111 36.620331 3.599409 2.010506 -21.674450
9.020111 36.640415 3.381881 2.008495 -21.752775
9.030111 36.660480 3.163571 2.006487 -21.831022
9.040112 36.680527 2.944479 2.004480 -21.909191
9.050112 36.700550 2.724606 2.002476 -21.987282
9.060112 36.720554 2.503953 2.000473 -22.065294
9.070112 36.740540 2.282521 1.998473 -22.143229
9.080112 36.760506 2.060310 1.996474 -22.221085
9.090113 36.780449 1.837321 1.994478 -22.298864
9.100113 36.800373 1.613556 1.992483 -22.376566
9.110113 36.820278 1.389014 1.990491 -22.454189
9.120113 36.840164 1.163696 1.988500 -22.531734
9.130114 36.860031 .937604 1.986512 -22.609203
9.140114 36.879875 .710738 1.984525 -22.686594
9.150114 36.899700 .483099 1.982541 -22.763906
9.160114 36.919506 .254688 1.980558 -22.841143
9.170115 36.939293 .025505 1.978578 -22.918301
9.180115 36.959061 .204449 1.383619 16.096767
9.190115 36.972881 .364256 1.382236 15.980671
9.200115 36.986691 .522902 1.380854 15.864690
9.210115 37.000484 .680391 1.379473 15.748825
9.220116 37.014267 .836721 1.378093 15.633077
9.230116 37.028034 .991896 1.376715 15.517444
9.240116 37.041786 1.145915 1.375338 15.401926
9.250116 37.055527 1.298780 1.373963 15.286524
9.260117 37.069252 1.450493 1.372589 15.171237
9.270117 37.082966 1.601053 1.371217 15.056066
9.280117 37.096664 1.750464 1.369845 14.941010
9.290117 37.110348 1.898724 1.368475 14.826069
9.300117 37.124020 2.045837 1.367107 14.711243
9.310118 37.137676 2.191802 1.365740 14.596532
9.320118 37.151321 2.336621 1.364374 14.481936
9.330118 37.164951 2.480296 1.363010 14.367454
9.340118 37.178566 2.622827 1.361647 14.253086
9.350119 37.192169 2.764215 1.360285 14.138833
9.360119 37.205757 2.904462 1.358925 14.024694
9.370119 37.219334 3.043569 1.357566 13.910669
9.380119 37.232895 3.181536 1.356208 13.796759
9.390120 37.246445 3.318366 1.354852 13.682961
9.400120 37.259979 3.454059 1.353497 13.569279
9.410120 37.273502 3.588616 1.352144 13.455709
9.420120 37.287010 3.722039 1.350792 13.342254
9.430120 37.300503 3.854328 1.349441 13.228911
9.440121 37.313984 3.985485 1.348091 13.115683
9.450121 37.327450 4.115510 1.346743 13.002567
9.460121 37.340904 4.244406 1.345397 12.889565
9.470121 37.354343 4.372173 1.344051 12.776675
9.480122 37.367771 4.498812 1.342707 12.663898
9.490122 37.381184 4.624324 1.341364 12.551234
9.500122 37.394585 4.748711 1.340023 12.438683
9.510122 37.407970 4.871973 1.338683 12.326244
9.520123 37.421345 4.994112 1.337344 12.213918
9.530123 37.434704 5.115129 1.336007 12.101704
9.540123 37.448051 5.235025 1.334671 11.989602
9.550123 37.461384 5.353801 1.333336 11.877612
9.560123 37.474705 5.471458 1.332003 11.765735
9.570124 37.488010 5.587998 1.330671 11.653969
9.580124 37.501305 5.703421 1.329340 11.542315
9.590124 37.514584 5.817729 1.328011 11.430772
9.600124 37.527851 5.930923 1.326683 11.319341
9.610125 37.541103 6.043003 1.325356 11.208021
9.620125 37.554344 6.153971 1.324031 11.096813
9.630125 37.567570 6.263828 1.322707 10.985717
9.640125 37.580784 6.372575 1.321384 10.874731
9.650126 37.593983 6.480214 1.320063 10.763856
9.660126 37.607170 6.586745 1.318743 10.653092
9.670126 37.620346 6.692169 1.317424 10.542439
9.680126 37.633507 6.796488 1.316107 10.431897
9.690126 37.646656 6.899703 1.314791 10.321465
9.700127 37.659790 7.001814 1.313476 10.211144
9.710127 37.672913 7.102824 1.312162 10.100933
9.720127 37.686020 7.202732 1.310850 9.990832
9.730127 37.699116 7.301540 1.309539 9.880841
9.740128 37.712196 7.399250 1.308230 9.770961
9.750128 37.725266 7.495862 1.306922 9.661190
9.760128 37.738323 7.591377 1.305615 9.551529
9.770128 37.751366 7.685797 1.304309 9.441978
9.780128 37.764397 7.779122 1.303005 9.332536
9.790129 37.777412 7.871355 1.301702 9.223204
9.800129 37.790417 7.962494 1.300400 9.113980
9.810129 37.803410 8.052543 1.299100 9.004867
9.820129 37.816387 8.141501 1.297801 8.895862
9.830130 37.829353 8.229371 1.296503 8.786965
9.840130 37.842304 8.316153 1.295206 8.678179
9.850130 37.855244 8.401848 1.293911 8.569501
9.860130 37.868172 8.486457 1.292617 8.460932
9.870131 37.881084 8.569982 1.291325 8.352470
9.880131 37.893986 8.652423 1.290033 8.244118
9.890131 37.906872 8.733782 1.288743 8.135874
9.900131 37.919746 8.814059 1.287455 8.027738
9.910131 37.932610 8.893256 1.286167 7.919710
9.920132 37.945457 8.971375 1.284881 7.811790
9.930132 37.958294 9.048414 1.283596 7.703978
9.940132 37.971119 9.124377 1.282313 7.596274
9.950132 37.983929 9.199264 1.281030 7.488678
9.960133 37.996727 9.273075 1.279749 7.381189
9.970133 38.009510 9.345813 1.278469 7.273808
9.980133 38.022282 9.417479 1.277191 7.166534
9.990133 38.035042 9.488072 1.275914 7.059367
10.000134 38.047787 9.557595 1.274638 6.952308
10.010134 38.060520 9.626049 1.273363 6.845356
10.020134 38.073242 9.693434 1.272090 6.738510
10.030134 38.085949 9.759751 1.270818 6.631772
10.040134 38.098644 9.825003 1.269547 6.525140
10.050135 38.111328 9.889189 1.268277 6.418615
10.060135 38.123997 9.952311 1.267009 6.312196
10.070135 38.136654 10.014369 1.265742 6.205884
10.080135 38.149300 10.075366 1.264476 6.099678
10.090136 38.161930 10.135302 1.263212 5.993578
10.100136 38.174549 10.194178 1.261949 5.887585
10.110136 38.187157 10.251994 1.260687 5.781697
10.120136 38.199753 10.308753 1.259426 5.675916
10.130136 38.212334 10.364455 1.258167 5.570240
10.140137 38.224903 10.419102 1.256909 5.464670
10.150137 38.237461 10.472693 1.255652 5.359205
10.160137 38.250004 10.525232 1.254396 5.253846
10.170137 38.262535 10.576718 1.253142 5.148592
10.180138 38.275055 10.627152 1.251888 5.043444
10.190138 38.287560 10.676537 1.250636 4.938400
10.200138 38.300053 10.724872 1.249386 4.833462
10.210138 38.312534 10.772158 1.248136 4.728628
10.220139 38.325005 10.818397 1.246888 4.623899
10.230139 38.337460 10.863589 1.245641 4.519276
10.240139 38.349903 10.907737 1.244396 4.414756
10.250139 38.362335 10.950840 1.243151 4.310341
10.260139 38.374756 10.992900 1.241908 4.206031
10.270140 38.387161 11.033918 1.240666 4.101825
10.280140 38.399555 11.073895 1.239426 3.997723
10.290140 38.411938 11.112833 1.238186 3.893725
10.300140 38.424309 11.150731 1.236948 3.789831
10.310141 38.436665 11.187592 1.235711 3.686042
10.320141 38.449009 11.223415 1.234475 3.582355
10.330141 38.461342 11.258204 1.233241 3.478773
10.340141 38.473663 11.291957 1.232008 3.375294
10.350142 38.485970 11.324677 1.230776 3.271919
10.360142 38.498264 11.356363 1.229545 3.168647
10.370142 38.510548 11.387018 1.228315 3.065479
10.380142 38.522820 11.416642 1.227087 2.962413
10.390142 38.535080 11.445237 1.225860 2.859451
10.400143 38.547325 11.472803 1.224634 2.756591
10.410143 38.559559 11.499341 1.223409 2.653835
10.420143 38.571781 11.524853 1.222186 2.551181
10.430143 38.583992 11.549339 1.220964 2.448630
10.440144 38.596188 11.572801 1.219743 2.346181
10.450144 38.608372 11.595239 1.218523 2.243835
10.460144 38.620544 11.616654 1.217305 2.141591
10.470144 38.632706 11.637049 1.216087 2.039449
10.480145 38.644855 11.656423 1.214871 1.937410
10.490145 38.656994 11.674777 1.213656 1.835472
10.500145 38.669117 11.692114 1.212443 1.733637
10.510145 38.681229 11.708433 1.211230 1.631903
10.520145 38.693329 11.723736 1.210019 1.530271
10.530146 38.705418 11.738023 1.208809 1.428741
10.540146 38.717495 11.751296 1.207600 1.327312
10.550146 38.729557 11.763556 1.206393 1.225985
10.560146 38.741608 11.774803 1.205186 1.124759
10.570147 38.753647 11.785040 1.203981 1.023634
10.580147 38.765675 11.794266 1.202777 .922611
10.590147 38.777691 11.802483 1.201574 .821688
10.600147 38.789696 11.809691 1.200373 .720866
10.610147 38.801689 11.815893 1.199172 .620145
10.620148 38.813667 11.821089 1.197973 .519525
10.630148 38.825634 11.825279 1.196775 .419006
10.640148 38.837589 11.828465 1.195578 .318587
10.650148 38.849533 11.830648 1.194383 .218268
10.660149 38.861465 11.831829 1.193189 .118050
10.670149 38.873386 11.832008 1.191995 .017932
10.680149 38.885296 11.831187 1.190803 -.082086
10.690149 38.897190 11.829368 1.189613 -.182004
10.700150 38.909073 11.826550 1.188423 -.281822
10.710150 38.920944 11.822734 1.187235 -.381540
10.720150 38.932804 11.817923 1.186047 -.481159
10.730150 38.944653 11.812116 1.184861 -.580678
10.740150 38.956490 11.805315 1.183677 -.680097
10.750151 38.968315 11.797521 1.182493 -.779417
10.760151 38.980129 11.788734 1.181311 -.878637
10.770151 38.991932 11.778956 1.180129 -.977759
10.780151 39.003723 11.768188 1.178949 -1.076781
10.790152 39.015499 11.756432 1.177770 -1.175704
10.800152 39.027264 11.743687 1.176592 -1.274529
10.810152 39.039017 11.729954 1.175416 -1.373254
10.820152 39.050758 11.715235 1.174240 -1.471881
10.830153 39.062489 11.699531 1.173066 -1.570409
10.840153 39.074207 11.682842 1.171893 -1.668838
10.850153 39.085915 11.665171 1.170721 -1.767170
10.860153 39.097610 11.646517 1.169550 -1.865402
10.870153 39.109295 11.626882 1.168381 -1.963537
10.880154 39.120968 11.606266 1.167212 -2.061574
10.890154 39.132629 11.584671 1.166045 -2.159512
10.900154 39.144279 11.562098 1.164879 -2.257353
10.910154 39.155918 11.538547 1.163714 -2.355095
10.920155 39.167545 11.514019 1.162551 -2.452740
10.930155 39.179161 11.488516 1.161388 -2.550287
10.940155 39.190762 11.462038 1.160227 -2.647737
10.950155 39.202351 11.434587 1.159066 -2.745089
10.960155 39.213928 11.406164 1.157907 -2.842344
10.970156 39.225494 11.376769 1.156749 -2.939502
10.980156 39.237049 11.346403 1.155593 -3.036562
10.990156 39.248592 11.315068 1.154437 -3.133526
11.000156 39.260124 11.282764 1.153283 -3.230392
11.010157 39.271645 11.249493 1.152129 -3.327162
11.020157 39.283154 11.215254 1.150977 -3.423835
11.030157 39.294651 11.180050 1.149826 -3.520411
11.040157 39.306137 11.143881 1.148677 -3.616890
11.050158 39.317612 11.106749 1.147528 -3.713274
11.060158 39.329075 11.068653 1.146380 -3.809560
11.070158 39.340527 11.029595 1.145234 -3.905751
11.080158 39.351967 10.989577 1.144089 -4.001845
11.090158 39.363396 10.948599 1.142945 -4.097843
11.100159 39.374813 10.906661 1.141802 -4.193745
11.110159 39.386219 10.863766 1.140660 -4.289551
11.120159 39.397614 10.819913 1.139519 -4.385262
11.130159 39.408997 10.775105 1.138380 -4.480876
11.140160 39.420368 10.729341 1.137241 -4.576396
11.150160 39.431728 10.682622 1.136104 -4.671819
11.160160 39.443077 10.634951 1.134968 -4.767148
11.170160 39.454414 10.586327 1.133833 -4.862381
11.180161 39.465740 10.536752 1.132699 -4.957518
11.190161 39.477055 10.486226 1.131566 -5.052561
11.200161 39.488358 10.434751 1.130435 -5.147508
11.210161 39.499649 10.382327 1.129304 -5.242361
11.220161 39.510929 10.328956 1.128175 -5.337118
11.230162 39.522198 10.274638 1.127047 -5.431781
11.240162 39.533459 10.219375 1.125920 -5.526349
11.250162 39.544708 10.163166 1.124794 -5.620823
11.260162 39.555946 10.106014 1.123669 -5.715202
11.270163 39.567173 10.047919 1.122546 -5.809487
11.280163 39.578388 9.988882 1.121423 -5.903677
11.290163 39.589592 9.928905 1.120302 -5.997774
11.300163 39.600784 9.867987 1.119181 -6.091776
11.310163 39.611965 9.806129 1.118062 -6.185684
11.320164 39.623135 9.743335 1.116944 -6.279499
11.330164 39.634293 9.679603 1.115827 -6.373219
11.340164 39.645439 9.614934 1.114711 -6.466846
11.350164 39.656574 9.549330 1.113597 -6.560379
11.360165 39.667698 9.482792 1.112483 -6.653819
11.370165 39.678810 9.415320 1.111370 -6.747165
11.380165 39.689911 9.346916 1.110259 -6.840417
11.390165 39.701004 9.277580 1.109149 -6.933577
11.400166 39.712086 9.207314 1.108040 -7.026643
11.410166 39.723156 9.136117 1.106932 -7.119617
11.420166 39.734215 9.063992 1.105825 -7.212497
11.430166 39.745262 8.990939 1.104719 -7.305285
11.440166 39.756298 8.916960 1.103614 -7.397979
11.450167 39.767323 8.842054 1.102510 -7.490582
11.460167 39.778336 8.766224 1.101408 -7.583091
11.470167 39.789337 8.689468 1.100307 -7.675508
11.480167 39.800331 8.611790 1.099206 -7.767832
11.490168 39.811314 8.533189 1.098107 -7.860064
11.500168 39.822285 8.453667 1.097009 -7.952204
11.510168 39.833244 8.373224 1.095912 -8.044251
11.520168 39.844193 8.291862 1.094816 -8.136208
11.530169 39.855129 8.209581 1.093721 -8.228071
11.540169 39.866055 8.126383 1.092627 -8.319843
11.550169 39.876968 8.042268 1.091535 -8.411524
11.560169 39.887875 7.957237 1.090443 -8.503112
11.570169 39.898769 7.871291 1.089353 -8.594608
11.580170 39.909653 7.784431 1.088264 -8.686014
11.590170 39.920525 7.696657 1.087175 -8.777328
11.600170 39.931385 7.607972 1.086088 -8.868551
11.610170 39.942234 7.518375 1.085002 -8.959682
11.620171 39.953072 7.427868 1.083917 -9.050723
11.630171 39.963902 7.336451 1.082833 -9.141672
11.640171 39.974720 7.244126 1.081750 -9.232531
11.650171 39.985527 7.150893 1.080668 -9.323298
11.660172 39.996323 7.056753 1.079588 -9.413975
11.670172 40.007107 6.961708 1.078508 -9.504560
11.680172 40.017879 6.865757 1.077430 -9.595056
11.690172 40.028645 6.768902 1.076352 -9.685460
11.700172 40.039398 6.671144 1.075276 -9.775775
11.710173 40.050140 6.572484 1.074201 -9.865999
11.720173 40.060871 6.472923 1.073127 -9.956133
11.730173 40.071590 6.372461 1.072053 -10.046177
11.740173 40.082302 6.271100 1.070981 -10.136130
11.750174 40.093002 6.168840 1.069910 -10.225994
11.760174 40.103691 6.065682 1.068841 -10.315768
11.770174 40.114368 5.961628 1.067772 -10.405453
11.780174 40.125034 5.856678 1.066704 -10.495048
11.790174 40.135693 5.750832 1.065637 -10.584553
11.800175 40.146339 5.644093 1.064572 -10.673968
11.810175 40.156975 5.536459 1.063507 -10.763294
11.820175 40.167599 5.427934 1.062444 -10.852530
11.830175 40.178211 5.318517 1.061381 -10.941678
11.840176 40.188816 5.208210 1.060320 -11.030736
11.850176 40.199409 5.097013 1.059259 -11.119705
11.860176 40.209991 4.984927 1.058200 -11.208586
11.870176 40.220562 4.871953 1.057142 -11.297378
11.880177 40.231121 4.758093 1.056085 -11.386080
11.890177 40.241673 4.643346 1.055029 -11.474693
11.900177 40.252213 4.527714 1.053974 -11.563219
11.910177 40.262741 4.411197 1.052920 -11.651656
11.920177 40.273258 4.293797 1.051867 -11.740005
11.930178 40.283768 4.175514 1.050815 -11.828264
11.940178 40.294266 4.056350 1.049764 -11.916436
11.950178 40.304752 3.936305 1.048714 -12.004519
11.960178 40.315228 3.815379 1.047666 -12.092515
11.970179 40.325695 3.693575 1.046618 -12.180423
11.980179 40.336151 3.570893 1.045571 -12.268242
11.990179 40.346596 3.447333 1.044526 -12.355973
12.000179 40.357029 3.322897 1.043481 -12.443617
12.010180 40.367455 3.197585 1.042438 -12.531174
12.020180 40.377869 3.071399 1.041395 -12.618643
12.030180 40.388271 2.944339 1.040354 -12.706024
12.040180 40.398663 2.816405 1.039314 -12.793318
12.050180 40.409046 2.687600 1.038274 -12.880525
12.060181 40.419418 2.557924 1.037236 -12.967644
12.070181 40.429779 2.427377 1.036199 -13.054676
12.080181 40.440132 2.295961 1.035163 -13.141622
12.090181 40.450474 2.163676 1.034127 -13.228480
12.100182 40.460804 2.030523 1.033093 -13.315252
12.110182 40.471123 1.896504 1.032060 -13.401937
12.120182 40.481434 1.761619 1.031028 -13.488536
12.130182 40.491734 1.625868 1.029997 -13.575047
12.140182 40.502022 1.489253 1.028967 -13.661472
12.150183 40.512302 1.351775 1.027938 -13.747811
12.160183 40.522572 1.213435 1.026910 -13.834064
12.170183 40.532829 1.074232 1.025883 -13.920230
12.180183 40.543079 .934169 1.024857 -14.006310
12.190184 40.553318 .793246 1.023832 -14.092303
12.200184 40.563545 .651464 1.022809 -14.178211
12.210184 40.573765 .508824 1.021786 -14.264033
12.220184 40.583973 .365326 1.020764 -14.349770
12.230185 40.594170 .220972 1.019743 -14.435420
12.240185 40.604359 .075762 1.018723 -14.520985
12.250185 40.614536 .070303 .712393 10.224524
12.260185 40.621655 .171446 .711681 10.114299
12.270185 40.628765 .271487 .710969 10.004185
12.280186 40.635868 .370429 .710258 9.894180
12.290186 40.642963 .468272 .709548 9.784286
12.300186 40.650051 .565017 .708838 9.674502
12.310186 40.657131 .660665 .708130 9.564828
12.320187 40.664204 .755218 .707422 9.455263
12.330187 40.671272 .848676 .706714 9.345808
12.340187 40.678333 .941041 .706007 9.236463
12.350187 40.685387 1.032313 .705301 9.127226
12.360188 40.692432 1.122494 .704596 9.018099
12.370188 40.699471 1.211585 .703891 8.909081
12.380188 40.706501 1.299587 .703188 8.800172
12.390188 40.713528 1.386500 .702484 8.691372
12.400188 40.720547 1.472327 .701782 8.582681
12.410189 40.727558 1.557068 .701080 8.474098
12.420189 40.734562 1.640724 .700379 8.365624
12.430189 40.741558 1.723297 .699679 8.257258
12.440189 40.748547 1.804787 .698979 8.149001
12.450190 40.755527 1.885195 .698280 8.040853
12.460190 40.762505 1.964523 .697582 7.932812
12.470190 40.769474 2.042772 .696884 7.824879
12.480190 40.776436 2.119943 .696187 7.717054
12.490191 40.783390 2.196036 .695491 7.609337
12.500191 40.790337 2.271054 .694796 7.501728
12.510191 40.797279 2.344996 .694101 7.394226
12.520191 40.804214 2.417864 .693407 7.286832
12.530191 40.811142 2.489660 .692713 7.179545
12.540192 40.818062 2.560383 .692021 7.072365
12.550192 40.824974 2.630036 .691329 6.965293
12.560192 40.831879 2.698620 .690637 6.858328
12.570192 40.838779 2.766134 .689947 6.751470
12.580193 40.845673 2.832582 .689257 6.644718
12.590193 40.852558 2.897962 .688567 6.538074
12.600193 40.859436 2.962278 .687879 6.431535
12.610193 40.866306 3.025529 .687191 6.325104
12.620193 40.873173 3.087716 .686504 6.218779
12.630194 40.880032 3.148842 .685817 6.112560
12.640194 40.886883 3.208906 .685131 6.006447
12.650194 40.893726 3.267911 .684446 5.900441
12.660194 40.900562 3.325856 .683762 5.794540
12.670195 40.907394 3.382744 .683078 5.688746
12.680195 40.914219 3.438574 .682395 5.583057
12.690195 40.921036 3.493349 .681713 5.477474
12.700195 40.927845 3.547069 .681031 5.371997
12.710196 40.934647 3.599735 .680350 5.266625
12.720196 40.941444 3.651349 .679669 5.161358
12.730196 40.948235 3.701910 .678990 5.056197
12.740196 40.955017 3.751422 .678311 4.951141
12.750196 40.961792 3.799884 .677633 4.846189
12.760197 40.968563 3.847297 .676955 4.741343
12.770197 40.975327 3.893663 .676278 4.636602
12.780197 40.982082 3.938983 .675602 4.531965
12.790197 40.988831 3.983257 .674926 4.427433
12.800198 40.995575 4.026487 .674251 4.323006
12.810198 41.002312 4.068674 .673577 4.218683
12.820198 41.009041 4.109819 .672903 4.114465
12.830198 41.015762 4.149922 .672230 4.010350
12.840199 41.022476 4.188986 .671558 3.906340
12.850199 41.029186 4.227010 .670887 3.802433
12.860199 41.035889 4.263997 .670216 3.698631
12.870199 41.042583 4.299946 .669546 3.594932
12.880199 41.049271 4.334859 .668876 3.491337
12.890200 41.055954 4.368738 .668207 3.387846
12.900200 41.062630 4.401582 .667539 3.284458
12.910200 41.069298 4.433394 .666871 3.181174
12.920200 41.075958 4.464174 .666205 3.077993
12.930201 41.082615 4.493923 .665538 2.974915
12.940201 41.089264 4.522642 .664873 2.871940
12.950201 41.095905 4.550333 .664208 2.769068
12.960201 41.102539 4.576996 .663544 2.666299
12.970201 41.109169 4.602632 .662880 2.563632
12.980202 41.115791 4.627243 .662217 2.461069
12.990202 41.122406 4.650829 .661555 2.358608
13.000202 41.129013 4.673391 .660893 2.256249
13.010202 41.135616 4.694932 .660233 2.153993
13.020203 41.142212 4.715450 .659572 2.051839
13.030203 41.148800 4.734948 .658913 1.949787
13.040203 41.155384 4.753426 .658254 1.847837
13.050203 41.161961 4.770886 .657596 1.745989
13.060204 41.168530 4.787328 .656938 1.644243
13.070204 41.175091 4.802754 .656281 1.542599
13.080204 41.181648 4.817165 .655625 1.441056
13.090204 41.188198 4.830561 .654969 1.339615
13.100204 41.194740 4.842944 .654314 1.238276
13.110205 41.201279 4.854314 .653660 1.137038
13.120205 41.207809 4.864673 .653006 1.035901
13.130205 41.214333 4.874022 .652353 .934865
13.140205 41.220848 4.882361 .651701 .833930
13.150206 41.227360 4.889692 .651049 .733096
13.160206 41.233864 4.896016 .650398 .632363
13.170206 41.240360 4.901333 .649747 .531730
13.180206 41.246853 4.905645 .649098 .431199
13.190207 41.253338 4.908953 .648449 .330768
13.200207 41.259815 4.911258 .647800 .230437
13.210207 41.266285 4.912560 .647152 .130206
13.220207 41.272751 4.912861 .646505 .030076
13.230207 41.279209 4.912161 .645859 -.069954
13.240208 41.285660 4.910462 .645213 -.169884
13.250208 41.292107 4.907765 .644568 -.269714
13.260208 41.298546 4.904071 .643923 -.369444
13.270208 41.304977 4.899380 .643279 -.469075
13.280209 41.311405 4.893694 .642636 -.568606
13.290209 41.317825 4.887013 .641993 -.668037
13.300209 41.324238 4.879340 .641351 -.767369
13.310209 41.330647 4.870674 .640710 -.866602
13.320210 41.337048 4.861016 .640069 -.965735
13.330210 41.343441 4.850368 .639429 -1.064770
13.340210 41.349831 4.838731 .638790 -1.163705
13.350210 41.356213 4.826106 .638151 -1.262541
13.360210 41.362587 4.812493 .637513 -1.361279
13.370211 41.368958 4.797894 .636875 -1.459917
13.380211 41.375320 4.782310 .636238 -1.558457
13.390211 41.381676 4.765740 .635602 -1.656899
13.400211 41.388027 4.748188 .634966 -1.755242
13.410212 41.394371 4.729653 .634332 -1.853487
13.420212 41.400707 4.710137 .633697 -1.951633
13.430212 41.407040 4.689640 .633063 -2.049682
13.440212 41.413364 4.668164 .632430 -2.147632
13.450212 41.419682 4.645709 .631798 -2.245485
13.460213 41.425995 4.622277 .631166 -2.343239
13.470213 41.432301 4.597868 .630535 -2.440896
13.480213 41.438599 4.572484 .629905 -2.538455
13.490213 41.444893 4.546124 .629275 -2.635916
13.500214 41.451180 4.518792 .628645 -2.733281
13.510214 41.457458 4.490486 .628017 -2.830547
13.520214 41.463734 4.461209 .627389 -2.927717
13.530214 41.470001 4.430961 .626761 -3.024789
13.540215 41.476261 4.399744 .626135 -3.121764
13.550215 41.482517 4.367557 .625508 -3.218642
13.560215 41.488766 4.334403 .624883 -3.315424
13.570215 41.495007 4.300282 .624258 -3.412108
13.580215 41.501244 4.265195 .623634 -3.508696
13.590216 41.507473 4.229143 .623010 -3.605188
13.600216 41.513699 4.192127 .622387 -3.701582
13.610216 41.519917 4.154149 .621765 -3.797881
13.620216 41.526127 4.115208 .621143 -3.894083
13.630217 41.532333 4.075306 .620522 -3.990189
13.640217 41.538532 4.034444 .619901 -4.086199
13.650217 41.544724 3.992623 .619281 -4.182113
13.660217 41.550911 3.949843 .618662 -4.277931
13.670218 41.557091 3.906107 .618044 -4.373653
13.680218 41.563267 3.861414 .617426 -4.469279
13.690218 41.569435 3.815766 .616808 -4.564810
13.700218 41.575596 3.769164 .616191 -4.660245
13.710218 41.581753 3.721608 .615575 -4.755585
13.720219 41.587902 3.673099 .614959 -4.850829
13.730219 41.594044 3.623640 .614345 -4.945978
13.740219 41.600182 3.573229 .613730 -5.041032
13.750219 41.606312 3.521869 .613116 -5.135991
13.760220 41.612438 3.469561 .612503 -5.230855
13.770220 41.618557 3.416305 .611891 -5.325624
13.780220 41.624668 3.362102 .611279 -5.420299
13.790220 41.630775 3.306953 .610668 -5.514878
13.800220 41.636875 3.250859 .610057 -5.609364
13.810221 41.642971 3.193821 .609447 -5.703754
13.820221 41.649059 3.135841 .608837 -5.798051
13.830221 41.655140 3.076918 .608229 -5.892253
13.840221 41.661217 3.017055 .607620 -5.986361
13.850222 41.667286 2.956251 .607013 -6.080374
13.860222 41.673351 2.894508 .606406 -6.174294
13.870222 41.679409 2.831827 .605799 -6.268120
13.880222 41.685459 2.768209 .605194 -6.361852
13.890223 41.691505 2.703654 .604588 -6.455490
13.900223 41.697544 2.638163 .603984 -6.549034
13.910223 41.703579 2.571738 .603380 -6.642485
13.920223 41.709606 2.504380 .602776 -6.735843
13.930223 41.715630 2.436089 .602174 -6.829107
13.940224 41.721645 2.366866 .601572 -6.922278
13.950224 41.727654 2.296713 .600970 -7.015356
13.960224 41.733658 2.225630 .600369 -7.108340
13.970224 41.739655 2.153617 .599769 -7.201232
13.980225 41.745647 2.080677 .599169 -7.294031
13.990225 41.751633 2.006809 .598570 -7.386737
14.000225 41.757614 1.932016 .597971 -7.479350
14.010225 41.763588 1.856297 .597373 -7.571871
14.020226 41.769554 1.779654 .596776 -7.664299
14.030226 41.775517 1.702088 .596179 -7.756635
14.040226 41.781471 1.623599 .595583 -7.848878
14.050226 41.787422 1.544189 .594987 -7.941029
14.060226 41.793365 1.463858 .594392 -8.033088
14.070227 41.799305 1.382607 .593798 -8.125054
14.080227 41.805237 1.300438 .593204 -8.216929
14.090227 41.811161 1.217351 .592611 -8.308713
14.100227 41.817081 1.133347 .592018 -8.400404
14.110228 41.822994 1.048427 .591426 -8.492003
14.120228 41.828903 .962592 .590835 -8.583511
14.130228 41.834805 .875843 .590244 -8.674928
14.140228 41.840702 .788180 .589654 -8.766253
14.150229 41.846592 .699605 .589064 -8.857487
14.160229 41.852478 .610119 .588475 -8.948629
14.170229 41.858356 .519722 .587887 -9.039680
14.180229 41.864231 .428416 .587299 -9.130641
14.190229 41.870098 .336200 .586711 -9.221510
14.200230 41.875957 .243078 .586125 -9.312288
14.210230 41.881813 .149048 .585539 -9.402976
14.220230 41.887661 .054112 .584953 -9.493573
14.230230 41.893505 .041729 .409058 6.708856
14.240231 41.897591 .107750 .408649 6.602147
14.250231 41.901672 .172706 .408240 6.495544
14.260231 41.905750 .236596 .407832 6.389049
14.270231 41.909824 .299423 .407424 6.282660
14.280231 41.913895 .361186 .407016 6.176377
14.290232 41.917961 .421888 .406609 6.070201
14.300232 41.922024 .481530 .406203 5.964131
14.310232 41.926083 .540111 .405797 5.858167
14.320232 41.930138 .597634 .405391 5.752308
14.330233 41.934189 .654100 .404985 5.646556
14.340233 41.938236 .709509 .404580 5.540909
14.350233 41.942280 .763863 .404176 5.435369
14.360233 41.946316 .817162 .403772 5.329933
14.370234 41.950348 .869408 .403368 5.224603
14.380234 41.954376 .920602 .402965 5.119379
14.390234 41.958401 .970745 .402562 5.014259
14.400234 41.962421 1.019837 .402159 4.909245
14.410234 41.966438 1.067880 .401757 4.804336
14.420235 41.970451 1.114876 .401355 4.699531
14.430235 41.974461 1.160824 .400954 4.594831
14.440235 41.978466 1.205726 .400553 4.490237
14.450235 41.982468 1.249584 .400152 4.385746
14.460236 41.986465 1.292397 .399752 4.281361
14.470236 41.990459 1.334168 .399352 4.177079
14.480236 41.994450 1.374897 .398953 4.072902
14.490236 41.998436 1.414586 .398554 3.968829
14.500237 42.002419 1.453234 .398156 3.864861
14.510237 42.006397 1.490844 .397757 3.760996
14.520237 42.010372 1.527416 .397360 3.657235
14.530237 42.014343 1.562952 .396962 3.553577
14.540237 42.018311 1.597453 .396565 3.450024
14.550238 42.022274 1.630918 .396169 3.346574
14.560238 42.026230 1.663351 .395773 3.243227
14.570238 42.030182 1.694750 .395377 3.139984
14.580238 42.034130 1.725119 .394981 3.036844
14.590239 42.038074 1.754457 .394586 2.933807
14.600239 42.042015 1.782766 .394192 2.830873
14.610239 42.045952 1.810046 .393798 2.728043
14.620239 42.049885 1.836299 .393404 2.625314
14.630239 42.053814 1.861526 .393010 2.522689
14.640240 42.057739 1.885728 .392617 2.420166
14.650240 42.061661 1.908905 .392225 2.317746
14.660240 42.065578 1.931060 .391833 2.215429
14.670240 42.069492 1.952192 .391441 2.113213
14.680241 42.073402 1.972303 .391049 2.011100
14.690241 42.077309 1.991394 .390658 1.909089
14.700241 42.081211 2.009465 .390268 1.807180
14.710241 42.085110 2.026519 .389877 1.705372
14.720242 42.089005 2.042556 .389487 1.603667
14.730242 42.092896 2.057577 .389098 1.502064
14.740242 42.096783 2.071582 .388709 1.400561
14.750242 42.100666 2.084574 .388320 1.299161
14.760242 42.104546 2.096553 .387932 1.197862
14.770243 42.108421 2.107519 .387544 1.096664
14.780243 42.112293 2.117475 .387156 .995567
14.790243 42.116161 2.126420 .386769 .894572
14.800243 42.120026 2.134357 .386382 .793677
14.810244 42.123886 2.141286 .385996 .692883
14.820244 42.127743 2.147208 .385610 .592190
14.830244 42.131596 2.152124 .385224 .491598
14.840244 42.135445 2.156035 .384839 .391107
14.850245 42.139290 2.158942 .384454 .290716
14.860245 42.143131 2.160846 .384070 .190425
14.870245 42.146969 2.161749 .383686 .090234
14.880245 42.150803 2.161650 .383302 -.009856
14.890245 42.154633 2.160552 .382919 -.109846
14.900246 42.158459 2.158454 .382536 -.209736
14.910246 42.162281 2.155359 .382153 -.309526
14.920246 42.166100 2.151267 .381771 -.409217
14.930246 42.169914 2.146179 .381389 -.508808
14.940247 42.173725 2.140096 .381008 -.608299
14.950247 42.177532 2.133019 .380627 -.707691
14.960247 42.181335 2.124949 .380246 -.806983
14.970247 42.185135 2.115887 .379866 -.906176
14.980247 42.188931 2.105835 .379486 -1.005270
14.990248 42.192722 2.094792 .379107 -1.104264
15.000248 42.196510 2.082761 .378728 -1.203160
15.010248 42.200294 2.069741 .378349 -1.301957
15.020248 42.204075 2.055734 .377971 -1.400655
15.030249 42.207851 2.040742 .377593 -1.499254
15.040249 42.211624 2.024764 .377215 -1.597755
15.050249 42.215393 2.007803 .376838 -1.696157
15.060249 42.219158 1.989858 .376461 -1.794461
15.070250 42.222919 1.970932 .376085 -1.892667
15.080250 42.226677 1.951024 .375708 -1.990774
15.090250 42.230431 1.930136 .375333 -2.088783
15.100250 42.234180 1.908269 .374957 -2.186694
15.110250 42.237926 1.885424 .374582 -2.284508
15.120251 42.241669 1.861602 .374208 -2.382223
15.130251 42.245407 1.836803 .373834 -2.479841
15.140251 42.249142 1.811030 .373460 -2.577361
15.150251 42.252872 1.784282 .373086 -2.674784
15.160252 42.256599 1.756561 .372713 -2.772109
15.170252 42.260323 1.727868 .372341 -2.869337
15.180252 42.264042 1.698203 .371968 -2.966467
15.190252 42.267757 1.667568 .371596 -3.063501
15.200253 42.271469 1.635964 .371225 -3.160437
15.210253 42.275177 1.603391 .370853 -3.257277
15.220253 42.278881 1.569851 .370483 -3.354020
15.230253 42.282581 1.535344 .370112 -3.450666
15.240253 42.286278 1.499872 .369742 -3.547215
15.250254 42.289970 1.463435 .369372 -3.643668
15.260254 42.293659 1.426035 .369003 -3.740024
15.270254 42.297344 1.387672 .368634 -3.836284
15.280254 42.301025 1.348347 .368265 -3.932448
15.290255 42.304703 1.308062 .367897 -4.028515
15.300255 42.308376 1.266817 .367529 -4.124487
15.310255 42.312046 1.224614 .367162 -4.220363
15.320255 42.315716 1.181452 .366794 -4.316142
15.330256 42.319382 1.137334 .366428 -4.411826
15.340256 42.323044 1.092260 .366061 -4.507414
15.350256 42.326702 1.046231 .365695 -4.602907
15.360256 42.330357 .999248 .365329 -4.698304
15.370256 42.334007 .951312 .364964 -4.793605
15.380257 42.337654 .902424 .364599 -4.888812
15.390257 42.341297 .852584 .364235 -4.983923
15.400257 42.344936 .801795 .363870 -5.078939
15.410257 42.348572 .750056 .363506 -5.173860
15.420258 42.352203 .697370 .363143 -5.268686
15.430258 42.355831 .643735 .362780 -5.363418
15.440258 42.359455 .589155 .362417 -5.458054
15.450258 42.363075 .533629 .362055 -5.552596
15.460258 42.366692 .477158 .361693 -5.647044
15.470259 42.370304 .419744 .361331 -5.741397
15.480259 42.373913 .361388 .360970 -5.835656
15.490259 42.377518 .302090 .360609 -5.929820
15.500259 42.381119 .241851 .360248 -6.023890
15.510260 42.384716 .180672 .359888 -6.117866
15.520260 42.388309 .118555 .359528 -6.211748
15.530260 42.391903 .055499 .359168 -6.305536
15.540260 42.395493 .008493 .251166 4.479462
15.550261 42.398003 .052243 .250915 4.374982
15.560261 42.400509 .094949 .250664 4.270607
15.570261 42.403011 .136612 .250414 4.166337
15.580261 42.405514 .177234 .250163 4.062171
15.590261 42.408012 .216815 .249913 3.958108
15.600262 42.410507 .255356 .249663 3.854150
15.610262 42.413002 .292859 .249413 3.750296
15.620262 42.415493 .329325 .249164 3.646546
15.630262 42.417984 .364754 .248915 3.542899
15.640263 42.420471 .399147 .248666 3.439357
15.650263 42.422955 .432507 .248417 3.335917
15.660263 42.425438 .464832 .248169 3.232581
15.670263 42.427917 .496126 .247921 3.129349
15.680264 42.430393 .526388 .247673 3.026219
15.690264 42.432869 .555620 .247425 2.923193
15.700264 42.435341 .583823 .247178 2.820270
15.710264 42.437809 .610997 .246931 2.717450
15.720264 42.440277 .637145 .246684 2.614733
15.730265 42.442741 .662266 .246437 2.512118
15.740265 42.445202 .686362 .246191 2.409606
15.750265 42.447662 .709434 .245944 2.307196
15.760265 42.450119 .731483 .245698 2.204889
15.770266 42.452572 .752509 .245453 2.102684
15.780266 42.455025 .772515 .245207 2.000582
15.790266 42.457474 .791501 .244962 1.898581
15.800266 42.459923 .809468 .244717 1.796682
15.810266 42.462368 .826417 .244472 1.694886
15.820267 42.464809 .842349 .244228 1.593191
15.830267 42.467251 .857265 .243984 1.491598
15.840267 42.469688 .871166 .243740 1.390106
15.850267 42.472122 .884053 .243496 1.288716
15.860268 42.474556 .895927 .243252 1.187427
15.870268 42.476986 .906790 .243009 1.086240
15.880268 42.479412 .916641 .242766 .985154
15.890268 42.481838 .925483 .242523 .884168
15.900269 42.484261 .933316 .242281 .783284
15.910269 42.486679 .940141 .242039 .682501
15.920269 42.489098 .945959 .241797 .581818
15.930269 42.491512 .950771 .241555 .481237
15.940269 42.493927 .954579 .241313 .380755
15.950270 42.496338 .957382 .241072 .280375
15.960270 42.498745 .959183 .240831 .180094
15.970270 42.501152 .959983 .240590 .079914
15.980270 42.503555 .959781 .240349 -.020166
15.990271 42.505955 .958579 .240109 -.120146
16.000271 42.508354 .956379 .239869 -.220025
16.010271 42.510750 .953181 .239629 -.319805
16.020271 42.513145 .948986 .239389 -.419486
16.030272 42.515537 .943796 .239150 -.519066
16.040272 42.517925 .937610 .238911 -.618547
16.050272 42.520313 .930431 .238672 -.717929
16.060272 42.522697 .922259 .238433 -.817211
16.070272 42.525078 .913095 .238195 -.916393
16.080273 42.527458 .902940 .237957 -1.015477
16.090273 42.529835 .891795 .237719 -1.114461
16.100273 42.532211 .879662 .237481 -1.213347
16.110273 42.534584 .866541 .237244 -1.312134
16.120274 42.536953 .852432 .237006 -1.410821
16.130274 42.539322 .837338 .236769 -1.509411
16.140274 42.541687 .821259 .236533 -1.607901
16.150274 42.544048 .804196 .236296 -1.706293
16.160275 42.546410 .786151 .236060 -1.804587
16.170275 42.548767 .767123 .235824 -1.902782
16.180275 42.551125 .747114 .235588 -2.000880
16.190275 42.553478 .726125 .235352 -2.098879
16.200275 42.555828 .704157 .235117 -2.196780
16.210276 42.558178 .681212 .234882 -2.294583
16.220276 42.560524 .657289 .234647 -2.392288
16.230276 42.562866 .632390 .234412 -2.489896
16.240276 42.565208 .606516 .234178 -2.587406
16.250277 42.567547 .579667 .233944 -2.684819
16.260277 42.569885 .551846 .233710 -2.782134
16.270277 42.572220 .523053 .233476 -2.879352
16.280277 42.574551 .493288 .233243 -2.976472
16.290277 42.576881 .462553 .233009 -3.073496
16.300278 42.579208 .430849 .232776 -3.170422
16.310278 42.581535 .398176 .232543 -3.267252
16.320278 42.583858 .364536 .232311 -3.363985
16.330278 42.586178 .329930 .232079 -3.460621
16.340279 42.588497 .294358 .231847 -3.557160
16.350279 42.590813 .257822 .231615 -3.653603
16.360279 42.593128 .220323 .231383 -3.749950
16.370279 42.595440 .181861 .231152 -3.846200
16.380280 42.597748 .142437 .230921 -3.942353
16.390280 42.600056 .102053 .230690 -4.038411
16.400280 42.602360 .060710 .230459 -4.134373
16.410280 42.604664 .018407 .230228 -4.230238
16.420280 42.606964 .024853 .160999 3.028206
16.430281 42.608574 .054105 .160838 2.925178
16.440281 42.610180 .082327 .160677 2.822253
16.450281 42.611786 .109521 .160516 2.719430
16.460281 42.613388 .135689 .160356 2.616711
16.470282 42.614990 .160830 .160195 2.514094
16.480282 42.616592 .184945 .160035 2.411580
16.490282 42.618191 .208037 .159875 2.309168
16.500282 42.619789 .230106 .159715 2.206859
16.510283 42.621384 .251152 .159556 2.104652
16.520283 42.622978 .271178 .159396 2.002548
16.530283 42.624569 .290183 .159237 1.900545
16.540283 42.626160 .308169 .159077 1.798644
16.550283 42.627750 .325138 .158918 1.696846
16.560284 42.629337 .341089 .158759 1.595149
16.570284 42.630924 .356025 .158601 1.493554
16.580284 42.632507 .369946 .158442 1.392060
16.590284 42.634090 .382852 .158284 1.290668
16.600285 42.635674 .394746 .158125 1.189377
16.610285 42.637253 .405628 .157967 1.088188
16.620285 42.638832 .415499 .157809 .987100
16.630285 42.640408 .424360 .157651 .886113
16.640285 42.641983 .432212 .157494 .785227
16.650286 42.643555 .439057 .157336 .684441
16.660286 42.645126 .444894 .157179 .583757
16.670286 42.646698 .449726 .157022 .483173
16.680286 42.648266 .453553 .156865 .382690
16.690287 42.649834 .456376 .156708 .282307
16.700287 42.651398 .458196 .156551 .182025
16.710287 42.652962 .459015 .156395 .081843
16.720287 42.654526 .458832 .156238 -.018239
16.730288 42.656086 .457650 .156082 -.118221
16.740288 42.657646 .455469 .155926 -.218102
16.750288 42.659203 .452290 .155770 -.317884
16.760288 42.660759 .448114 .155614 -.417566
16.770288 42.662315 .442943 .155459 -.517149
16.780289 42.663868 .436777 .155303 -.616632
16.790289 42.665421 .429617 .155148 -.716015
16.800289 42.666969 .421464 .154993 -.815299
16.810289 42.668518 .412319 .154838 -.914484
16.820290 42.670063 .402183 .154683 -1.013569
16.830290 42.671608 .391057 .154528 -1.112556
16.840290 42.673153 .378943 .154374 -1.211443
16.850290 42.674694 .365841 .154219 -1.310231
16.860291 42.676235 .351752 .154065 -1.408921
16.870291 42.677773 .336676 .153911 -1.507512
16.880291 42.679310 .320616 .153757 -1.606005
16.890291 42.680847 .303572 .153603 -1.704399
16.900291 42.682381 .285545 .153450 -1.802694
16.910292 42.683914 .266537 .153296 -1.900892
16.920292 42.685444 .246547 .153143 -1.998991
16.930292 42.686974 .225577 .152990 -2.096992
16.940292 42.688503 .203628 .152837 -2.194895
16.950293 42.690029 .180701 .152684 -2.292700
16.960293 42.691555 .156797 .152531 -2.390407
16.970293 42.693077 .131916 .152379 -2.488017
16.980293 42.694599 .106061 .152226 -2.585529
16.990294 42.696121 .079232 .152074 -2.682943
17.000294 42.697639 .051429 .151922 -2.780260
17.010294 42.699158 .022654 .151770 -2.877480
17.020294 42.700672 .007092 .106133 2.082222
17.030294 42.701733 .026893 .106027 1.980139
17.040295 42.702793 .045675 .105921 1.878159
17.050295 42.703850 .063437 .105815 1.776281
17.060295 42.704906 .080183 .105709 1.674505
17.070295 42.705963 .095911 .105603 1.572830
17.080296 42.707020 .110623 .105498 1.471258
17.090296 42.708073 .124321 .105392 1.369786
17.100296 42.709126 .137005 .105287 1.268417
17.110296 42.710178 .148677 .105181 1.167148
17.120296 42.711227 .159337 .105076 1.065981
17.130297 42.712276 .168986 .104971 .964915
17.140297 42.713326 .177625 .104866 .863950
17.150297 42.714375 .185256 .104761 .763086
17.160297 42.715420 .191879 .104657 .662323
17.170298 42.716465 .197496 .104552 .561661
17.180298 42.717510 .202107 .104447 .461099
17.190298 42.718555 .205713 .104343 .360638
17.200298 42.719597 .208316 .104239 .260277
17.210299 42.720638 .209916 .104134 .160017
17.220299 42.721680 .210515 .104030 .059857
17.230299 42.722717 .210113 .103926 -.040203
17.240299 42.723755 .208711 .103822 -.140163
17.250299 42.724792 .206311 .103718 -.240022
17.260300 42.725830 .202913 .103615 -.339782
17.270300 42.726864 .198519 .103511 -.439443
17.280300 42.727898 .193129 .103408 -.539003
17.290300 42.728931 .186744 .103304 -.638464
17.300301 42.729965 .179366 .103201 -.737826
17.310301 42.730995 .170995 .103098 -.837088
17.320301 42.732025 .161632 .102995 -.936251
17.330301 42.733055 .151279 .102892 -1.035315
17.340302 42.734081 .139937 .102789 -1.134279
17.350302 42.735107 .127605 .102686 -1.233145
17.360302 42.736134 .114286 .102583 -1.331912
17.370302 42.737160 .099980 .102481 -1.430580
17.380302 42.738182 .084689 .102378 -1.529149
17.390303 42.739204 .068412 .102276 -1.627620
17.400303 42.740227 .051153 .102174 -1.725992
17.410303 42.741249 .032910 .102071 -1.824266
17.420303 42.742268 .013685 .101969 -1.922442
17.430304 42.743286 .006520 .071307 1.414364
17.440304 42.743999 .019649 .071236 1.312950
17.450304 42.744713 .031766 .071165 1.211637
17.460304 42.745422 .042870 .071093 1.110425
17.470304 42.746132 .052963 .071022 1.009314
17.480305 42.746841 .062046 .070951 .908305
17.490305 42.747551 .070120 .070880 .807397
17.500305 42.748260 .077186 .070809 .706589
17.510305 42.748966 .083245 .070739 .605883
17.520306 42.749672 .088298 .070668 .505277
17.530306 42.750378 .092345 .070597 .404772
17.540306 42.751083 .095389 .070527 .304367
17.550306 42.751789 .097430 .070456 .204063
17.560307 42.752495 .098468 .070386 .103858
17.570307 42.753197 .098506 .070315 .003755
17.580307 42.753899 .097543 .070245 -.096249
17.590307 42.754601 .095582 .070175 -.196153
17.600307 42.755302 .092622 .070105 -.295957
17.610308 42.756004 .088665 .070034 -.395661
17.620308 42.756702 .083713 .069964 -.495265
17.630308 42.757401 .077765 .069894 -.594770
17.640308 42.758099 .070823 .069825 -.694175
17.650309 42.758797 .062889 .069755 -.793481
17.660309 42.759495 .053962 .069685 -.892687
17.670309 42.760189 .044044 .069615 -.991795
17.680309 42.760883 .033136 .069546 -1.090803
17.690310 42.761578 .021239 .069476 -1.189712
17.700310 42.762272 .008353 .069407 -1.288522
17.710310 42.762966 .005519 .048536 .971064
17.720310 42.763451 .014220 .048488 .870093
17.730310 42.763935 .021912 .048439 .769223
17.740311 42.764420 .028597 .048391 .668453
17.750311 42.764904 .034275 .048342 .567785
17.760311 42.765388 .038947 .048294 .467217
17.770311 42.765869 .042614 .048246 .366750
17.780312 42.766350 .045278 .048197 .266383
17.790312 42.766830 .046939 .048149 .166117
17.800312 42.767311 .047599 .048101 .065951
17.810312 42.767792 .047258 .048053 -.034115
17.820312 42.768272 .045917 .048005 -.134081
17.830313 42.768753 .043577 .047957 -.233947
17.840313 42.769234 .040240 .047909 -.333713
17.850313 42.769711 .035906 .047861 -.433379
17.860313 42.770187 .030577 .047813 -.532946
17.870314 42.770664 .024253 .047765 -.632413
17.880314 42.771141 .016935 .047718 -.731781
17.890314 42.771618 .008624 .047670 -.831049
17.900314 42.772095 .000678 .033335 .651152
17.910315 42.772427 .006183 .033302 .550501
17.920315 42.772758 .010682 .033269 .449951
17.930315 42.773090 .014177 .033236 .349501
17.940315 42.773422 .016669 .033202 .249151
17.950315 42.773754 .018158 .033169 .148902
17.960316 42.774086 .018645 .033136 .048753
17.970316 42.774418 .018132 .033103 -.051295
17.980316 42.774750 .016620 .033070 -.151244
17.990316 42.775082 .014109 .033037 -.251093
18.000317 42.775414 .010601 .033004 -.350842
18.010317 42.775742 .006096 .032971 -.450491
18.020317 42.776070 .000595 .032938 -.550040
18.030317 42.776398 .005900 .023033 .454643
18.040318 42.776627 .009442 .023010 .354189
18.050318 42.776855 .011980 .022987 .253834
18.060318 42.777084 .013516 .022964 .153581
18.070318 42.777313 .014050 .022941 .053427
18.080318 42.777542 .013584 .022918 -.046626
18.090319 42.777771 .012118 .022895 -.146580
18.100319 42.778000 .009654 .022873 -.246433
18.110319 42.778229 .006192 .022850 -.346187
18.120319 42.778458 .001733 .022827 -.445841
18.130320 42.778687 .003721 .015963 .381776
18.140320 42.778847 .006535 .015947 .281395
18.150320 42.779007 .008346 .015931 .181113
18.160320 42.779167 .009155 .015915 .080932
18.170321 42.779327 .008964 .015899 -.019149
18.180321 42.779488 .007772 .015883 -.119130
18.190321 42.779648 .005582 .015867 -.219011
18.200321 42.779808 .002394 .015851 -.318792
18.210321 42.779968 .001790 .011085 .292931
18.220322 42.780079 .003717 .011074 .192638
18.230322 42.780190 .004641 .011063 .092445
