.010000 .070675 100.070175 7.067532 7.017532
.020000 .141280 100.139282 7.060464 6.910515
.030000 .211814 100.207321 7.053404 6.803604
.040000 .282277 100.274292 7.046350 6.696801
.050000 .352671 100.340195 7.039304 6.590104
.060000 .422993 100.405029 7.032265 6.483514
.070000 .493246 100.468803 7.025233 6.377030
.080000 .563428 100.531509 7.018208 6.270653
.090000 .633539 100.593155 7.011189 6.164382
.100000 .703581 100.653740 7.004178 6.058218
.110000 .773553 100.713264 6.997174 5.952160
.120000 .843455 100.771729 6.990177 5.846208
.130000 .913287 100.829132 6.983187 5.740361
.140000 .983049 100.885475 6.976203 5.634621
.150000 1.052741 100.940765 6.969227 5.528986
.160000 1.122364 100.995003 6.962258 5.423457
.170000 1.191916 101.048180 6.955296 5.318034
.180000 1.261400 101.100304 6.948340 5.212716
.190000 1.330814 101.151382 6.941392 5.107503
.200000 1.400158 101.201408 6.934451 5.002396
.210000 1.469433 101.250381 6.927516 4.897393
.220000 1.538639 101.298309 6.920588 4.792496
.230000 1.607776 101.345184 6.913668 4.687703
.240000 1.676843 101.391014 6.906754 4.583015
.250000 1.745842 101.435799 6.899847 4.478433
.260000 1.814771 101.479538 6.892947 4.373954
.270000 1.883632 101.522232 6.886054 4.269580
.280000 1.952423 101.563889 6.879168 4.165311
.290000 2.021146 101.604500 6.872289 4.061146
.300000 2.089800 101.644073 6.865417 3.957085
.310000 2.158386 101.682602 6.858551 3.853127
.320000 2.226903 101.720093 6.851693 3.749274
.330000 2.295351 101.756546 6.844841 3.645525
.340000 2.363731 101.791962 6.837996 3.541879
.350000 2.432043 101.826347 6.831158 3.438338
.360000 2.500286 101.859695 6.824327 3.334899
.370000 2.568461 101.892014 6.817502 3.231564
.380000 2.636568 101.923294 6.810685 3.128333
.390000 2.704607 101.953545 6.803874 3.025204
.400000 2.772577 101.982765 6.797071 2.922179
.410000 2.840480 102.010956 6.790274 2.819257
.420000 2.908315 102.038116 6.783484 2.716438
.430000 2.976082 102.064255 6.776700 2.613721
.440000 3.043781 102.089363 6.769923 2.511107
.450000 3.111413 102.113449 6.763153 2.408596
.460000 3.178977 102.136513 6.756390 2.306188
.470000 3.246473 102.158554 6.749634 2.203882
.480000 3.313902 102.179573 6.742884 2.101678
.490000 3.381263 102.199570 6.736141 1.999576
.500000 3.448557 102.218544 6.729405 1.897576
.510000 3.515784 102.236504 6.722675 1.795679
.520000 3.582943 102.253441 6.715953 1.693883
.530000 3.650036 102.269363 6.709237 1.592189
.540000 3.717061 102.284271 6.702528 1.490597
.550000 3.784019 102.298164 6.695826 1.389107
.560000 3.850910 102.311043 6.689130 1.287717
.570000 3.917735 102.322906 6.682441 1.186430
.580000 3.984492 102.333755 6.675758 1.085243
.590000 4.051183 102.343597 6.669083 .984158
.600000 4.117807 102.352432 6.662414 .883174
.610000 4.184365 102.360252 6.655751 .782291
.620000 4.250856 102.367065 6.649096 .681508
.630000 4.317280 102.372871 6.642447 .580827
.640000 4.383638 102.377670 6.635804 .480246
.650000 4.449930 102.381470 6.629169 .379766
.660000 4.516156 102.384262 6.622540 .279386
.670000 4.582315 102.386055 6.615917 .179107
.680000 4.648408 102.386841 6.609301 .078928
.690000 4.714435 102.386627 6.602692 -.021151
.700000 4.780396 102.385414 6.596089 -.121130
.710000 4.846291 102.383202 6.589493 -.221009
.720000 4.912119 102.379997 6.582903 -.320788
.730000 4.977882 102.375793 6.576321 -.420467
.740000 5.043580 102.370590 6.569744 -.520047
.750000 5.109212 102.364395 6.563174 -.619527
.760000 5.174778 102.357208 6.556611 -.718907
.770000 5.240279 102.349030 6.550055 -.818188
.780000 5.305714 102.339859 6.543505 -.917370
.790000 5.371083 102.329697 6.536961 -1.016453
.800000 5.436388 102.318542 6.530424 -1.115436
.810000 5.501626 102.306396 6.523894 -1.214321
.820000 5.566800 102.293266 6.517370 -1.313106
.830000 5.631908 102.279152 6.510852 -1.411793
.839999 5.696952 102.264046 6.504342 -1.510382
.849999 5.761930 102.247955 6.497837 -1.608871
.859999 5.826844 102.230881 6.491339 -1.707262
.869999 5.891692 102.212822 6.484848 -1.805555
.879999 5.956476 102.193787 6.478363 -1.903750
.889999 6.021194 102.173767 6.471885 -2.001846
.899999 6.085849 102.152771 6.465413 -2.099844
.909999 6.150438 102.130791 6.458947 -2.197744
.919999 6.214963 102.107834 6.452488 -2.295546
.929999 6.279423 102.083900 6.446036 -2.393251
.939999 6.343819 102.058990 6.439590 -2.490857
.949999 6.408151 102.033104 6.433150 -2.588367
.959999 6.472418 102.006248 6.426717 -2.685778
.969999 6.536621 101.978416 6.420290 -2.783092
.979999 6.600760 101.949615 6.413870 -2.880309
.989999 6.664834 101.919838 6.407456 -2.977429
.999999 6.728845 101.889091 6.401049 -3.074451
1.009999 6.792791 101.857376 6.394648 -3.171377
1.019999 6.856673 101.824692 6.388253 -3.268206
1.029999 6.920492 101.791046 6.381865 -3.364938
1.039999 6.984247 101.756432 6.375483 -3.461573
1.049999 7.047938 101.720848 6.369108 -3.558111
1.059999 7.111565 101.684303 6.362739 -3.654553
1.069999 7.175129 101.646797 6.356376 -3.750899
1.079999 7.238629 101.608322 6.350019 -3.847148
1.089999 7.302066 101.568886 6.343669 -3.943300
1.099999 7.365439 101.528496 6.337326 -4.039357
1.109999 7.428749 101.487144 6.330988 -4.135318
1.119999 7.491995 101.444832 6.324657 -4.231183
1.129999 7.555179 101.401566 6.318333 -4.326952
1.139999 7.618299 101.357338 6.312014 -4.422625
1.149999 7.681356 101.312157 6.305702 -4.518202
1.159999 7.744350 101.266022 6.299397 -4.613684
1.169999 7.807281 101.218933 6.293097 -4.709070
1.179999 7.870149 101.170891 6.286804 -4.804361
1.189999 7.932954 101.121895 6.280517 -4.899557
1.199999 7.995697 101.071945 6.274237 -4.994658
1.209999 8.058376 101.021049 6.267962 -5.089663
1.219999 8.120994 100.969200 6.261694 -5.184573
1.229999 8.183548 100.916405 6.255433 -5.279388
1.239999 8.246039 100.862663 6.249177 -5.374109
1.249999 8.308469 100.807976 6.242928 -5.468735
1.259999 8.370835 100.752342 6.236685 -5.563266
1.269999 8.433140 100.695763 6.230449 -5.657703
1.279999 8.495382 100.638245 6.224218 -5.752045
1.289999 8.557562 100.579781 6.217994 -5.846293
1.299999 8.619679 100.520378 6.211776 -5.940447
1.309999 8.681735 100.460030 6.205564 -6.034506
1.319999 8.743729 100.398743 6.199359 -6.128472
1.329999 8.805660 100.336517 6.193160 -6.222343
1.339999 8.867530 100.273354 6.186966 -6.316121
1.349999 8.929338 100.209259 6.180779 -6.409805
1.359999 8.991083 100.144226 6.174599 -6.503395
1.369999 9.052768 100.078255 6.168424 -6.596892
1.379999 9.114390 100.011353 6.162256 -6.690295
1.389999 9.175951 99.943520 6.156094 -6.783605
1.399999 9.237451 99.874748 6.149938 -6.876822
1.409999 9.298888 99.805046 6.143788 -6.969944
1.419999 9.360265 99.734413 6.137644 -7.062974
1.429999 9.421580 99.662857 6.131506 -7.155911
1.439999 9.482834 99.590370 6.125375 -7.248755
1.449999 9.544026 99.516953 6.119249 -7.341506
1.459999 9.605158 99.442612 6.113130 -7.434165
1.469999 9.666228 99.367348 6.107017 -7.526731
1.479999 9.727238 99.291153 6.100910 -7.619205
1.489999 9.788186 99.214035 6.094809 -7.711586
1.499999 9.849073 99.135994 6.088714 -7.803874
1.509999 9.909900 99.057030 6.082625 -7.896070
1.519999 9.970665 98.977150 6.076543 -7.988174
1.529999 10.031369 98.896347 6.070467 -8.080186
1.539999 10.092013 98.814629 6.064396 -8.172106
1.549999 10.152596 98.731987 6.058331 -8.263934
1.559999 10.213120 98.648430 6.052273 -8.355670
1.569999 10.273582 98.563957 6.046221 -8.447314
1.579999 10.333983 98.478569 6.040174 -8.538867
1.589999 10.394324 98.392265 6.034134 -8.630328
1.599999 10.454605 98.305046 6.028100 -8.721698
1.609999 10.514826 98.216919 6.022072 -8.812976
1.619999 10.574986 98.127876 6.016050 -8.904163
1.629999 10.635087 98.037926 6.010034 -8.995259
1.639999 10.695127 97.947060 6.004024 -9.086264
1.649999 10.755108 97.855286 5.998020 -9.177177
1.659999 10.815028 97.762604 5.992022 -9.268001
1.669999 10.874888 97.669014 5.986030 -9.358732
1.679999 10.934689 97.574524 5.980044 -9.449373
1.689999 10.994430 97.479126 5.974064 -9.539924
1.699999 11.054111 97.382820 5.968090 -9.630383
1.709999 11.113731 97.285614 5.962121 -9.720753
1.719999 11.173293 97.187500 5.956160 -9.811032
1.729999 11.232795 97.088486 5.950203 -9.901221
1.739999 11.292237 96.988571 5.944253 -9.991320
1.749999 11.351621 96.887756 5.938309 -10.081328
1.759999 11.410944 96.786041 5.932371 -10.171247
1.769999 11.470208 96.683434 5.926438 -10.261076
1.779999 11.529413 96.579926 5.920512 -10.350815
1.789999 11.588559 96.475517 5.914591 -10.440464
1.799999 11.647646 96.370216 5.908677 -10.530024
1.809999 11.706674 96.264023 5.902768 -10.619493
1.819999 11.765642 96.156937 5.896865 -10.708874
1.829999 11.824552 96.048958 5.890968 -10.798165
1.839999 11.883403 95.940086 5.885077 -10.887367
1.849999 11.942195 95.830322 5.879192 -10.976480
1.859999 12.000928 95.719666 5.873313 -11.065503
1.869999 12.059603 95.608124 5.867440 -11.154438
1.879999 12.118218 95.495689 5.861572 -11.243283
1.889999 12.176776 95.382370 5.855711 -11.332040
1.899999 12.235274 95.268166 5.849855 -11.420708
1.909999 12.293715 95.153076 5.844005 -11.509287
1.919999 12.352097 95.037102 5.838161 -11.597777
1.929999 12.410419 94.920242 5.832323 -11.686179
1.939999 12.468684 94.802498 5.826490 -11.774493
1.949998 12.526891 94.683868 5.820664 -11.862719
1.959998 12.585039 94.564362 5.814843 -11.950856
1.969998 12.643129 94.443970 5.809028 -12.038905
1.979998 12.701161 94.322701 5.803219 -12.126866
1.989998 12.759135 94.200554 5.797416 -12.214740
1.999998 12.817052 94.077530 5.791619 -12.302526
2.009999 12.874910 93.953629 5.785827 -12.390223
2.019999 12.932711 93.828850 5.780041 -12.477833
2.029999 12.990454 93.703194 5.774261 -12.565355
2.039999 13.048139 93.576668 5.768486 -12.652790
2.049999 13.105765 93.449265 5.762718 -12.740137
2.059999 13.163335 93.320992 5.756956 -12.827397
2.069999 13.220847 93.191849 5.751199 -12.914570
2.079998 13.278301 93.061829 5.745448 -13.001656
2.089998 13.335698 92.930939 5.739702 -13.088654
2.099998 13.393038 92.799187 5.733963 -13.175565
2.109998 13.450320 92.666565 5.728229 -13.262389
2.119998 13.507545 92.533073 5.722500 -13.349127
2.129998 13.564713 92.398712 5.716778 -13.435778
2.139998 13.621824 92.263489 5.711061 -13.522342
2.149998 13.678878 92.127403 5.705350 -13.608819
2.159998 13.735874 91.990448 5.699645 -13.695210
2.169998 13.792813 91.852631 5.693945 -13.781515
2.179998 13.849696 91.713951 5.688251 -13.867734
2.189998 13.906522 91.574409 5.682563 -13.953866
2.199998 13.963290 91.434013 5.676880 -14.039912
2.209998 14.020002 91.292755 5.671204 -14.125873
2.219998 14.076657 91.150635 5.665533 -14.211747
2.229998 14.133256 91.007660 5.659867 -14.297535
2.239998 14.189798 90.863831 5.654207 -14.383238
2.249998 14.246284 90.719139 5.648553 -14.468855
2.259998 14.302712 90.573593 5.642904 -14.554386
2.269998 14.359085 90.427193 5.637261 -14.639832
2.279998 14.415401 90.279938 5.631624 -14.725192
2.289998 14.471662 90.131836 5.625993 -14.810467
2.299998 14.527865 89.982880 5.620367 -14.895657
2.309998 14.584013 89.833069 5.614746 -14.980761
2.319998 14.640104 89.682411 5.609131 -15.065780
2.329998 14.696139 89.530907 5.603522 -15.150714
2.339998 14.752118 89.378548 5.597919 -15.235563
2.349998 14.808042 89.225342 5.592321 -15.320328
2.359998 14.863909 89.071289 5.586729 -15.405007
2.369998 14.919721 88.916389 5.581142 -15.489602
2.379998 14.975476 88.760651 5.575561 -15.574113
2.389998 15.031177 88.604065 5.569985 -15.658539
2.399998 15.086821 88.446632 5.564415 -15.742880
2.409998 15.142409 88.288361 5.558851 -15.827137
2.419998 15.197942 88.129250 5.553292 -15.911310
2.429998 15.253419 87.969299 5.547739 -15.995399
2.439998 15.308841 87.808502 5.542191 -16.079403
2.449998 15.364207 87.646866 5.536649 -16.163324
2.459998 15.419518 87.484398 5.531112 -16.247162
2.469998 15.474774 87.321091 5.525581 -16.330915
2.479998 15.529975 87.156944 5.520055 -16.414585
2.489998 15.585120 86.991966 5.514535 -16.498171
2.499998 15.640210 86.826149 5.509021 -16.581673
2.509998 15.695246 86.659500 5.503512 -16.665091
2.519998 15.750226 86.492020 5.498008 -16.748425
2.529998 15.805151 86.323700 5.492510 -16.831676
2.539998 15.860022 86.154549 5.487018 -16.914845
2.549998 15.914837 85.984566 5.481531 -16.997931
2.559998 15.969598 85.813759 5.476049 -17.080933
2.569998 16.024303 85.642120 5.470573 -17.163851
2.579998 16.078955 85.469650 5.465102 -17.246687
2.589998 16.133551 85.296356 5.459637 -17.329441
2.599998 16.188093 85.122238 5.454177 -17.412111
2.609998 16.242580 84.947289 5.448723 -17.494699
2.619998 16.297012 84.771515 5.443274 -17.577206
2.629998 16.351391 84.594917 5.437831 -17.659628
2.639998 16.405714 84.417496 5.432394 -17.741968
2.649998 16.459984 84.239250 5.426961 -17.824226
2.659998 16.514198 84.060188 5.421534 -17.906403
2.669998 16.568359 83.880302 5.416112 -17.988497
2.679998 16.622467 83.699600 5.410697 -18.070509
2.689998 16.676519 83.518074 5.405286 -18.152439
2.699998 16.730518 83.335732 5.399880 -18.234287
2.709998 16.784464 83.152573 5.394481 -18.316053
2.719998 16.838354 82.968597 5.389086 -18.397738
2.729998 16.892191 82.783806 5.383697 -18.479340
2.739998 16.945974 82.598198 5.378314 -18.560860
2.749998 16.999704 82.411774 5.372935 -18.642300
2.759998 17.053379 82.224541 5.367562 -18.723658
2.769998 17.107000 82.036491 5.362195 -18.804934
2.779998 17.160568 81.847633 5.356833 -18.886129
2.789998 17.214083 81.657959 5.351476 -18.967243
2.799998 17.267544 81.467476 5.346124 -19.048275
2.809998 17.320951 81.276184 5.340778 -19.129227
2.819998 17.374306 81.084084 5.335437 -19.210098
2.829998 17.427607 80.891174 5.330102 -19.290888
2.839998 17.480854 80.697456 5.324772 -19.371597
2.849998 17.534048 80.502937 5.319447 -19.452227
2.859998 17.587189 80.307610 5.314127 -19.532774
2.869998 17.640276 80.111481 5.308813 -19.613241
2.879998 17.693312 79.914543 5.303504 -19.693628
2.889998 17.746294 79.716805 5.298201 -19.773935
2.899998 17.799223 79.518265 5.292903 -19.854162
2.909998 17.852098 79.318924 5.287610 -19.934307
2.919998 17.904922 79.118782 5.282322 -20.014372
2.929998 17.957693 78.917839 5.277040 -20.094358
2.939998 18.010410 78.716095 5.271763 -20.174265
2.949998 18.063076 78.513557 5.266491 -20.254091
2.959998 18.115688 78.310219 5.261224 -20.333838
2.969998 18.168247 78.106087 5.255963 -20.413504
2.979998 18.220755 77.901154 5.250707 -20.493090
2.989998 18.273209 77.695427 5.245456 -20.572598
2.999998 18.325611 77.488907 5.240210 -20.652025
3.009998 18.377960 77.281593 5.234970 -20.731373
3.019998 18.430258 77.073486 5.229734 -20.810642
3.029998 18.482502 76.864586 5.224504 -20.889832
3.039998 18.534695 76.654900 5.219280 -20.968943
3.049998 18.586836 76.444420 5.214060 -21.047974
3.059998 18.638924 76.233154 5.208846 -21.126926
3.069998 18.690960 76.021095 5.203637 -21.205799
3.079998 18.742945 75.808250 5.198433 -21.284594
3.089998 18.794878 75.594620 5.193235 -21.363310
3.099998 18.846758 75.380203 5.188042 -21.441946
3.109998 18.898586 75.165001 5.182854 -21.520504
3.119998 18.950363 74.949013 5.177671 -21.598984
3.129997 19.002089 74.732239 5.172493 -21.677385
3.139997 19.053762 74.514679 5.167321 -21.755709
3.149997 19.105385 74.296341 5.162153 -21.833954
3.159997 19.156954 74.077217 5.156991 -21.912121
3.169997 19.208471 73.857315 5.151834 -21.990210
3.179997 19.259937 73.636635 5.146682 -22.068220
3.189997 19.311352 73.415176 5.141536 -22.146152
3.199997 19.362715 73.192940 5.136394 -22.224007
3.209997 19.414028 72.969925 5.131258 -22.301783
3.219997 19.465290 72.746132 5.126126 -22.379480
3.229997 19.516500 72.521561 5.121000 -22.457102
3.239997 19.567659 72.296211 5.115879 -22.534645
3.249997 19.618767 72.070091 5.110763 -22.612110
3.259997 19.669823 71.843193 5.105652 -22.689499
3.269997 19.720829 71.615524 5.100547 -22.766809
3.279997 19.771784 71.387085 5.095446 -22.844042
3.289997 19.822687 71.157875 5.090351 -22.921198
3.299997 19.873539 70.927895 5.085260 -22.998276
3.309997 19.924341 70.697144 5.080175 -23.075277
3.319997 19.975092 70.465622 5.075095 -23.152203
3.329997 20.025793 70.233330 5.070020 -23.229050
3.339997 20.076443 70.000275 5.064950 -23.305820
3.349997 20.127041 69.766449 5.059885 -23.382515
3.359997 20.177589 69.531860 5.054825 -23.459133
3.369997 20.228086 69.296501 5.049770 -23.535673
3.379997 20.278534 69.060379 5.044720 -23.612137
3.389997 20.328930 68.823494 5.039675 -23.688524
3.399997 20.379276 68.585846 5.034636 -23.764835
3.409997 20.429573 68.347435 5.029601 -23.841070
3.419997 20.479818 68.108261 5.024571 -23.917229
3.429997 20.530014 67.868324 5.019547 -23.993311
3.439997 20.580160 67.627632 5.014527 -24.069317
3.449997 20.630255 67.386177 5.009513 -24.145248
3.459997 20.680300 67.143967 5.004503 -24.221104
3.469997 20.730295 66.901001 4.999499 -24.296883
3.479997 20.780241 66.657272 4.994499 -24.372585
3.489997 20.830135 66.412788 4.989505 -24.448214
3.499997 20.879980 66.167549 4.984515 -24.523766
3.509997 20.929775 65.921555 4.979531 -24.599241
3.519997 20.979521 65.674805 4.974551 -24.674643
3.529997 21.029217 65.427307 4.969577 -24.749968
3.539997 21.078863 65.179054 4.964607 -24.825218
3.549997 21.128460 64.930054 4.959642 -24.900393
3.559997 21.178007 64.680298 4.954683 -24.975492
3.569997 21.227505 64.429794 4.949728 -25.050516
3.579997 21.276953 64.178543 4.944778 -25.125465
3.589997 21.326351 63.926540 4.939834 -25.200340
3.599997 21.375700 63.673790 4.934894 -25.275141
3.609997 21.424999 63.420292 4.929959 -25.349865
3.619997 21.474249 63.166046 4.925029 -25.424515
3.629997 21.523451 62.911057 4.920104 -25.499090
3.639997 21.572603 62.655319 4.915184 -25.573591
3.649997 21.621706 62.398838 4.910268 -25.648018
3.659997 21.670759 62.141613 4.905358 -25.722370
3.669997 21.719763 61.883648 4.900453 -25.796648
3.679997 21.768719 61.624939 4.895552 -25.870852
3.689997 21.817625 61.365490 4.890656 -25.944981
3.699997 21.866482 61.105301 4.885766 -26.019035
3.709997 21.915291 60.844372 4.880880 -26.093016
3.719997 21.964050 60.582703 4.875999 -26.166924
3.729997 22.012762 60.320293 4.871123 -26.240757
3.739997 22.061424 60.057148 4.866252 -26.314516
3.749997 22.110039 59.793266 4.861386 -26.388201
3.759997 22.158604 59.528648 4.856525 -26.461813
3.769997 22.207121 59.263294 4.851668 -26.535351
3.779997 22.255589 58.997208 4.846817 -26.608816
3.789997 22.304008 58.730385 4.841969 -26.682207
3.799997 22.352379 58.462830 4.837128 -26.755526
3.809997 22.400702 58.194542 4.832291 -26.828770
3.819997 22.448977 57.925522 4.827458 -26.901941
3.829997 22.497202 57.655773 4.822631 -26.975039
3.839997 22.545380 57.385292 4.817808 -27.048063
3.849997 22.593510 57.114082 4.812990 -27.121016
3.859997 22.641592 56.842144 4.808177 -27.193895
3.869997 22.689625 56.569477 4.803369 -27.266701
3.879997 22.737610 56.296082 4.798566 -27.339434
3.889997 22.785547 56.021961 4.793767 -27.412094
3.899997 22.833437 55.747116 4.788974 -27.484682
3.909997 22.881279 55.471542 4.784185 -27.557198
3.919997 22.929073 55.195248 4.779401 -27.629641
3.929997 22.976820 54.918228 4.774621 -27.702011
3.939997 23.024519 54.640484 4.769847 -27.774309
3.949997 23.072170 54.362019 4.765077 -27.846535
3.959997 23.119774 54.082832 4.760312 -27.918688
3.969997 23.167330 53.802925 4.755552 -27.990768
3.979997 23.214838 53.522297 4.750796 -28.062778
3.989997 23.262299 53.240952 4.746046 -28.134716
3.999997 23.309711 52.958885 4.741300 -28.206581
4.009997 23.357077 52.676102 4.736558 -28.278374
4.019997 23.404394 52.392601 4.731822 -28.350096
4.029997 23.451666 52.108383 4.727090 -28.421745
4.039998 23.498890 51.823448 4.722363 -28.493324
4.049998 23.546066 51.537800 4.717641 -28.564831
4.059998 23.593195 51.251438 4.712923 -28.636267
4.069998 23.640278 50.964363 4.708210 -28.707630
4.079998 23.687313 50.676575 4.703502 -28.778923
4.089999 23.734301 50.388073 4.698798 -28.850143
4.099999 23.781242 50.098862 4.694099 -28.921293
4.109999 23.828136 49.808937 4.689405 -28.992373
4.119999 23.874983 49.518303 4.684716 -29.063379
4.130000 23.921783 49.226959 4.680031 -29.134315
4.140000 23.968536 48.934906 4.675351 -29.205181
4.150000 24.015244 48.642147 4.670676 -29.275976
4.160000 24.061903 48.348679 4.666005 -29.346701
4.170001 24.108517 48.054504 4.661339 -29.417355
4.180001 24.155083 47.759624 4.656678 -29.487938
4.190001 24.201603 47.464039 4.652021 -29.558451
4.200001 24.248077 47.167751 4.647369 -29.628893
4.210001 24.294504 46.870758 4.642722 -29.699265
4.220002 24.340885 46.573063 4.638079 -29.769566
4.230002 24.387220 46.274666 4.633441 -29.839796
4.240002 24.433508 45.975567 4.628808 -29.909956
4.250002 24.479750 45.675766 4.624179 -29.980045
4.260003 24.525946 45.375267 4.619555 -30.050066
4.270003 24.572096 45.074066 4.614935 -30.120016
4.280003 24.618198 44.772167 4.610320 -30.189896
4.290003 24.664255 44.469570 4.605710 -30.259706
4.300004 24.710266 44.166275 4.601104 -30.329447
4.310004 24.756231 43.862286 4.596503 -30.399117
4.320004 24.802151 43.557598 4.591906 -30.468718
4.330004 24.848024 43.252216 4.587314 -30.538248
4.340004 24.893852 42.946140 4.582727 -30.607710
4.350005 24.939634 42.639370 4.578144 -30.677103
4.360005 24.985371 42.331905 4.573566 -30.746426
4.370005 25.031061 42.023750 4.568993 -30.815680
4.380005 25.076706 41.714901 4.564424 -30.884865
4.390006 25.122305 41.405361 4.559859 -30.953979
4.400006 25.167858 41.095131 4.555299 -31.023026
4.410006 25.213366 40.784210 4.550744 -31.092003
4.420006 25.258827 40.472603 4.546193 -31.160912
4.430007 25.304243 40.160305 4.541647 -31.229752
4.440007 25.349613 39.847321 4.537105 -31.298521
4.450007 25.394939 39.533649 4.532568 -31.367222
4.460007 25.440220 39.219292 4.528036 -31.435854
4.470007 25.485455 38.904247 4.523508 -31.504417
4.480008 25.530643 38.588520 4.518984 -31.572912
4.490008 25.575788 38.272106 4.514465 -31.641338
4.500008 25.620888 37.955009 4.509951 -31.709698
4.510008 25.665941 37.637230 4.505441 -31.777988
4.520009 25.710951 37.318768 4.500935 -31.846210
4.530009 25.755915 36.999622 4.496434 -31.914364
4.540009 25.800835 36.679798 4.491938 -31.982449
4.550009 25.845709 36.359295 4.487446 -32.050465
4.560009 25.890539 36.038109 4.482958 -32.118416
4.570010 25.935324 35.716248 4.478476 -32.186298
4.580010 25.980064 35.393707 4.473997 -32.254112
4.590010 26.024759 35.070488 4.469523 -32.321857
4.600010 26.069410 34.746593 4.465054 -32.389534
4.610011 26.114016 34.422024 4.460588 -32.457146
4.620011 26.158577 34.096775 4.456128 -32.524689
4.630011 26.203094 33.770855 4.451672 -32.592163
4.640011 26.247566 33.444260 4.447220 -32.659573
4.650012 26.291994 33.116989 4.442773 -32.726913
4.660012 26.336378 32.789047 4.438330 -32.794186
4.670012 26.380716 32.460434 4.433892 -32.861393
4.680012 26.425011 32.131149 4.429458 -32.928532
4.690012 26.469261 31.801193 4.425028 -32.995602
4.700013 26.513468 31.470568 4.420603 -33.062607
4.710013 26.557631 31.139273 4.416183 -33.129543
4.720013 26.601748 30.807308 4.411767 -33.196415
4.730013 26.645821 30.474676 4.407355 -33.263218
4.740014 26.689850 30.141376 4.402947 -33.329956
4.750014 26.733835 29.807411 4.398544 -33.396626
4.760014 26.777777 29.472778 4.394146 -33.463230
4.770014 26.821674 29.137480 4.389752 -33.529766
4.780015 26.865528 28.801517 4.385362 -33.596237
4.790015 26.909338 28.464891 4.380977 -33.662640
4.800015 26.953104 28.127602 4.376595 -33.728977
4.810015 26.996826 27.789650 4.372219 -33.795250
4.820015 27.040504 27.451035 4.367847 -33.861454
4.830016 27.084139 27.111759 4.363479 -33.927593
4.840016 27.127729 26.771822 4.359116 -33.993664
4.850016 27.171276 26.431225 4.354756 -34.059669
4.860016 27.214781 26.089970 4.350401 -34.125610
4.870017 27.258242 25.748055 4.346051 -34.191486
4.880017 27.301659 25.405481 4.341705 -34.257294
4.890017 27.345032 25.062250 4.337364 -34.323036
4.900017 27.388363 24.718363 4.333026 -34.388714
4.910017 27.431650 24.373819 4.328693 -34.454327
4.920018 27.474894 24.028620 4.324365 -34.519871
4.930018 27.518093 23.682766 4.320040 -34.585350
4.940018 27.561251 23.336258 4.315720 -34.650764
4.950018 27.604364 22.989098 4.311404 -34.716114
4.960019 27.647436 22.641283 4.307093 -34.781399
4.970019 27.690464 22.292816 4.302785 -34.846619
4.980019 27.733448 21.943699 4.298482 -34.911774
4.990019 27.776390 21.593931 4.294184 -34.976860
5.000020 27.819288 21.243513 4.289889 -35.041882
5.010020 27.862144 20.892445 4.285599 -35.106838
5.020020 27.904957 20.540728 4.281313 -35.171730
5.030020 27.947727 20.188362 4.277032 -35.236557
5.040020 27.990456 19.835348 4.272755 -35.301319
5.050021 28.033140 19.481688 4.268482 -35.366016
5.060021 28.075783 19.127380 4.264213 -35.430649
5.070021 28.118382 18.772429 4.259949 -35.495216
5.080021 28.160938 18.416832 4.255689 -35.559723
5.090022 28.203453 18.060591 4.251433 -35.624165
5.100022 28.245924 17.703705 4.247181 -35.688541
5.110022 28.288353 17.346176 4.242934 -35.752853
5.120022 28.330740 16.988005 4.238691 -35.817101
5.130023 28.373085 16.629192 4.234453 -35.881283
5.140023 28.415388 16.269739 4.230218 -35.945400
5.150023 28.457647 15.909645 4.225988 -36.009457
5.160023 28.499865 15.548910 4.221762 -36.073448
5.170023 28.542040 15.187536 4.217540 -36.137375
5.180024 28.584173 14.825524 4.213323 -36.201237
5.190024 28.626265 14.462874 4.209109 -36.265034
5.200024 28.668314 14.099586 4.204900 -36.328770
5.210024 28.710321 13.735662 4.200696 -36.392441
5.220025 28.752287 13.371102 4.196495 -36.456047
5.230025 28.794210 13.005906 4.192298 -36.519592
5.240025 28.836092 12.640076 4.188106 -36.583073
5.250025 28.877932 12.273611 4.183918 -36.646488
5.260026 28.919729 11.906512 4.179734 -36.709843
5.270026 28.961485 11.538781 4.175554 -36.773132
5.280026 29.003199 11.170418 4.171379 -36.836361
5.290026 29.044870 10.801422 4.167207 -36.899525
5.300026 29.086500 10.431796 4.163040 -36.962624
5.310027 29.128088 10.061540 4.158877 -37.025661
5.320027 29.169636 9.690653 4.154718 -37.088634
5.330027 29.211142 9.319138 4.150563 -37.151546
5.340027 29.252605 8.946994 4.146413 -37.214394
5.350028 29.294027 8.574222 4.142266 -37.277180
5.360028 29.335409 8.200823 4.138124 -37.339901
5.370028 29.376749 7.826797 4.133986 -37.402561
5.380028 29.418047 7.452146 4.129852 -37.465160
5.390028 29.459305 7.076869 4.125722 -37.527695
5.400029 29.500521 6.700967 4.121596 -37.590168
5.410029 29.541695 6.324441 4.117475 -37.652576
5.420029 29.582829 5.947292 4.113357 -37.714924
5.430029 29.623920 5.569520 4.109244 -37.777210
5.440030 29.664972 5.191126 4.105134 -37.839432
5.450030 29.705982 4.812110 4.101029 -37.901592
5.460030 29.746952 4.432473 4.096929 -37.963692
5.470030 29.787880 4.052216 4.092832 -38.025726
5.480031 29.828768 3.671339 4.088739 -38.087700
5.490031 29.869614 3.289843 4.084650 -38.149612
5.500031 29.910419 2.907728 4.080565 -38.211464
5.510031 29.951185 2.524996 4.076485 -38.273251
5.520031 29.991909 2.141646 4.072408 -38.334976
5.530032 30.032593 1.757680 4.068336 -38.396641
5.540032 30.073235 1.373097 4.064268 -38.458244
5.550032 30.113836 .987899 4.060204 -38.519787
5.560032 30.154398 .602087 4.056143 -38.581268
5.570033 30.194920 .215660 4.052087 -38.642689
5.580033 30.235399 .171381 2.833625 27.092831
5.590033 30.263706 .441038 2.830791 26.965738
5.600033 30.291986 .709426 2.827960 26.838772
5.610034 30.320238 .976545 2.825132 26.711933
5.620034 30.348461 1.242397 2.822307 26.585220
5.630034 30.376656 1.506983 2.819485 26.458635
5.640034 30.404821 1.770305 2.816665 26.332176
5.650034 30.432961 2.032364 2.813849 26.205845
5.660035 30.461071 2.293160 2.811035 26.079639
5.670035 30.489153 2.552696 2.808224 25.953560
5.680035 30.517206 2.810971 2.805416 25.827606
5.690035 30.545233 3.067989 2.802610 25.701778
5.700036 30.573231 3.323750 2.799808 25.576077
5.710036 30.601200 3.578255 2.797008 25.450500
5.720036 30.629143 3.831506 2.794211 25.325050
5.730036 30.657057 4.083503 2.791416 25.199726
5.740036 30.684942 4.334248 2.788625 25.074526
5.750037 30.712801 4.583743 2.785836 24.949451
5.760037 30.740631 4.831987 2.783051 24.824501
5.770037 30.768435 5.078984 2.780267 24.699677
5.780037 30.796209 5.324734 2.777487 24.574976
5.790038 30.823956 5.569238 2.774710 24.450401
5.800038 30.851675 5.812498 2.771935 24.325951
5.810038 30.879366 6.054514 2.769163 24.201624
5.820038 30.907030 6.295288 2.766394 24.077423
5.830039 30.934666 6.534822 2.763628 23.953346
5.840039 30.962275 6.773116 2.760864 23.829393
5.850039 30.989855 7.010171 2.758103 23.705564
5.860039 31.017408 7.245990 2.755345 23.581860
5.870039 31.044933 7.480573 2.752590 23.458279
5.880040 31.072432 7.713921 2.749837 23.334820
5.890040 31.099903 7.946036 2.747087 23.211485
5.900040 31.127346 8.176919 2.744340 23.088274
5.910040 31.154762 8.406570 2.741596 22.965185
5.920041 31.182150 8.634993 2.738854 22.842220
5.930041 31.209511 8.862186 2.736115 22.719378
5.940041 31.236845 9.088153 2.733379 22.596659
5.950041 31.264151 9.312894 2.730646 22.474062
5.960042 31.291430 9.536409 2.727915 22.351587
5.970042 31.318682 9.758701 2.725187 22.229237
5.980042 31.345907 9.979772 2.722462 22.107008
5.990042 31.373104 10.199620 2.719739 21.984901
6.000042 31.400274 10.418249 2.717020 21.862917
6.010043 31.427418 10.635659 2.714303 21.741055
6.020043 31.454535 10.851852 2.711588 21.619314
6.030043 31.481623 11.066830 2.708877 21.497694
6.040043 31.508684 11.280592 2.706168 21.376196
6.050044 31.535719 11.493140 2.703462 21.254820
6.060044 31.562727 11.704475 2.700758 21.133566
6.070044 31.589708 11.914599 2.698058 21.012432
6.080044 31.616661 12.123513 2.695360 20.891420
6.090044 31.643587 12.331219 2.692664 20.770529
6.100045 31.670486 12.537716 2.689972 20.649757
6.110045 31.697359 12.743007 2.687282 20.529108
6.120045 31.724205 12.947092 2.684594 20.408579
6.130045 31.751024 13.149974 2.681910 20.288170
6.140046 31.777817 13.351653 2.679228 20.167881
6.150046 31.804583 13.552130 2.676549 20.047712
6.160046 31.831322 13.751407 2.673872 19.927664
6.170046 31.858034 13.949484 2.671198 19.807735
6.180047 31.884720 14.146363 2.668527 19.687927
6.190047 31.911379 14.342046 2.665859 19.568239
6.200047 31.938011 14.536532 2.663193 19.448671
6.210047 31.964617 14.729825 2.660530 19.329222
6.220047 31.991196 14.921924 2.657869 19.209892
6.230048 32.017746 15.112830 2.655211 19.090683
6.240048 32.044273 15.302547 2.652556 18.971592
6.250048 32.070774 15.491073 2.649903 18.852621
6.260048 32.097248 15.678411 2.647254 18.733768
6.270049 32.123695 15.864561 2.644606 18.615034
6.280049 32.150116 16.049526 2.641962 18.496420
6.290049 32.176510 16.233305 2.639320 18.377924
6.300049 32.202877 16.415901 2.636681 18.259546
6.310050 32.229218 16.597315 2.634044 18.141287
6.320050 32.255531 16.777546 2.631410 18.023146
6.330050 32.281818 16.956596 2.628778 17.905123
6.340050 32.308079 17.134468 2.626150 17.787218
6.350050 32.334312 17.311163 2.623523 17.669432
6.360051 32.360523 17.486681 2.620900 17.551762
6.370051 32.386707 17.661022 2.618279 17.434210
6.380051 32.412865 17.834190 2.615661 17.316776
6.390051 32.438995 18.006186 2.613045 17.199459
6.400052 32.465099 18.177008 2.610432 17.082260
6.410052 32.491177 18.346659 2.607821 16.965178
6.420052 32.517227 18.515141 2.605214 16.848213
6.430052 32.543255 18.682455 2.602608 16.731365
6.440053 32.569256 18.848602 2.600006 16.614634
6.450053 32.595230 19.013582 2.597406 16.498018
6.460053 32.621178 19.177397 2.594809 16.381519
6.470053 32.647099 19.340048 2.592214 16.265139
6.480053 32.672997 19.501537 2.589622 16.148874
6.490054 32.698868 19.661865 2.587032 16.032726
6.500054 32.724712 19.821032 2.584445 15.916694
6.510054 32.750530 19.979040 2.581860 15.800777
6.520054 32.776321 20.135889 2.579278 15.684977
6.530055 32.802090 20.291582 2.576699 15.569292
6.540055 32.827831 20.446119 2.574123 15.453723
6.550055 32.853546 20.599503 2.571548 15.338269
6.560055 32.879234 20.751732 2.568977 15.222931
6.570055 32.904900 20.902809 2.566408 15.107708
6.580056 32.930538 21.052734 2.563842 14.992600
6.590056 32.956150 21.201511 2.561278 14.877608
6.600056 32.981739 21.349138 2.558716 14.762731
6.610056 33.007301 21.495619 2.556158 14.647968
6.620057 33.032837 21.640951 2.553602 14.533320
6.630057 33.058346 21.785139 2.551048 14.418787
6.640057 33.083832 21.928183 2.548497 14.304368
6.650057 33.109291 22.070084 2.545948 14.190063
6.660058 33.134724 22.210842 2.543402 14.075873
6.670058 33.160133 22.350460 2.540859 13.961798
6.680058 33.185516 22.488939 2.538318 13.847836
6.690058 33.210873 22.626280 2.535780 13.733988
6.700058 33.236206 22.762482 2.533244 13.620254
6.710059 33.261513 22.897549 2.530711 13.506634
6.720059 33.286793 23.031481 2.528180 13.393127
6.730059 33.312050 23.164278 2.525652 13.279735
6.740059 33.337280 23.295942 2.523126 13.166455
6.750060 33.362488 23.426476 2.520603 13.053288
6.760060 33.387669 23.555878 2.518083 12.940235
6.770060 33.412823 23.684151 2.515564 12.827295
6.780060 33.437954 23.811295 2.513049 12.714468
6.790061 33.463058 23.937311 2.510536 12.601753
6.800061 33.488140 24.062202 2.508025 12.489151
6.810061 33.513195 24.185968 2.505517 12.376662
6.820061 33.538223 24.308611 2.503012 12.264286
6.830061 33.563229 24.430132 2.500509 12.152021
6.840062 33.588207 24.550531 2.498008 12.039869
6.850062 33.613163 24.669809 2.495511 11.927830
6.860062 33.638092 24.787968 2.493015 11.815902
6.870062 33.662998 24.905008 2.490522 11.704086
6.880063 33.687878 25.020931 2.488032 11.592382
6.890063 33.712734 25.135738 2.485543 11.480790
6.900063 33.737564 25.249432 2.483058 11.369309
6.910063 33.762371 25.362011 2.480575 11.257940
6.920063 33.787151 25.473478 2.478094 11.146683
6.930064 33.811909 25.583834 2.475616 11.035536
6.940064 33.836639 25.693079 2.473141 10.924500
6.950064 33.861347 25.801214 2.470668 10.813576
6.960064 33.886028 25.908241 2.468197 10.702763
6.970065 33.910686 26.014162 2.465729 10.592060
6.980065 33.935318 26.118977 2.463263 10.481468
6.990065 33.959927 26.222687 2.460800 10.370987
7.000065 33.984509 26.325293 2.458339 10.260616
7.010066 34.009068 26.426796 2.455881 10.150355
7.020066 34.033604 26.527199 2.453425 10.040205
7.030066 34.058113 26.626501 2.450971 9.930164
7.040066 34.082600 26.724703 2.448520 9.820234
7.050066 34.107059 26.821808 2.446072 9.710414
7.060067 34.131496 26.917814 2.443626 9.600703
7.070067 34.155907 27.012726 2.441182 9.491102
7.080067 34.180294 27.106543 2.438741 9.381611
7.090067 34.204659 27.199265 2.436302 9.272229
7.100068 34.228996 27.290894 2.433866 9.162957
7.110068 34.253311 27.381432 2.431432 9.053794
7.120068 34.277599 27.470879 2.429001 8.944740
7.130068 34.301865 27.559237 2.426572 8.835795
7.140069 34.326107 27.646505 2.424145 8.726959
7.150069 34.350323 27.732687 2.421721 8.618233
7.160069 34.374516 27.817783 2.419299 8.509615
7.170069 34.398685 27.901794 2.416880 8.401105
7.180069 34.422829 27.984722 2.414463 8.292704
7.190070 34.446949 28.066566 2.412049 8.184411
7.200070 34.471046 28.147329 2.409636 8.076226
7.210070 34.495117 28.227011 2.407227 7.968150
7.220070 34.519165 28.305613 2.404819 7.860182
7.230071 34.543190 28.383135 2.402415 7.752322
7.240071 34.567188 28.459581 2.400012 7.644569
7.250071 34.591164 28.534950 2.397612 7.536925
7.260071 34.615116 28.609243 2.395215 7.429388
7.270072 34.639046 28.682463 2.392820 7.321959
7.280072 34.662949 28.754608 2.390427 7.214637
7.290072 34.686829 28.825682 2.388036 7.107422
7.300072 34.710686 28.895685 2.385648 7.000315
7.310072 34.734520 28.964619 2.383263 6.893314
7.320073 34.758327 29.032482 2.380880 6.786421
7.330073 34.782112 29.099279 2.378499 6.679635
7.340073 34.805874 29.165009 2.376120 6.572955
7.350073 34.829613 29.229671 2.373744 6.466382
7.360074 34.853325 29.293270 2.371371 6.359916
7.370074 34.877014 29.355806 2.368999 6.253556
7.380074 34.900681 29.417280 2.366630 6.147302
7.390074 34.924324 29.477692 2.364264 6.041155
7.400074 34.947945 29.537043 2.361900 5.935114
7.410075 34.971539 29.595335 2.359538 5.829179
7.420075 34.995110 29.652569 2.357178 5.723350
7.430075 35.018658 29.708746 2.354821 5.617626
7.440075 35.042183 29.763866 2.352466 5.512009
7.450076 35.065685 29.817932 2.350113 5.406497
7.460076 35.089165 29.870943 2.347763 5.301090
7.470076 35.112617 29.922901 2.345416 5.195789
7.480076 35.136047 29.973806 2.343070 5.090593
7.490077 35.159454 30.023661 2.340727 4.985503
7.500077 35.182838 30.072466 2.338386 4.880517
7.510077 35.206200 30.120222 2.336048 4.775637
7.520077 35.229538 30.166931 2.333712 4.670861
7.530077 35.252853 30.212593 2.331378 4.566190
7.540078 35.276142 30.257210 2.329047 4.461624
7.550078 35.299408 30.300781 2.326718 4.357162
7.560078 35.322651 30.343309 2.324391 4.252805
7.570078 35.345871 30.384794 2.322067 4.148552
7.580079 35.369068 30.425238 2.319745 4.044404
7.590079 35.392242 30.464642 2.317425 3.940360
7.600079 35.415394 30.503006 2.315107 3.836419
7.610079 35.438522 30.540331 2.312792 3.732583
7.620080 35.461628 30.576620 2.310479 3.628850
7.630080 35.484711 30.611872 2.308169 3.525222
7.640080 35.507771 30.646090 2.305861 3.421696
7.650080 35.530807 30.679272 2.303555 3.318275
7.660080 35.553822 30.711422 2.301251 3.214957
7.670081 35.576813 30.742538 2.298950 3.111742
7.680081 35.599781 30.772625 2.296651 3.008630
7.690081 35.622726 30.801682 2.294355 2.905621
7.700081 35.645645 30.829708 2.292060 2.802716
7.710082 35.668541 30.856707 2.289768 2.699913
7.720082 35.691414 30.882679 2.287478 2.597213
7.730082 35.714264 30.907625 2.285191 2.494616
7.740082 35.737095 30.931547 2.282906 2.392121
7.750082 35.759903 30.954445 2.280623 2.289729
7.760083 35.782688 30.976318 2.278342 2.187439
7.770083 35.805450 30.997171 2.276064 2.085252
7.780083 35.828190 31.017004 2.273788 1.983166
7.790083 35.850906 31.035816 2.271514 1.881183
7.800084 35.873600 31.053610 2.269243 1.779302
7.810084 35.896271 31.070385 2.266973 1.677523
7.820084 35.918919 31.086143 2.264706 1.575845
7.830084 35.941544 31.100885 2.262442 1.474269
7.840085 35.964146 31.114613 2.260179 1.372795
7.850085 35.986725 31.127327 2.257919 1.271422
7.860085 36.009281 31.139029 2.255661 1.170151
7.870085 36.031815 31.149719 2.253406 1.068981
7.880085 36.054325 31.159399 2.251152 .967912
7.890086 36.076813 31.168068 2.248901 .866944
7.900086 36.099277 31.175728 2.246652 .766077
7.910086 36.121723 31.182381 2.244406 .665311
7.920086 36.144146 31.188026 2.242161 .564645
7.930087 36.166546 31.192667 2.239919 .464081
7.940087 36.188923 31.196302 2.237679 .363617
7.950087 36.211277 31.198935 2.235441 .263253
7.960087 36.233608 31.200565 2.233206 .162990
7.970088 36.255917 31.201193 2.230973 .062827
7.980088 36.278206 31.200821 2.228742 -.037236
7.990088 36.300472 31.199450 2.226513 -.137199
8.000088 36.322716 31.197079 2.224286 -.237062
8.010088 36.344936 31.193710 2.222062 -.336824
8.020088 36.367134 31.189346 2.219840 -.436488
8.030088 36.389309 31.183987 2.217620 -.536051
8.040089 36.411465 31.177631 2.215403 -.635515
8.050089 36.433598 31.170282 2.213187 -.734880
8.060089 36.455708 31.161942 2.210974 -.834145
8.070089 36.477795 31.152609 2.208763 -.933311
8.080090 36.499859 31.142284 2.206554 -1.032377
8.090090 36.521904 31.130970 2.204348 -1.131345
8.100090 36.543926 31.118668 2.202143 -1.230214
8.110090 36.565926 31.105377 2.199941 -1.328983
8.120090 36.587902 31.091101 2.197742 -1.427654
8.130091 36.609856 31.075838 2.195544 -1.526227
8.140091 36.631790 31.059591 2.193348 -1.624700
8.150091 36.653702 31.042360 2.191155 -1.723076
8.160091 36.675591 31.024147 2.188964 -1.821353
8.170092 36.697456 31.004951 2.186775 -1.919531
8.180092 36.719303 30.984776 2.184588 -2.017612
8.190092 36.741127 30.963619 2.182403 -2.115594
8.200092 36.762928 30.941484 2.180221 -2.213479
8.210093 36.784710 30.918371 2.178041 -2.311265
8.220093 36.806469 30.894281 2.175863 -2.408954
8.230093 36.828205 30.869215 2.173687 -2.506545
8.240093 36.849918 30.843174 2.171513 -2.604038
8.250093 36.871613 30.816160 2.169342 -2.701434
8.260094 36.893284 30.788174 2.167172 -2.798733
8.270094 36.914932 30.759214 2.165005 -2.895934
8.280094 36.936562 30.729284 2.162840 -2.993038
8.290094 36.958168 30.698383 2.160677 -3.090045
8.300095 36.979752 30.666513 2.158516 -3.186955
8.310095 37.001316 30.633677 2.156358 -3.283768
8.320095 37.022858 30.599873 2.154202 -3.380484
8.330095 37.044376 30.565102 2.152047 -3.477104
8.340096 37.065876 30.529366 2.149895 -3.573627
8.350096 37.087353 30.492664 2.147746 -3.670053
8.360096 37.108810 30.455000 2.145598 -3.766383
8.370096 37.130245 30.416374 2.143452 -3.862617
8.380096 37.151657 30.376787 2.141309 -3.958754
8.390097 37.173050 30.336239 2.139168 -4.054795
8.400097 37.194420 30.294731 2.137029 -4.150741
8.410097 37.215767 30.252266 2.134892 -4.246590
8.420097 37.237095 30.208843 2.132757 -4.342343
8.430098 37.258400 30.164463 2.130624 -4.438001
8.440098 37.279686 30.119127 2.128494 -4.533563
8.450098 37.300949 30.072838 2.126365 -4.629029
8.460098 37.322193 30.025595 2.124239 -4.724400
8.470098 37.343414 29.977398 2.122114 -4.819675
8.480099 37.364613 29.928249 2.119992 -4.914856
8.490099 37.385792 29.878149 2.117872 -5.009941
8.500099 37.406948 29.827099 2.115754 -5.104931
8.510099 37.428085 29.775101 2.113639 -5.199826
8.520100 37.449200 29.722155 2.111525 -5.294626
8.530100 37.470295 29.668261 2.109414 -5.389332
8.540100 37.491367 29.613420 2.107304 -5.483943
8.550100 37.512421 29.557636 2.105197 -5.578459
8.560101 37.533451 29.500908 2.103091 -5.672880
8.570101 37.554462 29.443235 2.100988 -5.767207
8.580101 37.575451 29.384621 2.098887 -5.861440
8.590101 37.596420 29.325066 2.096789 -5.955578
8.600101 37.617367 29.264570 2.094692 -6.049623
8.610102 37.638294 29.203135 2.092597 -6.143573
8.620102 37.659199 29.140760 2.090504 -6.237429
8.630102 37.680084 29.077448 2.088414 -6.331192
8.640102 37.700947 29.013199 2.086326 -6.424860
8.650103 37.721790 28.948015 2.084239 -6.518435
8.660103 37.742611 28.881897 2.082155 -6.611917
8.670103 37.763412 28.814844 2.080073 -6.705305
8.680103 37.784191 28.746859 2.077993 -6.798600
8.690104 37.804951 28.677940 2.075915 -6.891801
8.700104 37.825687 28.608091 2.073839 -6.984909
8.710104 37.846405 28.537312 2.071765 -7.077924
8.720104 37.867104 28.465603 2.069693 -7.170846
8.730104 37.887779 28.392965 2.067624 -7.263676
8.740105 37.908436 28.319401 2.065556 -7.356412
8.750105 37.929070 28.244909 2.063490 -7.449056
8.760105 37.949684 28.169493 2.061427 -7.541606
8.770105 37.970280 28.093153 2.059366 -7.634065
8.780106 37.990852 28.015888 2.057306 -7.726430
8.790106 38.011406 27.937700 2.055249 -7.818704
8.800106 38.031937 27.858591 2.053194 -7.910885
8.810106 38.052448 27.778561 2.051140 -8.002975
8.820107 38.072941 27.697611 2.049089 -8.094972
8.830107 38.093410 27.615742 2.047040 -8.186876
8.840107 38.113861 27.532955 2.044993 -8.278689
8.850107 38.134289 27.449251 2.042948 -8.370411
8.860107 38.154697 27.364632 2.040905 -8.462041
8.870108 38.175087 27.279097 2.038864 -8.553579
8.880108 38.195454 27.192646 2.036825 -8.645026
8.890108 38.215801 27.105282 2.034788 -8.736382
8.900108 38.236130 27.017006 2.032753 -8.827645
8.910109 38.256435 26.927818 2.030721 -8.918818
8.920109 38.276722 26.837719 2.028690 -9.009899
8.930109 38.296989 26.746710 2.026661 -9.100889
8.940109 38.317234 26.654793 2.024635 -9.191789
8.950109 38.337460 26.561966 2.022610 -9.282597
8.960110 38.357666 26.468233 2.020588 -9.373314
8.970110 38.377853 26.373594 2.018567 -9.463941
8.980110 38.398018 26.278049 2.016549 -9.554477
8.990110 38.418163 26.181601 2.014532 -9.644922
9.000111 38.438290 26.084248 2.012517 -9.735277
9.010111 38.458393 25.985992 2.010505 -9.825541
9.020111 38.478477 25.886835 2.008494 -9.915716
9.030111 38.498543 25.786777 2.006486 -10.005800
9.040112 38.518589 25.685820 2.004479 -10.095795
9.050112 38.538612 25.583963 2.002475 -10.185699
9.060112 38.558617 25.481209 2.000473 -10.275513
9.070112 38.578602 25.377556 1.998472 -10.365237
9.080112 38.598568 25.273006 1.996474 -10.454872
9.090113 38.618511 25.167562 1.994477 -10.544417
9.100113 38.638435 25.061224 1.992483 -10.633873
9.110113 38.658340 24.953991 1.990490 -10.723239
9.120113 38.678226 24.845865 1.988500 -10.812515
9.130114 38.698093 24.736849 1.986511 -10.901703
9.140114 38.717937 24.626942 1.984525 -10.990801
9.150114 38.737762 24.516144 1.982540 -11.079810
9.160114 38.757568 24.404457 1.980558 -11.168731
9.170115 38.777355 24.291882 1.978577 -11.257562
9.180115 38.797123 24.178419 1.976599 -11.346304
9.190115 38.816868 24.064070 1.974622 -11.434958
9.200115 38.836594 23.948835 1.972647 -11.523522
9.210115 38.856300 23.832716 1.970675 -11.611999
9.220116 38.875988 23.715712 1.968704 -11.700387
9.230116 38.895657 23.597824 1.966735 -11.788687
9.240116 38.915306 23.479055 1.964769 -11.876898
9.250116 38.934933 23.359406 1.962804 -11.965021
9.260117 38.954540 23.238874 1.960841 -12.053056
9.270117 38.974129 23.117464 1.958880 -12.141003
9.280117 38.993698 22.995176 1.956921 -12.228862
9.290117 39.013248 22.872009 1.954964 -12.316633
9.300117 39.032780 22.747967 1.953009 -12.404317
9.310118 39.052292 22.623047 1.951056 -12.491913
9.320118 39.071781 22.497253 1.949105 -12.579421
9.330118 39.091251 22.370584 1.947156 -12.666842
9.340118 39.110703 22.243042 1.945209 -12.754174
9.350119 39.130135 22.114628 1.943264 -12.841420
9.360119 39.149548 21.985342 1.941321 -12.928578
9.370119 39.168941 21.855186 1.939379 -13.015650
9.380119 39.188316 21.724159 1.937440 -13.102634
9.390120 39.207672 21.592264 1.935502 -13.189531
9.400120 39.227009 21.459501 1.933567 -13.276341
9.410120 39.246326 21.325871 1.931633 -13.363065
9.420120 39.265625 21.191374 1.929702 -13.449701
9.430120 39.284904 21.056011 1.927772 -13.536252
9.440121 39.304161 20.919785 1.925844 -13.622716
9.450121 39.323399 20.782694 1.923918 -13.709093
9.460121 39.342617 20.644739 1.921994 -13.795384
9.470121 39.361816 20.505924 1.920072 -13.881589
9.480122 39.380997 20.366247 1.918152 -13.967708
9.490122 39.400158 20.225710 1.916234 -14.053740
9.500122 39.419300 20.084312 1.914318 -14.139686
9.510122 39.438423 19.942057 1.912404 -14.225546
9.520123 39.457527 19.798943 1.910491 -14.311320
9.530123 39.476612 19.654972 1.908581 -14.397009
9.540123 39.495678 19.510145 1.906672 -14.482612
9.550123 39.514725 19.364464 1.904766 -14.568129
9.560123 39.533752 19.217928 1.902861 -14.653561
9.570124 39.552761 19.070539 1.900958 -14.738907
9.580124 39.571751 18.922298 1.899057 -14.824168
9.590124 39.590721 18.773205 1.897158 -14.909344
9.600124 39.609673 18.623260 1.895261 -14.994434
9.610125 39.628605 18.472466 1.893366 -15.079440
9.620125 39.647518 18.320822 1.891472 -15.164361
9.630125 39.666412 18.168329 1.889581 -15.249197
9.640125 39.685287 18.014990 1.887691 -15.333948
9.650126 39.704147 17.860804 1.885803 -15.418614
9.660126 39.722988 17.705772 1.883918 -15.503196
9.670126 39.741810 17.549896 1.882034 -15.587692
9.680126 39.760612 17.393175 1.880152 -15.672105
9.690126 39.779396 17.235611 1.878272 -15.756433
9.700127 39.798161 17.077204 1.876393 -15.840676
9.710127 39.816906 16.917955 1.874517 -15.924835
9.720127 39.835632 16.757866 1.872642 -16.008911
9.730127 39.854340 16.596937 1.870770 -16.092903
9.740128 39.873028 16.435169 1.868899 -16.176809
9.750128 39.891697 16.272562 1.867030 -16.260632
9.760128 39.910347 16.109118 1.865163 -16.344372
9.770128 39.928982 15.944838 1.863298 -16.428028
9.780128 39.947598 15.779721 1.861435 -16.511600
9.790129 39.966194 15.613770 1.859573 -16.595089
9.800129 39.984772 15.446985 1.857714 -16.678493
9.810129 40.003330 15.279367 1.855856 -16.761814
9.820129 40.021870 15.110917 1.854000 -16.845053
9.830130 40.040390 14.941635 1.852146 -16.928207
9.840130 40.058891 14.771523 1.850294 -17.011280
9.850130 40.077377 14.600580 1.848444 -17.094269
9.860130 40.095844 14.428808 1.846595 -17.177174
9.870131 40.114292 14.256208 1.844749 -17.259996
9.880131 40.132721 14.082781 1.842904 -17.342737
9.890131 40.151131 13.908527 1.841061 -17.425394
9.900131 40.169521 13.733448 1.839220 -17.507969
9.910131 40.187897 13.557544 1.837381 -17.590462
9.920132 40.206253 13.380816 1.835544 -17.672871
9.930132 40.224590 13.203263 1.833708 -17.755198
9.940132 40.242908 13.024889 1.831874 -17.837442
9.950132 40.261208 12.845693 1.830042 -17.919605
9.960133 40.279491 12.665676 1.828212 -18.001686
9.970133 40.297756 12.484839 1.826384 -18.083685
9.980133 40.316002 12.303184 1.824558 -18.165602
9.990133 40.334229 12.120709 1.822733 -18.247437
10.000134 40.352436 11.937418 1.820910 -18.329189
10.010134 40.370628 11.753309 1.819090 -18.410860
10.020134 40.388802 11.568385 1.817270 -18.492449
10.030134 40.406956 11.382646 1.815453 -18.573956
10.040134 40.425091 11.196092 1.813638 -18.655382
10.050135 40.443211 11.008724 1.811824 -18.736727
10.060135 40.461311 10.820544 1.810012 -18.817989
10.070135 40.479393 10.631553 1.808202 -18.899172
10.080135 40.497456 10.441750 1.806394 -18.980272
10.090136 40.515503 10.251137 1.804588 -19.061293
10.100136 40.533531 10.059714 1.802783 -19.142231
10.110136 40.551540 9.867483 1.800980 -19.223089
10.120136 40.569530 9.674444 1.799179 -19.303865
10.130136 40.587505 9.480598 1.797380 -19.384562
10.140137 40.605461 9.285947 1.795583 -19.465178
10.150137 40.623398 9.090489 1.793787 -19.545712
10.160137 40.641319 8.894228 1.791993 -19.626165
10.170137 40.659222 8.697163 1.790201 -19.706539
10.180138 40.677105 8.499294 1.788411 -19.786833
10.190138 40.694973 8.300624 1.786623 -19.867046
10.200138 40.712822 8.101152 1.784836 -19.947180
10.210138 40.730652 7.900880 1.783051 -20.027233
10.220139 40.748463 7.699808 1.781268 -20.107206
10.230139 40.766258 7.497937 1.779487 -20.187099
10.240139 40.784035 7.295268 1.777708 -20.266912
10.250139 40.801792 7.091801 1.775930 -20.346645
10.260139 40.819534 6.887538 1.774154 -20.426298
10.270140 40.837257 6.682479 1.772380 -20.505873
10.280140 40.854965 6.476626 1.770608 -20.585367
10.290140 40.872654 6.269978 1.768837 -20.664782
10.300140 40.890324 6.062537 1.767068 -20.744118
10.310141 40.907978 5.854303 1.765301 -20.823374
10.320141 40.925613 5.645278 1.763536 -20.902550
10.330141 40.943230 5.435461 1.761772 -20.981647
10.340141 40.960831 5.224854 1.760010 -21.060665
10.350142 40.978413 5.013458 1.758250 -21.139605
10.360142 40.995979 4.801274 1.756492 -21.218466
10.370142 41.013527 4.588301 1.754736 -21.297247
10.380142 41.031055 4.374542 1.752981 -21.375950
10.390142 41.048569 4.159996 1.751228 -21.454575
10.400143 41.066063 3.944665 1.749477 -21.533119
10.410143 41.083542 3.728549 1.747727 -21.611586
10.420143 41.101002 3.511649 1.745980 -21.689974
10.430143 41.118443 3.293967 1.744234 -21.768284
10.440144 41.135868 3.075501 1.742489 -21.846516
10.450144 41.153275 2.856255 1.740747 -21.924669
10.460144 41.170666 2.636227 1.739006 -22.002745
10.470144 41.188038 2.415420 1.737267 -22.080742
10.480145 41.205395 2.193833 1.735530 -22.158661
10.490145 41.222733 1.971468 1.733794 -22.236502
10.500145 41.240051 1.748326 1.732061 -22.314264
10.510145 41.257355 1.524406 1.730328 -22.391951
10.520145 41.274639 1.299711 1.728598 -22.469559
10.530146 41.291908 1.074240 1.726869 -22.547089
10.540146 41.309158 .847994 1.725143 -22.624542
10.550146 41.326393 .620975 1.723417 -22.701918
10.560146 41.343609 .393183 1.721694 -22.779215
10.570147 41.360809 .164619 1.719972 -22.856436
10.580147 41.377991 .064717 1.202777 16.053505
10.590147 41.390007 .224092 1.201574 15.937451
10.600147 41.402012 .382307 1.200372 15.821514
10.610147 41.414005 .539364 1.199172 15.705692
10.620148 41.425983 .695264 1.197973 15.589987
10.630148 41.437950 .850008 1.196775 15.474397
10.640148 41.449905 1.003597 1.195578 15.358922
10.650148 41.461849 1.156032 1.194383 15.243563
10.660149 41.473782 1.307316 1.193188 15.128319
10.670149 41.485703 1.457448 1.191995 15.013190
10.680149 41.497612 1.606429 1.190803 14.898177
10.690149 41.509506 1.754262 1.189612 14.783279
10.700150 41.521389 1.900947 1.188423 14.668496
10.710150 41.533260 2.046485 1.187234 14.553827
10.720150 41.545120 2.190878 1.186047 14.439274
10.730150 41.556969 2.334126 1.184861 14.324835
10.740150 41.568806 2.476232 1.183676 14.210510
10.750151 41.580631 2.617195 1.182493 14.096300
10.760151 41.592445 2.757017 1.181310 13.982203
10.770151 41.604248 2.895699 1.180129 13.868221
10.780151 41.616039 3.033242 1.178949 13.754354
10.790152 41.627815 3.169648 1.177770 13.640599
10.800152 41.639580 3.304918 1.176592 13.526958
10.810152 41.651333 3.439052 1.175415 13.413431
10.820152 41.663074 3.572052 1.174240 13.300017
10.830153 41.674805 3.703919 1.173066 13.186717
10.840153 41.686523 3.834655 1.171893 13.073530
10.850153 41.698231 3.964259 1.170721 12.960457
10.860153 41.709927 4.092734 1.169550 12.847496
10.870153 41.721611 4.220081 1.168380 12.734649
10.880154 41.733284 4.346300 1.167212 12.621914
10.890154 41.744946 4.471393 1.166045 12.509292
10.900154 41.756596 4.595361 1.164879 12.396782
10.910154 41.768234 4.718204 1.163714 12.284385
10.920155 41.779861 4.839925 1.162550 12.172100
10.930155 41.791477 4.960525 1.161388 12.059928
10.940155 41.803078 5.080003 1.160226 11.947868
10.950155 41.814667 5.198362 1.159066 11.835920
10.960155 41.826244 5.315603 1.157907 11.724085
10.970156 41.837811 5.431727 1.156749 11.612361
10.980156 41.849365 5.546734 1.155592 11.500749
10.990156 41.860909 5.660627 1.154437 11.389248
11.000156 41.872440 5.773406 1.153282 11.277859
11.010157 41.883961 5.885071 1.152129 11.166581
11.020157 41.895470 5.995625 1.150977 11.055414
11.030157 41.906967 6.105069 1.149826 10.944359
11.040157 41.918453 6.213403 1.148676 10.833414
11.050158 41.929928 6.320629 1.147527 10.722581
11.060158 41.941391 6.426748 1.146380 10.611858
11.070158 41.952843 6.531760 1.145234 10.501246
11.080158 41.964283 6.635668 1.144088 10.390745
11.090158 41.975712 6.738472 1.142944 10.280354
11.100159 41.987129 6.840172 1.141801 10.170074
11.110159 41.998535 6.940771 1.140659 10.059904
11.120159 42.009930 7.040269 1.139519 9.949844
11.130159 42.021313 7.138669 1.138379 9.839894
11.140160 42.032684 7.235969 1.137241 9.730055
11.150160 42.044044 7.332172 1.136104 9.620325
11.160160 42.055393 7.427279 1.134968 9.510705
11.170160 42.066730 7.521291 1.133833 9.401195
11.180161 42.078056 7.614209 1.132699 9.291794
11.190161 42.089371 7.706034 1.131566 9.182502
11.200161 42.100674 7.796767 1.130435 9.073319
11.210161 42.111965 7.886410 1.129304 8.964246
11.220161 42.123245 7.974963 1.128175 8.855282
11.230162 42.134514 8.062427 1.127047 8.746427
11.240162 42.145775 8.148804 1.125920 8.637680
11.250162 42.157024 8.234094 1.124794 8.529042
11.260162 42.168262 8.318298 1.123669 8.420513
11.270163 42.179489 8.401420 1.122545 8.312093
11.280163 42.190704 8.483458 1.121423 8.203781
11.290163 42.201908 8.564413 1.120301 8.095577
11.300163 42.213100 8.644288 1.119181 7.987482
11.310163 42.224281 8.723083 1.118062 7.879494
11.320164 42.235451 8.800798 1.116944 7.771615
11.330164 42.246609 8.877437 1.115827 7.663843
11.340164 42.257755 8.952998 1.114711 7.556180
11.350164 42.268890 9.027484 1.113596 7.448623
11.360165 42.280014 9.100896 1.112483 7.341175
11.370165 42.291126 9.173234 1.111370 7.233833
11.380165 42.302227 9.244500 1.110259 7.126599
11.390165 42.313320 9.314695 1.109148 7.019473
11.400166 42.324402 9.383820 1.108039 6.912453
11.410166 42.335472 9.451875 1.106931 6.805541
11.420166 42.346531 9.518862 1.105824 6.698735
11.430166 42.357578 9.584783 1.104718 6.592037
11.440166 42.368614 9.649637 1.103614 6.485445
11.450167 42.379639 9.713427 1.102510 6.378959
11.460167 42.390652 9.776153 1.101408 6.272580
11.470167 42.401653 9.837815 1.100306 6.166307
11.480167 42.412647 9.898417 1.099206 6.060141
11.490168 42.423630 9.957957 1.098107 5.954081
11.500168 42.434601 10.016438 1.097008 5.848127
11.510168 42.445560 10.073861 1.095912 5.742279
11.520168 42.456509 10.130226 1.094816 5.636536
11.530169 42.467445 10.185535 1.093721 5.530900
11.540169 42.478371 10.239789 1.092627 5.425369
11.550169 42.489285 10.292989 1.091534 5.319943
11.560169 42.500191 10.345135 1.090443 5.214623
11.570169 42.511086 10.396229 1.089352 5.109409
11.580170 42.521969 10.446272 1.088263 5.004300
11.590170 42.532841 10.495265 1.087175 4.899295
11.600170 42.543701 10.543209 1.086088 4.794396
11.610170 42.554550 10.590105 1.085002 4.689601
11.620171 42.565388 10.635954 1.083917 4.584912
11.630171 42.576218 10.680758 1.082833 4.480327
11.640171 42.587036 10.724516 1.081750 4.375847
11.650171 42.597843 10.767231 1.080668 4.271471
11.660172 42.608639 10.808903 1.079587 4.167200
11.670172 42.619423 10.849533 1.078508 4.063033
11.680172 42.630196 10.889123 1.077429 3.958970
11.690172 42.640961 10.927673 1.076352 3.855011
11.700172 42.651714 10.965185 1.075276 3.751156
11.710173 42.662457 11.001659 1.074200 3.647404
11.720173 42.673187 11.037097 1.073126 3.543757
11.730173 42.683907 11.071499 1.072053 3.440213
11.740173 42.694618 11.104867 1.070981 3.336773
11.750174 42.705318 11.137201 1.069910 3.233436
11.760174 42.716007 11.168504 1.068840 3.130203
11.770174 42.726685 11.198774 1.067771 3.027073
11.780174 42.737350 11.228015 1.066704 2.924046
11.790174 42.748009 11.256227 1.065637 2.821121
11.800175 42.758656 11.283409 1.064571 2.718300
11.810175 42.769291 11.309565 1.063507 2.615582
11.820175 42.779915 11.334694 1.062443 2.512966
11.830175 42.790527 11.358798 1.061381 2.410453
11.840176 42.801132 11.381879 1.060319 2.308043
11.850176 42.811726 11.403936 1.059259 2.205735
11.860176 42.822308 11.424972 1.058200 2.103529
11.870176 42.832878 11.444985 1.057142 2.001426
11.880177 42.843437 11.463980 1.056084 1.899424
11.890177 42.853989 11.481955 1.055028 1.797525
11.900177 42.864529 11.498912 1.053973 1.695727
11.910177 42.875057 11.514853 1.052919 1.594031
11.920177 42.885574 11.529777 1.051866 1.492437
11.930178 42.896084 11.543686 1.050815 1.390945
11.940178 42.906582 11.556581 1.049764 1.289554
11.950178 42.917068 11.568464 1.048714 1.188264
11.960178 42.927544 11.579335 1.047665 1.087076
11.970179 42.938011 11.589195 1.046618 .985989
11.980179 42.948467 11.598045 1.045571 .885003
11.990179 42.958912 11.605886 1.044525 .784118
12.000179 42.969345 11.612720 1.043481 .683334
12.010180 42.979771 11.618546 1.042437 .582651
12.020180 42.990185 11.623367 1.041395 .482068
12.030180 43.000587 11.627183 1.040354 .381586
12.040180 43.010979 11.629995 1.039313 .281204
12.050180 43.021362 11.631804 1.038274 .180923
12.060181 43.031734 11.632612 1.037236 .080742
12.070181 43.042095 11.632419 1.036198 -.019338
12.080181 43.052448 11.631226 1.035162 -.119319
12.090181 43.062790 11.629034 1.034127 -.219200
12.100182 43.073120 11.625844 1.033093 -.318981
12.110182 43.083439 11.621657 1.032060 -.418662
12.120182 43.093750 11.616475 1.031028 -.518243
12.130182 43.104050 11.610298 1.029997 -.617725
12.140182 43.114338 11.603127 1.028967 -.717107
12.150183 43.124619 11.594964 1.027938 -.816390
12.160183 43.134888 11.585809 1.026910 -.915574
12.170183 43.145145 11.575663 1.025883 -1.014658
12.180183 43.155396 11.564527 1.024857 -1.113643
12.190184 43.165634 11.552402 1.023832 -1.212530
12.200184 43.175861 11.539289 1.022808 -1.311317
12.210184 43.186081 11.525188 1.021785 -1.410006
12.220184 43.196289 11.510102 1.020764 -1.508596
12.230185 43.206486 11.494031 1.019743 -1.607087
12.240185 43.216675 11.476976 1.018723 -1.705480
12.250185 43.226852 11.458939 1.017704 -1.803775
12.260185 43.237019 11.439919 1.016687 -1.901971
12.270185 43.247177 11.419918 1.015670 -2.000069
12.280186 43.257324 11.398937 1.014654 -2.098069
12.290186 43.267460 11.376978 1.013640 -2.195971
12.300186 43.277588 11.354040 1.012626 -2.293775
12.310186 43.287704 11.330126 1.011613 -2.391481
12.320187 43.297810 11.305235 1.010602 -2.489089
12.330187 43.307907 11.279369 1.009591 -2.586600
12.340187 43.317993 11.252529 1.008581 -2.684014
12.350187 43.328068 11.224716 1.007573 -2.781330
12.360188 43.338135 11.195930 1.006565 -2.878548
12.370188 43.348190 11.166174 1.005559 -2.975670
12.380188 43.358234 11.135447 1.004553 -3.072694
12.390188 43.368271 11.103750 1.003549 -3.169622
12.400188 43.378296 11.071086 1.002545 -3.266452
12.410189 43.388309 11.037454 1.001542 -3.363186
12.420189 43.398315 11.002855 1.000541 -3.459822
12.430189 43.408310 10.967292 .999540 -3.556363
12.440189 43.418297 10.930764 .998541 -3.652806
12.450190 43.428272 10.893272 .997542 -3.749153
12.460190 43.438236 10.854818 .996545 -3.845404
12.470190 43.448193 10.815403 .995548 -3.941559
12.480190 43.458138 10.775027 .994553 -4.037617
12.490191 43.468075 10.733691 .993558 -4.133580
12.500191 43.478001 10.691397 .992564 -4.229446
12.510191 43.487915 10.648145 .991572 -4.325216
12.520191 43.497822 10.603936 .990580 -4.420891
12.530191 43.507717 10.558771 .989590 -4.516470
12.540192 43.517605 10.512651 .988600 -4.611954
12.550192 43.527481 10.465578 .987612 -4.707342
12.560192 43.537346 10.417552 .986624 -4.802634
12.570192 43.547203 10.368574 .985637 -4.897831
12.580193 43.557049 10.318645 .984652 -4.992934
12.590193 43.566887 10.267765 .983667 -5.087941
12.600193 43.576714 10.215937 .982683 -5.182853
12.610193 43.586529 10.163160 .981701 -5.277670
12.620193 43.596336 10.109436 .980719 -5.372392
12.630194 43.606133 10.054766 .979738 -5.467020
12.640194 43.615921 9.999150 .978759 -5.561553
12.650194 43.625698 9.942591 .977780 -5.655991
12.660194 43.635468 9.885087 .976802 -5.750335
12.670195 43.645226 9.826641 .975825 -5.844585
12.680195 43.654976 9.767254 .974849 -5.938740
12.690195 43.664715 9.706925 .973875 -6.032802
12.700195 43.674442 9.645658 .972901 -6.126769
12.710196 43.684162 9.583451 .971928 -6.220642
12.720196 43.693871 9.520307 .970956 -6.314422
12.730196 43.703571 9.456225 .969985 -6.408107
12.740196 43.713261 9.391209 .969015 -6.501699
12.750196 43.722942 9.325256 .968046 -6.595197
12.760197 43.732613 9.258370 .967078 -6.688602
12.770197 43.742275 9.190551 .966111 -6.781913
12.780197 43.751926 9.121799 .965145 -6.875132
12.790197 43.761570 9.052117 .964179 -6.968256
12.800198 43.771202 8.981504 .963215 -7.061288
12.810198 43.780823 8.909962 .962252 -7.154227
12.820198 43.790436 8.837491 .961290 -7.247073
12.830198 43.800037 8.764092 .960329 -7.339826
12.840199 43.809631 8.689768 .959368 -7.432486
12.850199 43.819214 8.614517 .958409 -7.525054
12.860199 43.828789 8.538342 .957450 -7.617528
12.870199 43.838352 8.461243 .956493 -7.709911
12.880199 43.847908 8.383221 .955536 -7.802201
12.890200 43.857452 8.304276 .954581 -7.894399
12.900200 43.866989 8.224411 .953626 -7.986504
12.910200 43.876514 8.143626 .952673 -8.078518
12.920200 43.886032 8.061922 .951720 -8.170440
12.930201 43.895538 7.979300 .950768 -8.262269
12.940201 43.905037 7.895760 .949818 -8.354007
12.950201 43.914524 7.811303 .948868 -8.445653
12.960201 43.924004 7.725931 .947919 -8.537208
12.970201 43.933472 7.639645 .946971 -8.628671
12.980202 43.942932 7.552444 .946024 -8.720042
12.990202 43.952381 7.464331 .945078 -8.811322
13.000202 43.961823 7.375306 .944133 -8.902511
13.010202 43.971256 7.285369 .943189 -8.993608
13.020203 43.980679 7.194523 .942246 -9.084615
13.030203 43.990093 7.102768 .941303 -9.175530
13.040203 43.999496 7.010104 .940362 -9.266355
13.050203 44.008892 6.916533 .939422 -9.357088
13.060204 44.018276 6.822056 .938482 -9.447731
13.070204 44.027653 6.726674 .937544 -9.538283
13.080204 44.037018 6.630386 .936606 -9.628745
13.090204 44.046375 6.533195 .935670 -9.719116
13.100204 44.055721 6.435101 .934734 -9.809397
13.110205 44.065060 6.336105 .933799 -9.899588
13.120205 44.074387 6.236208 .932866 -9.989688
13.130205 44.083706 6.135411 .931933 -10.079699
13.140205 44.093018 6.033715 .931001 -10.169619
13.150206 44.102318 5.931121 .930070 -10.259449
13.160206 44.111610 5.827629 .929140 -10.349190
13.170206 44.120892 5.723241 .928210 -10.438841
13.180206 44.130165 5.617957 .927282 -10.528402
13.190207 44.139427 5.511778 .926355 -10.617874
13.200207 44.148682 5.404706 .925429 -10.707256
13.210207 44.157928 5.296740 .924503 -10.796549
13.220207 44.167164 5.187882 .923579 -10.885753
13.230207 44.176392 5.078134 .922655 -10.974867
13.240208 44.185608 4.967494 .921732 -11.063892
13.250208 44.194817 4.855966 .920811 -11.152828
13.260208 44.204014 4.743549 .919890 -11.241675
13.270208 44.213203 4.630245 .918970 -11.330434
13.280209 44.222385 4.516054 .918051 -11.419104
13.290209 44.231556 4.400977 .917133 -11.507685
13.300209 44.240719 4.285016 .916216 -11.596177
13.310209 44.249870 4.168170 .915300 -11.684581
13.320210 44.259014 4.050441 .914384 -11.772896
13.330210 44.268150 3.931829 .913470 -11.861123
13.340210 44.277275 3.812337 .912556 -11.949262
13.350210 44.286392 3.691964 .911644 -12.037313
13.360210 44.295498 3.570711 .910732 -12.125276
13.370211 44.304596 3.448580 .909822 -12.213150
13.380211 44.313686 3.325570 .908912 -12.300937
13.390211 44.322765 3.201684 .908003 -12.388636
13.400211 44.331837 3.076921 .907095 -12.476247
13.410212 44.340900 2.951283 .906188 -12.563770
13.420212 44.349953 2.824771 .905281 -12.651207
13.430212 44.358997 2.697386 .904376 -12.738556
13.440212 44.368031 2.569128 .903472 -12.825817
13.450212 44.377056 2.439998 .902568 -12.912992
13.460213 44.386074 2.309997 .901666 -13.000078
13.470213 44.395081 2.179126 .900764 -13.087078
13.480213 44.404079 2.047386 .899863 -13.173991
13.490213 44.413071 1.914778 .898964 -13.260818
13.500214 44.422050 1.781302 .898065 -13.347557
13.510214 44.431023 1.646960 .897166 -13.434210
13.520214 44.439987 1.511753 .896269 -13.520776
13.530214 44.448940 1.375680 .895373 -13.607255
13.540215 44.457886 1.238744 .894478 -13.693647
13.550215 44.466820 1.100944 .893583 -13.779954
13.560215 44.475746 .962282 .892690 -13.866174
13.570215 44.484665 .822759 .891797 -13.952308
13.580215 44.493572 .682376 .890905 -14.038356
13.590216 44.502472 .541133 .890014 -14.124317
13.600216 44.511364 .399031 .889124 -14.210193
13.610216 44.520245 .256071 .888235 -14.295982
13.620216 44.529118 .112254 .887347 -14.381686
13.630217 44.537983 .032419 .620522 10.127113
13.640217 44.544182 .132589 .619901 10.016986
13.650217 44.550373 .231659 .619281 9.906969
13.660217 44.556561 .329629 .618662 9.797062
13.670218 44.562740 .426502 .618043 9.687264
13.680218 44.568916 .522278 .617425 9.577578
13.690218 44.575085 .616958 .616808 9.468000
13.700218 44.581245 .710543 .616191 9.358532
13.710218 44.587402 .803035 .615575 9.249173
13.720219 44.593552 .894434 .614959 9.139924
13.730219 44.599693 .984742 .614344 9.030785
13.740219 44.605831 1.073959 .613730 8.921754
13.750219 44.611961 1.162088 .613116 8.812832
13.760220 44.618088 1.249128 .612503 8.704019
13.770220 44.624207 1.335081 .611891 8.595315
13.780220 44.630318 1.419948 .611279 8.486720
13.790220 44.636425 1.503730 .610667 8.378233
13.800220 44.642525 1.586429 .610057 8.269855
13.810221 44.648621 1.668045 .609447 8.161585
13.820221 44.654709 1.748579 .608837 8.053423
13.830221 44.660789 1.828033 .608228 7.945370
13.840221 44.666866 1.906407 .607620 7.837424
13.850222 44.672935 1.983703 .607013 7.729587
13.860222 44.679001 2.059922 .606405 7.621858
13.870222 44.685059 2.135064 .605799 7.514236
13.880222 44.691109 2.209131 .605193 7.406722
13.890223 44.697155 2.282124 .604588 7.299315
13.900223 44.703194 2.354044 .603984 7.192016
13.910223 44.709229 2.424892 .603380 7.084824
13.920223 44.715256 2.494670 .602776 6.977739
13.930223 44.721279 2.563378 .602173 6.870761
13.940224 44.727295 2.631016 .601571 6.763890
13.950224 44.733303 2.697588 .600970 6.657126
13.960224 44.739307 2.763093 .600369 6.550469
13.970224 44.745304 2.827532 .599768 6.443919
13.980225 44.751297 2.890907 .599168 6.337475
13.990225 44.757282 2.953218 .598569 6.231137
14.000225 44.763264 3.014467 .597971 6.124906
14.010225 44.769238 3.074655 .597373 6.018781
14.020226 44.775204 3.133782 .596775 5.912763
14.030226 44.781166 3.191851 .596179 5.806850
14.040226 44.787121 3.248861 .595583 5.701043
14.050226 44.793072 3.304815 .594987 5.595342
14.060226 44.799015 3.359712 .594392 5.489747
14.070227 44.804955 3.413555 .593798 5.384257
14.080227 44.810886 3.466344 .593204 5.278873
14.090227 44.816811 3.518080 .592611 5.173594
14.100227 44.822731 3.568764 .592018 5.068420
14.110228 44.828644 3.618397 .591426 4.963352
14.120228 44.834553 3.666981 .590835 4.858389
14.130228 44.840454 3.714517 .590244 4.753531
14.140228 44.846352 3.761004 .589654 4.648777
14.150229 44.852242 3.806446 .589064 4.544128
14.160229 44.858128 3.850842 .588475 4.439584
14.170229 44.864006 3.894193 .587886 4.335145
14.180229 44.869881 3.936501 .587298 4.230809
14.190229 44.875748 3.977767 .586711 4.126578
14.200230 44.881607 4.017992 .586124 4.022452
14.210230 44.887463 4.057176 .585538 3.918429
14.220230 44.893311 4.095321 .584953 3.814511
14.230230 44.899155 4.132428 .584368 3.710696
14.240231 44.904991 4.168498 .583783 3.606986
14.250231 44.910824 4.203531 .583200 3.503379
14.260231 44.916649 4.237530 .582617 3.399875
14.270231 44.922470 4.270495 .582034 3.296475
14.280231 44.928284 4.302427 .581452 3.193179
14.290232 44.934093 4.333327 .580870 3.089986
14.300232 44.939896 4.363196 .580290 2.986896
14.310232 44.945694 4.392035 .579709 2.883909
14.320232 44.951485 4.419845 .579130 2.781025
14.330233 44.957272 4.446628 .578550 2.678244
14.340233 44.963051 4.472383 .577972 2.575566
14.350233 44.968826 4.497113 .577394 2.472990
14.360233 44.974594 4.520818 .576816 2.370517
14.370234 44.980358 4.543499 .576240 2.268147
14.380234 44.986115 4.565158 .575663 2.165878
14.390234 44.991867 4.585795 .575088 2.063712
14.400234 44.997612 4.605412 .574513 1.961649
14.410234 45.003353 4.624009 .573938 1.859687
14.420235 45.009087 4.641587 .573364 1.757827
14.430235 45.014816 4.658147 .572791 1.656070
14.440235 45.020538 4.673691 .572218 1.554413
14.450235 45.026257 4.688220 .571646 1.452859
14.460236 45.031967 4.701734 .571074 1.351406
14.470236 45.037674 4.714235 .570503 1.250055
14.480236 45.043373 4.725723 .569933 1.148805
14.490236 45.049068 4.736199 .569363 1.047656
14.500237 45.054756 4.745666 .568793 .946608
14.510237 45.060440 4.754122 .568225 .845662
14.520237 45.066116 4.761570 .567656 .744816
14.530237 45.071789 4.768011 .567089 .644071
14.540237 45.077454 4.773445 .566522 .543427
14.550238 45.083115 4.777874 .565955 .442884
14.560238 45.088768 4.781299 .565389 .342441
14.570238 45.094418 4.783720 .564824 .242098
14.580238 45.100060 4.785138 .564259 .141856
14.590239 45.105698 4.785555 .563695 .041714
14.600239 45.111328 4.784972 .563131 -.058327
14.610239 45.116955 4.783390 .562568 -.158269
14.620239 45.122574 4.780808 .562005 -.258111
14.630239 45.128189 4.777230 .561443 -.357853
14.640240 45.133797 4.772655 .560882 -.457495
14.650240 45.139400 4.767085 .560321 -.557037
14.660240 45.144997 4.760520 .559761 -.656480
14.670240 45.150589 4.752962 .559201 -.755824
14.680241 45.156174 4.744411 .558642 -.855068
14.690241 45.161755 4.734869 .558083 -.954213
14.700241 45.167332 4.724337 .557525 -1.053259
14.710241 45.172901 4.712815 .556967 -1.152205
14.720242 45.178467 4.700305 .556410 -1.251053
14.730242 45.184025 4.686807 .555854 -1.349802
14.740242 45.189579 4.672322 .555298 -1.448452
14.750242 45.195126 4.656852 .554743 -1.547004
14.760242 45.200668 4.640398 .554188 -1.645457
14.770243 45.206203 4.622960 .553634 -1.743811
14.780243 45.211735 4.604539 .553080 -1.842067
14.790243 45.217258 4.585137 .552527 -1.940225
14.800243 45.222778 4.564754 .551975 -2.038285
14.810244 45.228294 4.543392 .551423 -2.136247
14.820244 45.233803 4.521050 .550871 -2.234111
14.830244 45.239307 4.497732 .550321 -2.331877
14.840244 45.244804 4.473436 .549770 -2.429545
14.850245 45.250298 4.448165 .549220 -2.527115
14.860245 45.255783 4.421919 .548671 -2.624588
14.870245 45.261265 4.394700 .548123 -2.721963
14.880245 45.266739 4.366507 .547574 -2.819242
14.890245 45.272209 4.337343 .547027 -2.916422
14.900246 45.277676 4.307208 .546480 -3.013506
14.910246 45.283134 4.276103 .545933 -3.110492
14.920246 45.288589 4.244029 .545387 -3.207382
14.930246 45.294037 4.210987 .544842 -3.304175
14.940247 45.299480 4.176978 .544297 -3.400871
14.950247 45.304916 4.142004 .543753 -3.497470
14.960247 45.310349 4.106064 .543209 -3.593972
14.970247 45.315777 4.069160 .542666 -3.690378
14.980247 45.321198 4.031293 .542123 -3.786688
14.990248 45.326614 3.992464 .541581 -3.882901
15.000248 45.332024 3.952674 .541040 -3.979018
15.010248 45.337429 3.911923 .540498 -4.075039
15.020248 45.342827 3.870214 .539958 -4.170964
15.030249 45.348221 3.827546 .539418 -4.266793
15.040249 45.353611 3.783920 .538879 -4.362526
15.050249 45.358994 3.739339 .538340 -4.458164
15.060249 45.364372 3.693802 .537801 -4.553706
15.070250 45.369743 3.647310 .537264 -4.649152
15.080250 45.375111 3.599865 .536726 -4.744503
15.090250 45.380474 3.551467 .536190 -4.839758
15.100250 45.385830 3.502118 .535653 -4.934918
15.110250 45.391182 3.451818 .535118 -5.029984
15.120251 45.396526 3.400569 .534583 -5.124954
15.130251 45.401867 3.348371 .534048 -5.219829
15.140251 45.407204 3.295225 .533514 -5.314609
15.150251 45.412533 3.241132 .532980 -5.409294
15.160252 45.417858 3.186093 .532447 -5.503885
15.170252 45.423176 3.130109 .531915 -5.598381
15.180252 45.428490 3.073181 .531383 -5.692783
15.190252 45.433800 3.015310 .530852 -5.787090
15.200253 45.439102 2.956497 .530321 -5.881303
15.210253 45.444401 2.896743 .529791 -5.975422
15.220253 45.449692 2.836049 .529261 -6.069447
15.230253 45.454979 2.774415 .528731 -6.163377
15.240253 45.460262 2.711843 .528203 -6.257214
15.250254 45.465538 2.648333 .527674 -6.350957
15.260254 45.470810 2.583887 .527147 -6.444606
15.270254 45.476078 2.518506 .526620 -6.538161
15.280254 45.481339 2.452189 .526093 -6.631623
15.290255 45.486595 2.384939 .525567 -6.724992
15.300255 45.491844 2.316757 .525041 -6.818267
15.310255 45.497089 2.247642 .524516 -6.911448
15.320255 45.502331 2.177597 .523992 -7.004537
15.330256 45.507565 2.106622 .523468 -7.097533
15.340256 45.512794 2.034717 .522944 -7.190435
15.350256 45.518017 1.961885 .522421 -7.283245
15.360256 45.523235 1.888125 .521899 -7.375962
15.370256 45.528450 1.813439 .521377 -7.468586
15.380257 45.533657 1.737828 .520856 -7.561117
15.390257 45.538860 1.661292 .520335 -7.653556
15.400257 45.544060 1.583833 .519814 -7.745903
15.410257 45.549252 1.505452 .519295 -7.838157
15.420258 45.554440 1.426149 .518775 -7.930318
15.430258 45.559624 1.345925 .518257 -8.022388
15.440258 45.564800 1.264781 .517738 -8.114367
15.450258 45.569973 1.182719 .517221 -8.206252
15.460258 45.575142 1.099738 .516703 -8.298046
15.470259 45.580303 1.015841 .516187 -8.389748
15.480259 45.585461 .931027 .515670 -8.481358
15.490259 45.590611 .845298 .515155 -8.572876
15.500259 45.595757 .758655 .514640 -8.664303
15.510260 45.600899 .671099 .514125 -8.755638
15.520260 45.606033 .582630 .513611 -8.846883
15.530260 45.611164 .493250 .513097 -8.938036
15.540260 45.616291 .402959 .512584 -9.029098
15.550261 45.621410 .311758 .512072 -9.120069
15.560261 45.626526 .219649 .511559 -9.210949
15.570261 45.631638 .126631 .511048 -9.301738
15.580261 45.636742 .032707 .510537 -9.392436
15.590261 45.641842 .062123 .357018 6.638130
15.600262 45.645409 .127438 .356661 6.531492
15.610262 45.648972 .191688 .356305 6.424961
15.620262 45.652531 .254873 .355948 6.318536
15.630262 45.656086 .316996 .355592 6.212217
15.640263 45.659637 .378056 .355237 6.106005
15.650263 45.663185 .438055 .354882 5.999899
15.660263 45.666729 .496994 .354527 5.893899
15.670263 45.670269 .554874 .354172 5.788005
15.680264 45.673809 .611696 .353818 5.682217
15.690264 45.677345 .667461 .353464 5.576535
15.700264 45.680878 .722171 .353111 5.470958
15.710264 45.684406 .775826 .352758 5.365487
15.720264 45.687931 .828427 .352405 5.260122
15.730265 45.691452 .879975 .352052 5.154862
15.740265 45.694969 .930472 .351700 5.049707
15.750265 45.698483 .979919 .351349 4.944657
15.760265 45.701992 1.028316 .350997 4.839713
15.770266 45.705498 1.075665 .350646 4.734873
15.780266 45.709000 1.121966 .350296 4.630138
15.790266 45.712498 1.167221 .349945 4.525508
15.800266 45.715992 1.211431 .349595 4.420982
15.810266 45.719486 1.254597 .349246 4.316561
15.820267 45.722977 1.296719 .348897 4.212245
15.830267 45.726463 1.337800 .348548 4.108032
15.840267 45.729946 1.377839 .348199 4.003924
15.850267 45.733425 1.416838 .347851 3.899920
15.860268 45.736900 1.454798 .347503 3.796021
15.870268 45.740372 1.491720 .347156 3.692225
15.880268 45.743839 1.527606 .346808 3.588532
15.890268 45.747303 1.562455 .346462 3.484944
15.900269 45.750763 1.596270 .346115 3.381459
15.910269 45.754219 1.629050 .345769 3.278077
15.920269 45.757675 1.660798 .345423 3.174799
15.930269 45.761127 1.691515 .345078 3.071625
15.940269 45.764576 1.721200 .344733 2.968553
15.950270 45.768021 1.749856 .344388 2.865584
15.960270 45.771461 1.777483 .344044 2.762719
15.970270 45.774899 1.804083 .343700 2.659956
15.980270 45.778332 1.829656 .343356 2.557296
15.990271 45.781761 1.854203 .343013 2.454739
16.000271 45.785187 1.877726 .342670 2.352284
16.010271 45.788609 1.900225 .342327 2.249932
16.020271 45.792027 1.921702 .341985 2.147682
16.030272 45.795444 1.942158 .341643 2.045534
16.040272 45.798859 1.961593 .341301 1.943489
16.050272 45.802269 1.980008 .340960 1.841545
16.060272 45.805676 1.997405 .340619 1.739704
16.070272 45.809078 2.013785 .340278 1.637964
16.080273 45.812477 2.029148 .339938 1.536326
16.090273 45.815872 2.043496 .339598 1.434790
16.100273 45.819263 2.056829 .339258 1.333355
16.110273 45.822651 2.069149 .338919 1.232022
16.120274 45.826038 2.080457 .338580 1.130790
16.130274 45.829422 2.090754 .338241 1.029659
16.140274 45.832802 2.100040 .337903 .928629
16.150274 45.836178 2.108317 .337565 .827701
16.160275 45.839550 2.115586 .337228 .726873
16.170275 45.842918 2.121847 .336891 .626146
16.180275 45.846283 2.127103 .336554 .525520
16.190275 45.849644 2.131353 .336217 .424994
16.200275 45.853001 2.134598 .335881 .324569
16.210276 45.856358 2.136841 .335545 .224245
16.220276 45.859711 2.138081 .335209 .124021
16.230276 45.863060 2.138320 .334874 .023897
16.240276 45.866405 2.137559 .334539 -.076127
16.250277 45.869747 2.135798 .334205 -.176051
16.260277 45.873085 2.133039 .333871 -.275875
16.270277 45.876419 2.129283 .333537 -.375599
16.280277 45.879749 2.124531 .333203 -.475224
16.290277 45.883080 2.118784 .332870 -.574749
16.300278 45.886406 2.112042 .332537 -.674174
16.310278 45.889729 2.104307 .332205 -.773500
16.320278 45.893047 2.095580 .331872 -.872726
16.330278 45.896362 2.085861 .331541 -.971853
16.340279 45.899673 2.075152 .331209 -1.070881
16.350279 45.902981 2.063454 .330878 -1.169811
16.360279 45.906288 2.050768 .330547 -1.268641
16.370279 45.909592 2.037094 .330216 -1.367372
16.380280 45.912891 2.022434 .329886 -1.466005
16.390280 45.916187 2.006788 .329556 -1.564539
16.400280 45.919479 1.990159 .329227 -1.662974
16.410280 45.922768 1.972546 .328897 -1.761311
16.420280 45.926052 1.953950 .328569 -1.859550
16.430281 45.929333 1.934373 .328240 -1.957690
16.440281 45.932613 1.913816 .327912 -2.055733
16.450281 45.935890 1.892279 .327584 -2.153677
16.460281 45.939163 1.869764 .327256 -2.251523
16.470282 45.942432 1.846271 .326929 -2.349272
16.480282 45.945698 1.821802 .326602 -2.446923
16.490282 45.948959 1.796357 .326275 -2.544476
16.500282 45.952217 1.769938 .325949 -2.641931
16.510283 45.955475 1.742545 .325623 -2.739289
16.520283 45.958729 1.714180 .325298 -2.836550
16.530283 45.961979 1.684842 .324972 -2.933713
16.540283 45.965225 1.654535 .324647 -3.030779
16.550283 45.968468 1.623257 .324323 -3.127748
16.560284 45.971706 1.591011 .323998 -3.224621
16.570284 45.974941 1.557797 .323674 -3.321396
16.580284 45.978176 1.523616 .323351 -3.418075
16.590284 45.981407 1.488470 .323027 -3.514657
16.600285 45.984634 1.452358 .322704 -3.611142
16.610285 45.987858 1.415283 .322382 -3.707531
16.620285 45.991077 1.377245 .322059 -3.803823
16.630285 45.994293 1.338244 .321737 -3.900019
16.640285 45.997509 1.298283 .321415 -3.996119
16.650286 46.000721 1.257362 .321094 -4.092124
16.660286 46.003929 1.215482 .320773 -4.188031
16.670286 46.007133 1.172643 .320452 -4.283843
16.680286 46.010334 1.128848 .320132 -4.379559
16.690287 46.013531 1.084096 .319812 -4.475180
16.700287 46.016727 1.038389 .319492 -4.570704
16.710287 46.019920 .991728 .319172 -4.666134
16.720287 46.023109 .944113 .318853 -4.761468
16.730288 46.026295 .895546 .318534 -4.856707
16.740288 46.029476 .846027 .318216 -4.951850
16.750288 46.032654 .795558 .317897 -5.046898
16.760288 46.035831 .744140 .317580 -5.141851
16.770288 46.039005 .691773 .317262 -5.236709
16.780289 46.042175 .638458 .316945 -5.331472
16.790289 46.045341 .584197 .316628 -5.426141
16.800289 46.048504 .528990 .316311 -5.520715
16.810289 46.051662 .472838 .315995 -5.615194
16.820290 46.054821 .415742 .315679 -5.709579
16.830290 46.057976 .357703 .315363 -5.803869
16.840290 46.061127 .298723 .315048 -5.898065
16.850290 46.064274 .238801 .314733 -5.992167
16.860291 46.067417 .177939 .314418 -6.086175
16.870291 46.070557 .116138 .314104 -6.180089
16.880291 46.073696 .053399 .313790 -6.273909
16.890291 46.076832 .010277 .219433 4.457345
16.900291 46.079025 .053806 .219214 4.352887
16.910292 46.081215 .096291 .218994 4.248534
16.920292 46.083405 .137734 .218775 4.144286
16.930292 46.085590 .178136 .218557 4.040142
16.940292 46.087772 .217497 .218338 3.936101
16.950293 46.089954 .255818 .218120 3.832165
16.960293 46.092133 .293102 .217902 3.728333
16.970293 46.094311 .329348 .217684 3.624605
16.980293 46.096485 .364558 .217466 3.520980
16.990294 46.098660 .398732 .217249 3.417459
17.000294 46.100830 .431873 .217031 3.314042
17.010294 46.102997 .463980 .216814 3.210728
17.020294 46.105164 .495055 .216597 3.107517
17.030294 46.107327 .525099 .216381 3.004410
17.040295 46.109489 .554113 .216164 2.901405
17.050295 46.111649 .582098 .215948 2.798504
17.060295 46.113808 .609055 .215732 2.695705
17.070295 46.115963 .634985 .215517 2.593010
17.080296 46.118114 .659890 .215301 2.490417
17.090296 46.120266 .683769 .215086 2.387926
17.100296 46.122414 .706624 .214871 2.285538
17.110296 46.124561 .728457 .214656 2.183253
17.120296 46.126705 .749267 .214441 2.081069
17.130297 46.128849 .769057 .214227 1.978988
17.140297 46.130989 .787827 .214012 1.877009
17.150297 46.133125 .805579 .213798 1.775132
17.160297 46.135262 .822312 .213585 1.673357
17.170298 46.137394 .838029 .213371 1.571684
17.180298 46.139526 .852730 .213158 1.470112
17.190298 46.141655 .866417 .212945 1.368642
17.200298 46.143784 .879089 .212732 1.267273
17.210299 46.145908 .890750 .212519 1.166006
17.220299 46.148033 .901398 .212306 1.064840
17.230299 46.150154 .911036 .212094 .963775
17.240299 46.152271 .919664 .211882 .862812
17.250299 46.154388 .927283 .211670 .761949
17.260300 46.156502 .933895 .211458 .661187
17.270300 46.158615 .939501 .211247 .560526
17.280300 46.160725 .944100 .211036 .459965
17.290300 46.162834 .947695 .210825 .359505
17.300301 46.164940 .950287 .210614 .259146
17.310301 46.167046 .951876 .210403 .158887
17.320301 46.169147 .952463 .210193 .058728
17.330301 46.171246 .952049 .209983 -.041331
17.340302 46.173344 .950637 .209773 -.141290
17.350302 46.175438 .948225 .209563 -.241148
17.360302 46.177532 .944816 .209353 -.340907
17.370302 46.179623 .940410 .209144 -.440566
17.380302 46.181713 .935009 .208935 -.540126
17.390303 46.183800 .928613 .208726 -.639586
17.400303 46.185886 .921224 .208517 -.738946
17.410303 46.187969 .912842 .208309 -.838207
17.420303 46.190052 .903468 .208100 -.937369
17.430304 46.192131 .893104 .207892 -1.036432
17.440304 46.194206 .881750 .207684 -1.135395
17.450304 46.196281 .869407 .207477 -1.234260
17.460304 46.198353 .856077 .207269 -1.333025
17.470304 46.200424 .841760 .207062 -1.431692
17.480305 46.202492 .826457 .206855 -1.530261
17.490305 46.204559 .810170 .206648 -1.628731
17.500305 46.206623 .792899 .206441 -1.727102
17.510305 46.208687 .774645 .206235 -1.825375
17.520306 46.210747 .755410 .206029 -1.923549
17.530306 46.212807 .735193 .205823 -2.021626
17.540306 46.214863 .713997 .205617 -2.119604
17.550306 46.216915 .691823 .205411 -2.217484
17.560307 46.218967 .668670 .205206 -2.315267
17.570307 46.221016 .644540 .205001 -2.412952
17.580307 46.223064 .619435 .204796 -2.510539
17.590307 46.225109 .593355 .204591 -2.608028
17.600307 46.227154 .566301 .204386 -2.705420
17.610308 46.229195 .538274 .204182 -2.802715
17.620308 46.231236 .509274 .203978 -2.899912
17.630308 46.233273 .479304 .203774 -2.997012
17.640308 46.235310 .448364 .203570 -3.094015
17.650309 46.237343 .416455 .203366 -3.190921
17.660309 46.239376 .383578 .203163 -3.287730
17.670309 46.241405 .349733 .202960 -3.384442
17.680309 46.243435 .314923 .202757 -3.481058
17.690310 46.245461 .279147 .202554 -3.577577
17.700310 46.247482 .242407 .202352 -3.673999
17.710310 46.249504 .204704 .202149 -3.770325
17.720310 46.251522 .166038 .201947 -3.866555
17.730310 46.253540 .126411 .201745 -3.962688
17.740311 46.255554 .085824 .201543 -4.058725
17.750311 46.257568 .044277 .201342 -4.154666
17.760311 46.259579 .001772 .201140 -4.250512
17.770311 46.261589 .041690 .140658 3.042383
17.780312 46.262993 .071084 .140517 2.939340
17.790312 46.264397 .099448 .140376 2.836401
17.800312 46.265800 .126783 .140236 2.733565
17.810312 46.267200 .153092 .140096 2.630831
17.820312 46.268600 .178374 .139956 2.528200
17.830313 46.270000 .202630 .139816 2.425672
17.840313 46.271397 .225863 .139676 2.323246
17.850313 46.272793 .248072 .139536 2.220923
17.860313 46.274185 .269259 .139397 2.118702
17.870314 46.275578 .289425 .139257 2.016583
17.880314 46.276970 .308571 .139118 1.914567
17.890314 46.278358 .326697 .138979 1.812652
17.900314 46.279747 .343806 .138840 1.710840
17.910315 46.281136 .359897 .138701 1.609129
17.920315 46.282520 .374972 .138562 1.507520
17.930315 46.283905 .389032 .138424 1.406012
17.940315 46.285290 .402078 .138285 1.304606
17.950315 46.286671 .414111 .138147 1.203302
17.960316 46.288052 .425132 .138009 1.102098
17.970316 46.289429 .435142 .137871 1.000996
17.980316 46.290806 .444142 .137733 .899995
17.990316 46.292183 .452133 .137595 .799095
18.000317 46.293556 .459116 .137458 .698296
18.010317 46.294930 .465092 .137320 .597598
18.020317 46.296303 .470062 .137183 .497000
18.030317 46.297672 .474027 .137046 .396503
18.040318 46.299042 .476988 .136909 .296107
18.050318 46.300411 .478946 .136772 .195811
18.060318 46.301777 .479902 .136635 .095615
18.070318 46.303143 .479858 .136498 -.004481
18.080318 46.304504 .478813 .136362 -.104476
18.090319 46.305866 .476769 .136226 -.204372
18.100319 46.307228 .473727 .136089 -.304167
18.110319 46.308586 .469689 .135953 -.403863
18.120319 46.309944 .464654 .135817 -.503459
18.130320 46.311302 .458625 .135681 -.602956
18.140320 46.312656 .451601 .135546 -.702353
18.150320 46.314011 .443585 .135410 -.801651
18.160320 46.315365 .434576 .135275 -.900849
18.170321 46.316715 .424577 .135140 -.999948
18.180321 46.318066 .413587 .135004 -1.098948
18.190321 46.319416 .401609 .134869 -1.197849
18.200321 46.320763 .388642 .134735 -1.296651
18.210321 46.322109 .374689 .134600 -1.395355
18.220322 46.323452 .359749 .134465 -1.493959
18.230322 46.324795 .343824 .134331 -1.592466
18.240322 46.326138 .326916 .134196 -1.690873
18.250322 46.327477 .309024 .134062 -1.789182
18.260323 46.328815 .290150 .133928 -1.887393
18.270323 46.330154 .270295 .133794 -1.985506
18.280323 46.331490 .249460 .133660 -2.083520
18.290323 46.332825 .227645 .133527 -2.181437
18.300323 46.334160 .204853 .133393 -2.279255
18.310324 46.335491 .181083 .133260 -2.376976
18.320324 46.336823 .156337 .133127 -2.474599
18.330324 46.338154 .130616 .132993 -2.572124
18.340324 46.339481 .103920 .132860 -2.669552
18.350325 46.340809 .076251 .132728 -2.766883
18.360325 46.342136 .047610 .132595 -2.864116
18.370325 46.343460 .017998 .132462 -2.961251
18.380325 46.344784 .012585 .092631 2.140803
18.390326 46.345711 .032972 .092538 2.038662
18.400326 46.346634 .052338 .092446 1.936624
18.410326 46.347557 .070685 .092353 1.834687
18.420326 46.348480 .088013 .092261 1.732852
18.430326 46.349403 .104325 .092169 1.631119
18.440327 46.350323 .119620 .092076 1.529488
18.450327 46.351242 .133899 .091984 1.427959
18.460327 46.352161 .147164 .091892 1.326531
18.470327 46.353081 .159416 .091801 1.225204
18.480328 46.353996 .170656 .091709 1.123979
18.490328 46.354912 .180885 .091617 1.022855
18.500328 46.355827 .190103 .091525 .921832
18.510328 46.356743 .198312 .091434 .820911
18.520329 46.357655 .205513 .091342 .720090
18.530329 46.358566 .211707 .091251 .619370
18.540329 46.359478 .216894 .091160 .518750
18.550329 46.360390 .221077 .091069 .418231
18.560329 46.361298 .224255 .090978 .317813
18.570330 46.362206 .226430 .090887 .217495
18.580330 46.363113 .227602 .090796 .117278
18.590330 46.364021 .227774 .090705 .017161
18.600330 46.364929 .226946 .090614 -.082857
18.610331 46.365833 .225118 .090524 -.182774
18.620331 46.366737 .222292 .090433 -.282591
18.630331 46.367641 .218469 .090343 -.382308
18.640331 46.368546 .213650 .090252 -.481926
18.650331 46.369446 .207835 .090162 -.581444
18.660332 46.370346 .201026 .090072 -.680863
18.670332 46.371246 .193225 .089982 -.780182
18.680332 46.372147 .184431 .089892 -.879402
18.690332 46.373043 .174645 .089802 -.978522
18.700333 46.373940 .163870 .089712 -1.077544
18.710333 46.374836 .152105 .089622 -1.176466
18.720333 46.375732 .139352 .089533 -1.275290
18.730333 46.376625 .125612 .089443 -1.374014
18.740334 46.377518 .110886 .089354 -1.472640
18.750334 46.378410 .095174 .089265 -1.571168
18.760334 46.379303 .078478 .089175 -1.669597
18.770334 46.380196 .060799 .089086 -1.767927
18.780334 46.381084 .042137 .088997 -1.866159
18.790335 46.381973 .022494 .088908 -1.964293
18.800335 46.382862 .001871 .088819 -2.062329
18.810335 46.383751 .019731 .062111 1.512186
18.820335 46.384373 .033838 .062049 1.410674
18.830336 46.384991 .046931 .061987 1.309263
18.840336 46.385609 .059010 .061925 1.207954
18.850336 46.386227 .070078 .061863 1.106746
18.860336 46.386845 .080134 .061801 1.005639
18.870337 46.387463 .089181 .061739 .904634
18.880337 46.388081 .097218 .061678 .803729
18.890337 46.388699 .104247 .061616 .702925
18.900337 46.389313 .110269 .061554 .602223
18.910337 46.389927 .115286 .061493 .501620
18.920338 46.390541 .119297 .061431 .401119
18.930338 46.391155 .122304 .061370 .300718
18.940338 46.391769 .124308 .061309 .200417
18.950338 46.392384 .125310 .061247 .100216
18.960339 46.392994 .125311 .061186 .000116
18.970339 46.393604 .124313 .061125 -.099884
18.980339 46.394215 .122315 .061064 -.199784
18.990339 46.394825 .119319 .061003 -.299584
19.000340 46.395435 .115326 .060942 -.399285
19.010340 46.396046 .110337 .060881 -.498885
19.020340 46.396652 .104353 .060820 -.598386
19.030340 46.397259 .097375 .060759 -.697788
19.040340 46.397865 .089405 .060698 -.797090
19.050341 46.398472 .080442 .060638 -.896293
19.060341 46.399078 .070488 .060577 -.995397
19.070341 46.399685 .059544 .060516 -1.094401
19.080341 46.400288 .047611 .060456 -1.193307
19.090342 46.400890 .034689 .060395 -1.292114
19.100342 46.401493 .020781 .060335 -1.390822
19.110342 46.402096 .005887 .060275 -1.489431
19.120342 46.402699 .009993 .042150 1.111559
19.130342 46.403118 .020097 .042108 1.010448
19.140343 46.403538 .029191 .042066 .909437
19.150343 46.403957 .037277 .042024 .808528
19.160343 46.404377 .044354 .041982 .707719
19.170343 46.404797 .050424 .041940 .607011
19.180344 46.405216 .055488 .041898 .506404
19.190344 46.405636 .059547 .041856 .405898
19.200344 46.406055 .062602 .041814 .305492
19.210344 46.406475 .064654 .041772 .205187
19.220345 46.406891 .065704 .041730 .104981
19.230345 46.407307 .065752 .041689 .004876
19.240345 46.407722 .064801 .041647 -.095128
19.250345 46.408138 .062851 .041605 -.195033
19.260345 46.408554 .059902 .041564 -.294838
19.270346 46.408970 .055957 .041522 -.394543
19.280346 46.409386 .051015 .041481 -.494149
19.290346 46.409801 .045079 .041439 -.593655
19.300346 46.410217 .038148 .041398 -.693061
19.310347 46.410629 .030225 .041356 -.792368
19.320347 46.411041 .021309 .041315 -.891576
19.330347 46.411453 .011402 .041274 -.990684
19.340347 46.411865 .000505 .041232 -1.089693
19.350348 46.412277 .011381 .028834 .832023
19.360348 46.412567 .018693 .028805 .731191
19.370348 46.412853 .024997 .028776 .630459
19.380348 46.413139 .030296 .028747 .529829
19.390348 46.413425 .034589 .028719 .429299
19.400349 46.413712 .037877 .028690 .328870
19.410349 46.413998 .040163 .028661 .228541
19.420349 46.414284 .041446 .028633 .128312
19.430349 46.414570 .041728 .028604 .028184
19.440350 46.414856 .041009 .028575 -.071844
19.450350 46.415142 .039292 .028547 -.171772
19.460350 46.415428 .036576 .028518 -.271600
19.470350 46.415714 .032862 .028490 -.371329
19.480350 46.416000 .028153 .028461 -.470958
19.490351 46.416286 .022448 .028433 -.570487
19.500351 46.416569 .015749 .028404 -.669916
19.510351 46.416851 .008056 .028376 -.769246
19.520351 46.417133 .000628 .019843 .607934
19.530352 46.417332 .005702 .019823 .507326
19.540352 46.417530 .009770 .019804 .406819
19.550352 46.417728 .012834 .019784 .306412
19.560352 46.417927 .014895 .019764 .206105
19.570353 46.418125 .015954 .019744 .105899
19.580353 46.418324 .016012 .019725 .005793
19.590353 46.418522 .015070 .019705 -.094212
19.600353 46.418720 .013129 .019685 -.194118
19.610353 46.418919 .010189 .019665 -.293924
19.620354 46.419117 .006253 .019646 -.393630
19.630354 46.419312 .001321 .019626 -.493237
19.640354 46.419506 .004607 .013725 .414920
19.650354 46.419643 .007752 .013711 .314505
19.660355 46.419781 .009894 .013697 .214191
19.670355 46.419918 .011033 .013683 .113977
19.680355 46.420055 .011172 .013670 .013863
19.690355 46.420193 .010310 .013656 -.086151
19.700356 46.420330 .008450 .013642 -.186065
19.710356 46.420467 .005591 .013629 -.285879
19.720356 46.420605 .001735 .013615 -.385593
19.730356 46.420742 .003117 .009521 .339645
19.740356 46.420837 .005510 .009512 .239306
19.750357 46.420933 .006901 .009502 .139066
19.760357 46.421028 .007290 .009493 .038927
19.770357 46.421124 .006679 .009483 -.061112
19.780357 46.421219 .005068 .009474 -.161051
19.790358 46.421314 .002459 .009464 -.260890
19.800358 46.421410 .001147 .006618 .252440
19.810358 46.421474 .002669 .006612 .152188
19.820358 46.421539 .003189 .006605 .052035
19.830359 46.421604 .002709 .006598 -.048017
19.840359 46.421669 .001229 .006592 -.147969
19.850359 46.421734 .001249 .004610 .173474
19.860359 46.421780 .001982 .004605 .073301
19.870359 46.421825 .001714 .004600 -.026772
19.880360 46.421871 .000447 .004596 -.126746
19.890360 46.421917 .001819 .003214 .158633
19.900360 46.421947 .002404 .003211 .058475
19.910360 46.421978 .001988 .003207 -.041584
19.920361 46.422009 .000573 .003204 -.141542
19.930361 46.422039 .001841 .002241 .168981
19.940361 46.422062 .002529 .002238 .068812
19.950361 46.422085 .002217 .002236 -.031257
19.960361 46.422108 .000904 .002234 -.131226
19.970362 46.422131 .001407 .001562 .161766
19.980362 46.422146 .002023 .001561 .061605
19.990362 46.422161 .001638 .001559 -.038457
20.000362 46.422176 .000254 .001558 -.138419
20.010363 46.422192 .002129 .001089 .166796
20.020363 46.422203 .002795 .001088 .066629
20.030363 46.422215 .002461 .001087 -.033437
20.040363 46.422226 .001127 .001086 -.133404
20.050364 46.422237 .001206 .000759 .163289
20.060364 46.422245 .001837 .000759 .063126
20.070364 46.422253 .001468 .000758 -.036937
20.080364 46.422260 .000099 .000757 -.136900
20.090364 46.422268 .002269 .000529 .165734
20.100365 46.422272 .002925 .000529 .065569
20.110365 46.422276 .002580 .000528 -.034497
20.120365 46.422279 .001235 .000528 -.134463
20.130365 46.422283 .001108 .000369 .164030
20.140366 46.422287 .001747 .000369 .063866
20.150366 46.422291 .001385 .000368 -.036198
20.160366 46.422295 .000023 .000368 -.136162
20.170366 46.422298 .002337 .000257 .165218
20.180367 46.422302 .002987 .000257 .065053
20.190367 46.422306 .002637 .000257 -.035012
20.200367 46.422310 .001288 .000257 -.134977
20.210367 46.422314 .001061 .000179 .164390
20.220367 46.422314 .001703 .000179 .064225
20.230368 46.422314 .001345 .000179 -.035839
20.240368 46.422314 .000013 .000125 .095062
