.010000 .099950 99.999496 9.995000 -.050000
.020000 .199800 99.997993 9.985004 -.149950
.030000 .299550 99.995499 9.975019 -.249800
.040000 .399201 99.992004 9.965044 -.349550
.050000 .498751 99.987511 9.955079 -.449201
.060000 .598203 99.982025 9.945124 -.548751
.070000 .697554 99.975540 9.935179 -.648203
.080000 .796807 99.968063 9.925243 -.747555
.090000 .895960 99.959595 9.915318 -.846807
.100000 .995014 99.950134 9.905403 -.945960
.110000 1.093969 99.939682 9.895497 -1.045014
.120000 1.192825 99.928246 9.885602 -1.143969
.130000 1.291582 99.915817 9.875716 -1.242825
.140000 1.390241 99.902405 9.865841 -1.341582
.150000 1.488800 99.888000 9.855975 -1.440241
.160000 1.587262 99.872612 9.846119 -1.538800
.170000 1.685624 99.856239 9.836273 -1.637262
.180000 1.783889 99.838882 9.826437 -1.735624
.190000 1.882055 99.820541 9.816610 -1.833889
.200000 1.980123 99.801224 9.806794 -1.932055
.210000 2.078092 99.780922 9.796988 -2.030123
.220000 2.175964 99.759644 9.787190 -2.128093
.230000 2.273738 99.737381 9.777403 -2.225965
.240000 2.371415 99.714142 9.767626 -2.323739
.250000 2.468993 99.689926 9.757858 -2.421415
.260000 2.566474 99.664734 9.748100 -2.518993
.270000 2.663858 99.638573 9.738352 -2.616474
.280000 2.761144 99.611435 9.728614 -2.713858
.290000 2.858333 99.583321 9.718885 -2.811144
.300000 2.955425 99.554237 9.709167 -2.908333
.310000 3.052419 99.524185 9.699457 -3.005425
.320000 3.149317 99.493164 9.689757 -3.102419
.330000 3.246117 99.461174 9.680068 -3.199317
.340000 3.342821 99.428215 9.670388 -3.296118
.350000 3.439428 99.394287 9.660718 -3.392821
.360000 3.535939 99.359390 9.651057 -3.489429
.370000 3.632353 99.323532 9.641406 -3.585939
.380000 3.728671 99.286705 9.631764 -3.682353
.390000 3.824892 99.248917 9.622132 -3.778671
.400000 3.921017 99.210167 9.612510 -3.874892
.410000 4.017046 99.170456 9.602898 -3.971017
.420000 4.112979 99.129784 9.593295 -4.067046
.430000 4.208816 99.088150 9.583702 -4.162979
.440000 4.304557 99.045563 9.574119 -4.258816
.450000 4.400203 99.002014 9.564545 -4.354558
.460000 4.495752 98.957512 9.554980 -4.450203
.470000 4.591207 98.912056 9.545425 -4.545753
.480000 4.686565 98.865646 9.535880 -4.641207
.490000 4.781829 98.818283 9.526344 -4.736566
.500000 4.876997 98.769966 9.516818 -4.831829
.510000 4.972070 98.720695 9.507301 -4.926997
.520000 5.067048 98.670471 9.497794 -5.022070
.530000 5.161931 98.619301 9.488297 -5.117048
.540000 5.256719 98.567184 9.478808 -5.211931
.550000 5.351412 98.514114 9.469330 -5.306719
.560000 5.446011 98.460098 9.459861 -5.401412
.570000 5.540515 98.405136 9.450401 -5.496011
.580000 5.634924 98.349228 9.440951 -5.590515
.590000 5.729239 98.292381 9.431510 -5.684925
.600000 5.823460 98.234589 9.422078 -5.779240
.610000 5.917587 98.175858 9.412656 -5.873460
.620000 6.011619 98.116180 9.403243 -5.967587
.630000 6.105557 98.055565 9.393840 -6.061619
.640000 6.199402 97.994011 9.384446 -6.155558
.650000 6.293152 97.931519 9.375062 -6.249402
.660000 6.386809 97.868088 9.365687 -6.343153
.670000 6.480372 97.803719 9.356321 -6.436810
.680000 6.573842 97.738419 9.346965 -6.530373
.690000 6.667218 97.672180 9.337618 -6.623842
.700000 6.760501 97.605011 9.328280 -6.717218
.710000 6.853691 97.536903 9.318953 -6.810501
.720000 6.946787 97.467865 9.309633 -6.903691
.730000 7.039790 97.397896 9.300323 -6.996787
.740000 7.132700 97.326996 9.291023 -7.089790
.750000 7.225518 97.255165 9.281733 -7.182701
.760000 7.318242 97.182411 9.272450 -7.275518
.770000 7.410874 97.108727 9.263178 -7.368242
.780000 7.503413 97.034119 9.253915 -7.460874
.790000 7.595860 96.958588 9.244661 -7.553413
.800000 7.688214 96.882126 9.235416 -7.645860
.810000 7.780476 96.804741 9.226181 -7.738214
.820000 7.872646 96.726433 9.216955 -7.830476
.830000 7.964723 96.647209 9.207738 -7.922646
.839999 8.056708 96.567062 9.198530 -8.014723
.849999 8.148602 96.485992 9.189332 -8.106709
.859999 8.240403 96.404007 9.180142 -8.198602
.869999 8.332113 96.321106 9.170962 -8.290403
.879999 8.423731 96.237282 9.161792 -8.382113
.889999 8.515257 96.152542 9.152630 -8.473730
.899999 8.606691 96.066887 9.143477 -8.565256
.909999 8.698034 95.980324 9.134334 -8.656691
.919999 8.789287 95.892845 9.125199 -8.748034
.929999 8.880447 95.804451 9.116075 -8.839286
.939999 8.971517 95.715149 9.106958 -8.930447
.949999 9.062495 95.624931 9.097852 -9.021516
.959999 9.153382 95.533806 9.088754 -9.112494
.969999 9.244179 95.441772 9.079665 -9.203382
.979999 9.334885 95.348831 9.070585 -9.294178
.989999 9.425500 95.254982 9.061515 -9.384884
.999999 9.516025 95.160225 9.052453 -9.475499
1.009999 9.606459 95.064568 9.043401 -9.566024
1.019999 9.696802 94.968002 9.034357 -9.656458
1.029999 9.787055 94.870537 9.025323 -9.746801
1.039999 9.877218 94.772163 9.016297 -9.837054
1.049999 9.967291 94.672890 9.007281 -9.927217
1.059999 10.057274 94.572716 8.998274 -10.017290
1.069999 10.147166 94.471642 8.989276 -10.107273
1.079999 10.236969 94.369667 8.980287 -10.197165
1.089999 10.326682 94.266800 8.971306 -10.286968
1.099999 10.416306 94.163033 8.962335 -10.376681
1.109999 10.505839 94.058372 8.953372 -10.466305
1.119999 10.595284 93.952812 8.944419 -10.555839
1.129999 10.684638 93.846359 8.935474 -10.645283
1.139999 10.773904 93.739014 8.926538 -10.734637
1.149999 10.863080 93.630775 8.917612 -10.823903
1.159999 10.952167 93.521645 8.908694 -10.913079
1.169999 11.041164 93.411621 8.899786 -11.002166
1.179999 11.130074 93.300713 8.890886 -11.091164
1.189999 11.218893 93.188911 8.881995 -11.180073
1.199999 11.307624 93.076225 8.873114 -11.268892
1.209999 11.396266 92.962646 8.864241 -11.357623
1.219999 11.484819 92.848183 8.855376 -11.446265
1.229999 11.573284 92.732834 8.846520 -11.534819
1.239999 11.661661 92.616600 8.837674 -11.623283
1.249999 11.749949 92.499481 8.828836 -11.711660
1.259999 11.838149 92.381485 8.820007 -11.799949
1.269999 11.926261 92.262604 8.811188 -11.888148
1.279999 12.014285 92.142838 8.802377 -11.976260
1.289999 12.102221 92.022194 8.793574 -12.064284
1.299999 12.190068 91.900673 8.784781 -12.152220
1.309999 12.277828 91.778275 8.775995 -12.240067
1.319999 12.365500 91.654999 8.767220 -12.327827
1.329999 12.453085 91.530846 8.758452 -12.415500
1.339999 12.540582 91.405815 8.749694 -12.503084
1.349999 12.627991 91.279907 8.740944 -12.590581
1.359999 12.715313 91.153130 8.732203 -12.677990
1.369999 12.802547 91.025475 8.723471 -12.765312
1.379999 12.889695 90.896950 8.714747 -12.852547
1.389999 12.976755 90.767555 8.706033 -12.939694
1.399999 13.063728 90.637291 8.697327 -13.026754
1.409999 13.150615 90.506157 8.688629 -13.113728
1.419999 13.237414 90.374153 8.679940 -13.200614
1.429999 13.324127 90.241280 8.671260 -13.287414
1.439999 13.410753 90.107536 8.662589 -13.374126
1.449999 13.497293 89.972931 8.653927 -13.460752
1.459999 13.583745 89.837456 8.645273 -13.547292
1.469999 13.670112 89.701118 8.636628 -13.633744
1.479999 13.756392 89.563919 8.627992 -13.720111
1.489999 13.842586 89.425858 8.619364 -13.806391
1.499999 13.928693 89.286934 8.610744 -13.892585
1.509999 14.014714 89.147148 8.602134 -13.978692
1.519999 14.100650 89.006500 8.593532 -14.064713
1.529999 14.186500 88.864990 8.584938 -14.150649
1.539999 14.272264 88.722626 8.576353 -14.236499
1.549999 14.357942 88.579407 8.567777 -14.322263
1.559999 14.443534 88.435326 8.559209 -14.407941
1.569999 14.529040 88.290390 8.550650 -14.493533
1.579999 14.614461 88.144600 8.542099 -14.579040
1.589999 14.699797 87.997955 8.533557 -14.664460
1.599999 14.785047 87.850456 8.525023 -14.749796
1.609999 14.870212 87.702103 8.516499 -14.835046
1.619999 14.955292 87.552902 8.507982 -14.920211
1.629999 15.040286 87.402847 8.499475 -15.005291
1.639999 15.125196 87.251945 8.490975 -15.090285
1.649999 15.210020 87.100197 8.482485 -15.175195
1.659999 15.294760 86.947594 8.474002 -15.260019
1.669999 15.379415 86.794144 8.465528 -15.344759
1.679999 15.463985 86.639847 8.457062 -15.429414
1.689999 15.548471 86.484711 8.448605 -15.513985
1.699999 15.632873 86.328728 8.440156 -15.598471
1.709999 15.717190 86.171898 8.431716 -15.682872
1.719999 15.801423 86.014229 8.423285 -15.767189
1.729999 15.885571 85.855713 8.414862 -15.851421
1.739999 15.969636 85.696358 8.406446 -15.935570
1.749999 16.053616 85.536163 8.398040 -16.019634
1.759999 16.137512 85.375130 8.389642 -16.103615
1.769999 16.221325 85.213257 8.381252 -16.187511
1.779999 16.305054 85.050545 8.372871 -16.271324
1.789999 16.388699 84.886993 8.364498 -16.355053
1.799999 16.472260 84.722603 8.356133 -16.438698
1.809999 16.555737 84.557381 8.347777 -16.522259
1.819999 16.639132 84.391327 8.339430 -16.605736
1.829999 16.722443 84.224434 8.331090 -16.689131
1.839999 16.805670 84.056709 8.322759 -16.772442
1.849999 16.888815 83.888153 8.314436 -16.855669
1.859999 16.971876 83.718765 8.306122 -16.938814
1.869999 17.054853 83.548546 8.297815 -17.021875
1.879999 17.137749 83.377495 8.289517 -17.104853
1.889999 17.220560 83.205620 8.281228 -17.187748
1.899999 17.303289 83.032913 8.272947 -17.270559
1.909999 17.385937 82.859383 8.264674 -17.353289
1.919999 17.468500 82.685020 8.256410 -17.435936
1.929999 17.550982 82.509834 8.248154 -17.518499
1.939999 17.633381 82.333824 8.239905 -17.600981
1.949998 17.715698 82.156990 8.231666 -17.683380
1.959998 17.797932 81.979332 8.223433 -17.765697
1.969998 17.880083 81.800850 8.215210 -17.847931
1.979998 17.962152 81.621552 8.206995 -17.930082
1.989998 18.044140 81.441429 8.198788 -18.012152
1.999998 18.126045 81.260490 8.190589 -18.094139
2.009999 18.207869 81.078728 8.182399 -18.176044
2.019999 18.289610 80.896149 8.174216 -18.257868
2.029999 18.371271 80.712753 8.166042 -18.339609
2.039999 18.452850 80.528542 8.157876 -18.421270
2.049999 18.534348 80.343513 8.149718 -18.502850
2.059999 18.615763 80.157669 8.141568 -18.584347
2.069999 18.697098 79.971008 8.133427 -18.665762
2.079998 18.778351 79.783539 8.125293 -18.747097
2.089998 18.859522 79.595253 8.117167 -18.828350
2.099998 18.940613 79.406158 8.109051 -18.909521
2.109998 19.021622 79.216255 8.100942 -18.990612
2.119998 19.102551 79.025536 8.092841 -19.071621
2.129998 19.183397 78.834007 8.084748 -19.152550
2.139998 19.264164 78.641670 8.076664 -19.233397
2.149998 19.344851 78.448532 8.068587 -19.314163
2.159998 19.425455 78.254585 8.060518 -19.394850
2.169998 19.505980 78.059830 8.052458 -19.475454
2.179998 19.586424 77.864273 8.044405 -19.555979
2.189998 19.666788 77.667908 8.036361 -19.636423
2.199998 19.747072 77.470741 8.028324 -19.716787
2.209998 19.827274 77.272774 8.020296 -19.797071
2.219998 19.907396 77.073997 8.012276 -19.877274
2.229998 19.987438 76.874420 8.004264 -19.957396
2.239998 20.067400 76.674049 7.996260 -20.037437
2.249998 20.147284 76.472878 7.988264 -20.117399
2.259998 20.227087 76.270905 7.980275 -20.197281
2.269998 20.306810 76.068130 7.972295 -20.277084
2.279998 20.386454 75.864563 7.964323 -20.356808
2.289998 20.466017 75.660202 7.956358 -20.436451
2.299998 20.545502 75.455040 7.948402 -20.516014
2.309998 20.624907 75.249084 7.940454 -20.595497
2.319998 20.704231 75.042336 7.932513 -20.674902
2.329998 20.783478 74.834793 7.924581 -20.754227
2.339998 20.862644 74.626457 7.916656 -20.833473
2.349998 20.941732 74.417328 7.908740 -20.912640
2.359998 21.020741 74.207413 7.900831 -20.991728
2.369998 21.099670 73.996704 7.892930 -21.070736
2.379998 21.178520 73.785210 7.885037 -21.149666
2.389998 21.257292 73.572922 7.877152 -21.228516
2.399998 21.335985 73.359848 7.869275 -21.307287
2.409998 21.414598 73.145988 7.861405 -21.385981
2.419998 21.493134 72.931343 7.853544 -21.464594
2.429998 21.571590 72.715912 7.845690 -21.543129
2.439998 21.649969 72.499695 7.837844 -21.621586
2.449998 21.728270 72.282692 7.830007 -21.699965
2.459998 21.806492 72.064911 7.822176 -21.778265
2.469998 21.884636 71.846344 7.814354 -21.856487
2.479998 21.962702 71.626999 7.806540 -21.934631
2.489998 22.040689 71.406876 7.798733 -22.012697
2.499998 22.118599 71.185966 7.790935 -22.090685
2.509998 22.196430 70.964279 7.783144 -22.168594
2.519998 22.274183 70.741814 7.775361 -22.246426
2.529998 22.351860 70.518570 7.767585 -22.324179
2.539998 22.429459 70.294548 7.759818 -22.401855
2.549998 22.506979 70.069756 7.752058 -22.479454
2.559998 22.584421 69.844185 7.744306 -22.556974
2.569998 22.661787 69.617844 7.736561 -22.634417
2.579998 22.739075 69.390724 7.728825 -22.711782
2.589998 22.816286 69.162834 7.721096 -22.789070
2.599998 22.893419 68.934174 7.713375 -22.866282
2.609998 22.970476 68.704742 7.705661 -22.943415
2.619998 23.047455 68.474541 7.697956 -23.020472
2.629998 23.124357 68.243568 7.690258 -23.097450
2.639998 23.201183 68.011826 7.682567 -23.174353
2.649998 23.277931 67.779312 7.674884 -23.251179
2.659998 23.354603 67.546036 7.667210 -23.327927
2.669998 23.431198 67.311989 7.659543 -23.404598
2.679998 23.507717 67.077179 7.651883 -23.481194
2.689998 23.584160 66.841599 7.644231 -23.557713
2.699998 23.660526 66.605255 7.636587 -23.634155
2.709998 23.736816 66.368149 7.628951 -23.710522
2.719998 23.813030 66.130280 7.621322 -23.786812
2.729998 23.889168 65.891647 7.613700 -23.863026
2.739998 23.965229 65.652252 7.606087 -23.939163
2.749998 24.041214 65.412102 7.598481 -24.015224
2.759998 24.117123 65.171188 7.590882 -24.091209
2.769998 24.192955 64.929520 7.583292 -24.167118
2.779998 24.268713 64.687088 7.575708 -24.242950
2.789998 24.344395 64.443901 7.568133 -24.318708
2.799998 24.420000 64.199959 7.560565 -24.394390
2.809998 24.495529 63.955257 7.553004 -24.469995
2.819998 24.570984 63.709801 7.545451 -24.545525
2.829998 24.646362 63.463593 7.537905 -24.620979
2.839998 24.721666 63.216629 7.530367 -24.696358
2.849998 24.796894 62.968914 7.522837 -24.771662
2.859998 24.872047 62.720444 7.515314 -24.846889
2.869998 24.947124 62.471222 7.507799 -24.922043
2.879998 25.022127 62.221252 7.500291 -24.997120
2.889998 25.097055 61.970531 7.492791 -25.072123
2.899998 25.171909 61.719063 7.485298 -25.147051
2.909998 25.246687 61.466843 7.477812 -25.221905
2.919998 25.321390 61.213875 7.470335 -25.296682
2.929998 25.396019 60.960159 7.462864 -25.371386
2.939998 25.470573 60.705700 7.455401 -25.446014
2.949998 25.545053 60.450493 7.447946 -25.520569
2.959998 25.619459 60.194542 7.440498 -25.595049
2.969998 25.693790 59.937847 7.433058 -25.669455
2.979998 25.768047 59.680408 7.425625 -25.743786
2.989998 25.842230 59.422230 7.418199 -25.818043
2.999998 25.916338 59.163307 7.410781 -25.892225
3.009998 25.990372 58.903645 7.403370 -25.966333
3.019998 26.064331 58.643242 7.395967 -26.040367
3.029998 26.138216 58.382099 7.388571 -26.114326
3.039998 26.212029 58.120216 7.381182 -26.188211
3.049998 26.285767 57.857597 7.373801 -26.262024
3.059998 26.359430 57.594238 7.366427 -26.335762
3.069998 26.433022 57.330143 7.359061 -26.409426
3.079998 26.506538 57.065311 7.351702 -26.483017
3.089998 26.579983 56.799747 7.344350 -26.556534
3.099998 26.653353 56.533447 7.337006 -26.629978
3.109998 26.726650 56.266415 7.329669 -26.703348
3.119998 26.799873 55.998650 7.322339 -26.776646
3.129997 26.873024 55.730152 7.315017 -26.849869
3.139997 26.946100 55.460922 7.307702 -26.923019
3.149997 27.019104 55.190960 7.300394 -26.996096
3.159997 27.092035 54.920269 7.293094 -27.069099
3.169997 27.164894 54.648849 7.285800 -27.142031
3.179997 27.237679 54.376701 7.278515 -27.214890
3.189997 27.310390 54.103825 7.271236 -27.287674
3.199997 27.383030 53.830219 7.263965 -27.360386
3.209997 27.455597 53.555889 7.256701 -27.433025
3.219997 27.528091 53.280834 7.249444 -27.505592
3.229997 27.600513 53.005054 7.242195 -27.578087
3.239997 27.672863 52.728550 7.234953 -27.650509
3.249997 27.745140 52.451321 7.227718 -27.722858
3.259997 27.817345 52.173370 7.220490 -27.795135
3.269997 27.889477 51.894695 7.213270 -27.867340
3.279997 27.961536 51.615299 7.206057 -27.939472
3.289997 28.033525 51.335182 7.198851 -28.011532
3.299997 28.105442 51.054348 7.191652 -28.083521
3.309997 28.177286 50.772793 7.184460 -28.155437
3.319997 28.249060 50.490520 7.177276 -28.227282
3.329997 28.320761 50.207531 7.170098 -28.299055
3.339997 28.392389 49.923824 7.162928 -28.370756
3.349997 28.463947 49.639400 7.155765 -28.442385
3.359997 28.535433 49.354259 7.148609 -28.513943
3.369997 28.606848 49.068405 7.141460 -28.585428
3.379997 28.678190 48.781837 7.134319 -28.656843
3.389997 28.749462 48.494556 7.127184 -28.728186
3.399997 28.820663 48.206562 7.120057 -28.799458
3.409997 28.891792 47.917854 7.112937 -28.870659
3.419997 28.962851 47.628437 7.105824 -28.941788
3.429997 29.033838 47.338310 7.098718 -29.012846
3.439997 29.104755 47.047470 7.091619 -29.083834
3.449997 29.175600 46.755924 7.084528 -29.154749
3.459997 29.246374 46.463669 7.077444 -29.225594
3.469997 29.317078 46.170704 7.070366 -29.296368
3.479997 29.387711 45.877033 7.063296 -29.367071
3.489997 29.458273 45.582657 7.056232 -29.437704
3.499997 29.528765 45.287575 7.049176 -29.508266
3.509997 29.599186 44.991787 7.042127 -29.578758
3.519997 29.669537 44.695293 7.035085 -29.649179
3.529997 29.739817 44.398098 7.028050 -29.719530
3.539997 29.810026 44.100201 7.021022 -29.789810
3.549997 29.880167 43.801601 7.014001 -29.860020
3.559997 29.950237 43.502300 7.006987 -29.930161
3.569997 30.020237 43.202297 6.999980 -30.000231
3.579997 30.090166 42.901596 6.992980 -30.070230
3.589997 30.160027 42.600193 6.985987 -30.140160
3.599997 30.229816 42.298092 6.979001 -30.210020
3.609997 30.299536 41.995293 6.972022 -30.279810
3.619997 30.369186 41.691799 6.965050 -30.349529
3.629997 30.438766 41.387608 6.958085 -30.419180
3.639997 30.508278 41.082722 6.951127 -30.488760
3.649997 30.577719 40.777138 6.944176 -30.558271
3.659997 30.647091 40.470860 6.937232 -30.627712
3.669997 30.716394 40.163887 6.930295 -30.697084
3.679997 30.785627 39.856224 6.923364 -30.766388
3.689997 30.854792 39.547867 6.916441 -30.835621
3.699997 30.923887 39.238819 6.909524 -30.904785
3.709997 30.992914 38.929081 6.902615 -30.973881
3.719997 31.061871 38.618652 6.895712 -31.042908
3.729997 31.130758 38.307533 6.888817 -31.111864
3.739997 31.199577 37.995728 6.881928 -31.180752
3.749997 31.268328 37.683231 6.875046 -31.249571
3.759997 31.337009 37.370049 6.868171 -31.318321
3.769997 31.405622 37.056179 6.861303 -31.387003
3.779997 31.474167 36.741623 6.854442 -31.455616
3.789997 31.542643 36.426380 6.847587 -31.524160
3.799997 31.611050 36.110455 6.840740 -31.592636
3.809997 31.679388 35.793842 6.833899 -31.661043
3.819997 31.747658 35.476547 6.827065 -31.729382
3.829997 31.815861 35.158569 6.820238 -31.797651
3.839997 31.883995 34.839912 6.813418 -31.865854
3.849997 31.952061 34.520573 6.806604 -31.933989
3.859997 32.020058 34.200554 6.799798 -32.002056
3.869997 32.087986 33.879852 6.792998 -32.070053
3.879997 32.155849 33.558472 6.786205 -32.137981
3.889997 32.223644 33.236412 6.779419 -32.205845
3.899997 32.291370 32.913677 6.772640 -32.273640
3.909997 32.359028 32.590263 6.765867 -32.341366
3.919997 32.426620 32.266174 6.759101 -32.409023
3.929997 32.494144 31.941408 6.752342 -32.476616
3.939997 32.561600 31.615967 6.745590 -32.544140
3.949997 32.628986 31.289850 6.738844 -32.611595
3.959997 32.696308 30.963060 6.732105 -32.678982
3.969997 32.763561 30.635597 6.725373 -32.746304
3.979997 32.830750 30.307461 6.718648 -32.813557
3.989997 32.897869 29.978653 6.711929 -32.880745
3.999997 32.964920 29.649174 6.705217 -32.947865
4.009997 33.031906 29.319025 6.698512 -33.014915
4.019997 33.098824 28.988207 6.691813 -33.081902
4.029997 33.165676 28.656719 6.685122 -33.148819
4.039998 33.232460 28.324562 6.678436 -33.215672
4.049998 33.299179 27.991737 6.671758 -33.282455
4.059998 33.365829 27.658245 6.665086 -33.349174
4.069998 33.432415 27.324087 6.658421 -33.415825
4.079998 33.498932 26.989264 6.651762 -33.482410
4.089999 33.565384 26.653774 6.645110 -33.548927
4.099999 33.631767 26.317621 6.638465 -33.615379
4.109999 33.698086 25.980804 6.631826 -33.681763
4.119999 33.764339 25.643324 6.625195 -33.748081
4.130000 33.830524 25.305180 6.618569 -33.814335
4.140000 33.896645 24.966373 6.611951 -33.880520
4.150000 33.962700 24.626907 6.605339 -33.946640
4.160000 34.028687 24.286781 6.598734 -34.012691
4.170001 34.094608 23.945995 6.592135 -34.078678
4.180001 34.160465 23.604549 6.585543 -34.144600
4.190001 34.226254 23.262445 6.578957 -34.210457
4.200001 34.291977 22.919683 6.572378 -34.276245
4.210001 34.357635 22.576263 6.565806 -34.341969
4.220002 34.423229 22.232187 6.559240 -34.407627
4.230002 34.488754 21.887455 6.552681 -34.473221
4.240002 34.554214 21.542068 6.546128 -34.538746
4.250002 34.619610 21.196026 6.539582 -34.604206
4.260003 34.684940 20.849329 6.533043 -34.669601
4.270003 34.750206 20.501980 6.526510 -34.734932
4.280003 34.815407 20.153978 6.519983 -34.800198
4.290003 34.880543 19.805325 6.513463 -34.865398
4.300004 34.945614 19.456018 6.506950 -34.930534
4.310004 35.010620 19.106062 6.500443 -34.995605
4.320004 35.075558 18.755455 6.493943 -35.060612
4.330004 35.140430 18.404200 6.487449 -35.125549
4.340004 35.205238 18.052296 6.480961 -35.190422
4.350005 35.269981 17.699743 6.474480 -35.255230
4.360005 35.334660 17.346544 6.468006 -35.319973
4.370005 35.399277 16.992699 6.461538 -35.384651
4.380005 35.463829 16.638206 6.455076 -35.449268
4.390006 35.528316 16.283068 6.448621 -35.513821
4.400006 35.592739 15.927284 6.442173 -35.578308
4.410006 35.657097 15.570857 6.435730 -35.642731
4.420006 35.721390 15.213786 6.429295 -35.707088
4.430007 35.785618 14.856072 6.422865 -35.771381
4.440007 35.849781 14.497716 6.416442 -35.835609
4.450007 35.913879 14.138719 6.410026 -35.899773
4.460007 35.977917 13.779079 6.403616 -35.963871
4.470007 36.041889 13.418800 6.397213 -36.027908
4.480008 36.105797 13.057881 6.390815 -36.091881
4.490008 36.169640 12.696323 6.384424 -36.155788
4.500008 36.233421 12.334127 6.378040 -36.219631
4.510008 36.297138 11.971293 6.371662 -36.283413
4.520009 36.360790 11.607822 6.365290 -36.347130
4.530009 36.424381 11.243714 6.358925 -36.410782
4.540009 36.487907 10.878971 6.352566 -36.474373
4.550009 36.551369 10.513592 6.346213 -36.537899
4.560009 36.614769 10.147578 6.339867 -36.601360
4.570010 36.678104 9.780931 6.333527 -36.664761
4.580010 36.741375 9.413650 6.327194 -36.728096
4.590010 36.804585 9.045736 6.320867 -36.791367
4.600010 36.867729 8.677191 6.314546 -36.854576
4.610011 36.930813 8.308014 6.308231 -36.917721
4.620011 36.993832 7.938206 6.301923 -36.980804
4.630011 37.056789 7.567768 6.295621 -37.043823
4.640011 37.119682 7.196700 6.289325 -37.106781
4.650012 37.182514 6.825003 6.283036 -37.169674
4.660012 37.245281 6.452678 6.276753 -37.232506
4.670012 37.307987 6.079725 6.270476 -37.295273
4.680012 37.370628 5.706145 6.264206 -37.357979
4.690012 37.433208 5.331939 6.257942 -37.420620
4.700013 37.495724 4.957107 6.251684 -37.483200
4.710013 37.558178 4.581649 6.245432 -37.545715
4.720013 37.620571 4.205568 6.239186 -37.608170
4.730013 37.682899 3.828862 6.232947 -37.670563
4.740014 37.745167 3.451533 6.226714 -37.732891
4.750014 37.807373 3.073582 6.220488 -37.795158
4.760014 37.869514 2.695008 6.214267 -37.857365
4.770014 37.931595 2.315813 6.208053 -37.919506
4.780015 37.993614 1.935997 6.201845 -37.981586
4.790015 38.055573 1.555561 6.195643 -38.043606
4.800015 38.117466 1.174506 6.189448 -38.105560
4.810015 38.179298 .792831 6.183259 -38.167454
4.820015 38.241070 .410538 6.177075 -38.229286
4.830016 38.302780 .027628 6.170898 -38.291058
4.840016 38.364426 .355900 4.315310 26.846937
4.850016 38.407536 .623101 4.310994 26.720091
4.860016 38.450603 .889035 4.306683 26.593370
4.870017 38.493626 1.153702 4.302376 26.466778
4.880017 38.536606 1.417106 4.298074 26.340311
4.890017 38.579544 1.679245 4.293776 26.213970
4.900017 38.622440 1.940123 4.289482 26.087757
4.910017 38.665291 2.199740 4.285192 25.961670
4.920018 38.708099 2.458097 4.280907 25.835709
4.930018 38.750866 2.715195 4.276626 25.709873
4.940018 38.793591 2.971037 4.272349 25.584164
4.950018 38.836273 3.225623 4.268076 25.458580
4.960019 38.878910 3.478954 4.263808 25.333122
4.970019 38.921505 3.731032 4.259544 25.207788
4.980019 38.964058 3.981858 4.255285 25.082581
4.990019 39.006569 4.231433 4.251029 24.957499
5.000020 39.049038 4.479758 4.246778 24.832541
5.010020 39.091465 4.726835 4.242532 24.707708
5.020020 39.133846 4.972665 4.238289 24.583000
5.030020 39.176186 5.217249 4.234051 24.458418
5.040020 39.218483 5.460589 4.229817 24.333960
5.050021 39.260738 5.702685 4.225587 24.209625
5.060021 39.302952 5.943540 4.221362 24.085415
5.070021 39.345123 6.183153 4.217140 23.961330
5.080021 39.387253 6.421527 4.212923 23.837370
5.090022 39.429340 6.658662 4.208710 23.713533
5.100022 39.471386 6.894560 4.204502 23.589819
5.110022 39.513390 7.129222 4.200297 23.466228
5.120022 39.555351 7.362650 4.196097 23.342762
5.130023 39.597271 7.594844 4.191901 23.219419
5.140023 39.639149 7.825806 4.187709 23.096201
5.150023 39.680984 8.055536 4.183521 22.973104
5.160023 39.722778 8.284038 4.179338 22.850132
5.170023 39.764530 8.511311 4.175159 22.727282
5.180024 39.806240 8.737356 4.170983 22.604555
5.190024 39.847908 8.962175 4.166812 22.481951
5.200024 39.889534 9.185770 4.162646 22.359468
5.210024 39.931118 9.408141 4.158483 22.237108
5.220025 39.972660 9.629290 4.154325 22.114872
5.230025 40.014160 9.849217 4.150170 21.992758
5.240025 40.055622 10.067925 4.146020 21.870766
5.250025 40.097042 10.285415 4.141874 21.748896
5.260026 40.138420 10.501686 4.137732 21.627148
5.270026 40.179756 10.716742 4.133595 21.505520
5.280026 40.221050 10.930582 4.129461 21.384014
5.290026 40.262302 11.143209 4.125331 21.262630
5.300026 40.303513 11.354622 4.121206 21.141367
5.310027 40.344685 11.564824 4.117085 21.020226
5.320027 40.385815 11.773816 4.112968 20.899206
5.330027 40.426903 11.981599 4.108855 20.778307
5.340027 40.467949 12.188174 4.104746 20.657528
5.350028 40.508957 12.393543 4.100641 20.536871
5.360028 40.549923 12.597707 4.096540 20.416334
5.370028 40.590847 12.800666 4.092444 20.295918
5.380028 40.631729 13.002422 4.088352 20.175621
5.390028 40.672573 13.202977 4.084263 20.055445
5.400029 40.713375 13.402331 4.080179 19.935389
5.410029 40.754135 13.600486 4.076099 19.815453
5.420029 40.794857 13.797442 4.072023 19.695637
5.430029 40.835537 13.993202 4.067951 19.575941
5.440030 40.876175 14.187766 4.063883 19.456366
5.450030 40.916775 14.381135 4.059819 19.336908
5.460030 40.957333 14.573311 4.055759 19.217571
5.470030 40.997849 14.764295 4.051703 19.098354
5.480031 41.038326 14.954087 4.047651 18.979256
5.490031 41.078762 15.142690 4.043603 18.860277
5.500031 41.119156 15.330104 4.039560 18.741417
5.510031 41.159512 15.516331 4.035520 18.622675
5.520031 41.199825 15.701371 4.031485 18.504053
5.530032 41.240101 15.885226 4.027453 18.385550
5.540032 41.280334 16.067898 4.023426 18.267164
5.550032 41.320530 16.249386 4.019402 18.148897
5.560032 41.360683 16.429693 4.015383 18.030748
5.570033 41.400799 16.608820 4.011367 17.912718
5.580033 41.440872 16.786768 4.007356 17.794806
5.590033 41.480907 16.963537 4.003349 17.677011
5.600033 41.520901 17.139130 3.999346 17.559334
5.610034 41.560856 17.313547 3.995346 17.441774
5.620034 41.600769 17.486790 3.991351 17.324333
5.630034 41.640644 17.658859 3.987360 17.207008
5.640034 41.680477 17.829758 3.983372 17.089802
5.650034 41.720272 17.999485 3.979389 16.972712
5.660035 41.760025 18.168043 3.975410 16.855740
5.670035 41.799740 18.335432 3.971434 16.738884
5.680035 41.839413 18.501654 3.967463 16.622145
5.690035 41.879047 18.666708 3.963495 16.505522
5.700036 41.918644 18.830599 3.959532 16.389017
5.710036 41.958199 18.993324 3.955572 16.272629
5.720036 41.997715 19.154888 3.951617 16.156357
5.730036 42.037193 19.315290 3.947665 16.040201
5.740036 42.076630 19.474531 3.943717 15.924161
5.750037 42.116028 19.632614 3.939774 15.808237
5.760037 42.155388 19.789539 3.935834 15.692429
5.770037 42.194706 19.945307 3.931898 15.576736
5.780037 42.233986 20.099918 3.927966 15.461160
5.790038 42.273228 20.253376 3.924038 15.345698
5.800038 42.312428 20.405680 3.920114 15.230352
5.810038 42.351589 20.556831 3.916194 15.115122
5.820038 42.390713 20.706831 3.912278 15.000007
5.830039 42.429798 20.855680 3.908365 14.885007
5.840039 42.468842 21.003382 3.904457 14.770122
5.850039 42.507847 21.149935 3.900553 14.655352
5.860039 42.546814 21.295341 3.896652 14.540696
5.870039 42.585743 21.439604 3.892756 14.426155
5.880040 42.624630 21.582722 3.888863 14.311728
5.890040 42.663479 21.724695 3.884974 14.197416
5.900040 42.702290 21.865528 3.881089 14.083219
5.910040 42.741062 22.005219 3.877208 13.969135
5.920041 42.779797 22.143770 3.873331 13.855166
5.930041 42.818493 22.281183 3.869457 13.741311
5.940041 42.857147 22.417459 3.865588 13.627570
5.950041 42.895763 22.552599 3.861722 13.513943
5.960042 42.934341 22.686604 3.857861 13.400429
5.970042 42.972881 22.819473 3.854003 13.287028
5.980042 43.011383 22.951210 3.850149 13.173741
5.990042 43.049847 23.081816 3.846299 13.060568
6.000042 43.088272 23.211290 3.842452 12.947507
6.010043 43.126659 23.339636 3.838610 12.834559
6.020043 43.165009 23.466852 3.834771 12.721725
6.030043 43.203320 23.592941 3.830937 12.609003
6.040043 43.241592 23.717905 3.827106 12.496394
6.050044 43.279823 23.841743 3.823279 12.383898
6.060044 43.318016 23.964458 3.819455 12.271514
6.070044 43.356171 24.086050 3.815636 12.159243
6.080044 43.394287 24.206520 3.811820 12.047084
6.090044 43.432365 24.325871 3.808008 11.935037
6.100045 43.470406 24.444101 3.804200 11.823102
6.110045 43.508411 24.561214 3.800396 11.711279
6.120045 43.546379 24.677210 3.796596 11.599567
6.130045 43.584309 24.792089 3.792799 11.487967
6.140046 43.622200 24.905855 3.789006 11.376479
6.150046 43.660053 25.018507 3.785218 11.265102
6.160046 43.697868 25.130045 3.781432 11.153837
6.170046 43.735645 25.240471 3.777651 11.042684
6.180047 43.773384 25.349787 3.773873 10.931641
6.190047 43.811085 25.457994 3.770099 10.820709
6.200047 43.848747 25.565094 3.766329 10.709888
6.210047 43.886372 25.671085 3.762563 10.599178
6.220047 43.923958 25.775970 3.758801 10.488579
6.230048 43.961510 25.879751 3.755042 10.378090
6.240048 43.999023 25.982428 3.751287 10.267712
6.250048 44.036499 26.084002 3.747535 10.157444
6.260048 44.073936 26.184475 3.743788 10.047287
6.270049 44.111336 26.283848 3.740044 9.937240
6.280049 44.148697 26.382120 3.736304 9.827302
6.290049 44.186024 26.479296 3.732568 9.717475
6.300049 44.223312 26.575373 3.728835 9.607758
6.310050 44.260563 26.670355 3.725106 9.498150
6.320050 44.297775 26.764242 3.721381 9.388652
6.330050 44.334953 26.857035 3.717659 9.279263
6.340050 44.372093 26.948734 3.713942 9.169984
6.350050 44.409195 27.039343 3.710228 9.060814
6.360051 44.446259 27.128860 3.706518 8.951753
6.370051 44.483288 27.217289 3.702811 8.842801
6.380051 44.520279 27.304628 3.699108 8.733958
6.390051 44.557232 27.390881 3.695409 8.625224
6.400052 44.594151 27.476048 3.691714 8.516599
6.410052 44.631031 27.560129 3.688022 8.408082
6.420052 44.667873 27.643126 3.684334 8.299674
6.430052 44.704681 27.725039 3.680650 8.191375
6.440053 44.741451 27.805870 3.676969 8.083183
6.450053 44.778183 27.885620 3.673292 7.975100
6.460053 44.814880 27.964291 3.669619 7.867125
6.470053 44.851540 28.041883 3.665949 7.759258
6.480053 44.888161 28.118399 3.662283 7.651498
6.490054 44.924747 28.193836 3.658621 7.543847
6.500054 44.961296 28.268200 3.654963 7.436303
6.510054 44.997810 28.341488 3.651308 7.328866
6.520054 45.034286 28.413704 3.647656 7.221538
6.530055 45.070728 28.484848 3.644009 7.114316
6.540055 45.107132 28.554920 3.640365 7.007202
6.550055 45.143497 28.623922 3.636724 6.900195
6.560055 45.179829 28.691854 3.633087 6.793294
6.570055 45.216122 28.758720 3.629454 6.686501
6.580056 45.252380 28.824518 3.625825 6.579814
6.590056 45.288601 28.889250 3.622199 6.473235
6.600056 45.324787 28.952917 3.618577 6.366761
6.610056 45.360935 29.015520 3.614958 6.260395
6.620057 45.397049 29.077061 3.611343 6.154134
6.630057 45.433125 29.137541 3.607732 6.047980
6.640057 45.469166 29.196960 3.604124 5.941932
6.650057 45.505173 29.255320 3.600520 5.835990
6.660058 45.541142 29.312622 3.596920 5.730155
6.670058 45.577076 29.368866 3.593323 5.624424
6.680058 45.612972 29.424053 3.589729 5.518800
6.690058 45.648834 29.478186 3.586140 5.413281
6.700058 45.684658 29.531265 3.582554 5.307868
6.710059 45.720448 29.583290 3.578971 5.202560
6.720059 45.756203 29.634264 3.575392 5.097357
6.730059 45.791920 29.684187 3.571817 4.992260
6.740059 45.827602 29.733059 3.568245 4.887268
6.750060 45.863251 29.780882 3.564677 4.782380
6.760060 45.898861 29.827658 3.561112 4.677598
6.770060 45.934437 29.873386 3.557551 4.572920
6.780060 45.969978 29.918070 3.553994 4.468347
6.790061 46.005482 29.961708 3.550440 4.363879
6.800061 46.040951 30.004303 3.546889 4.259515
6.810061 46.076385 30.045856 3.543342 4.155255
6.820061 46.111782 30.086367 3.539799 4.051100
6.830061 46.147144 30.125837 3.536259 3.947049
6.840062 46.182472 30.164268 3.532723 3.843102
6.850062 46.217766 30.201660 3.529190 3.739259
6.860062 46.253021 30.238016 3.525661 3.635520
6.870062 46.288242 30.273335 3.522135 3.531884
6.880063 46.323429 30.307617 3.518613 3.428352
6.890063 46.358582 30.340866 3.515095 3.324924
6.900063 46.393696 30.373081 3.511580 3.221599
6.910063 46.428776 30.404264 3.508068 3.118377
6.920063 46.463821 30.434418 3.504560 3.015259
6.930064 46.498833 30.463541 3.501055 2.912244
6.940064 46.533810 30.491634 3.497555 2.809331
6.950064 46.568748 30.518700 3.494057 2.706522
6.960064 46.603653 30.544737 3.490563 2.603816
6.970065 46.638523 30.569750 3.487072 2.501212
6.980065 46.673359 30.593737 3.483585 2.398710
6.990065 46.708160 30.616699 3.480102 2.296312
7.000065 46.742928 30.638639 3.476622 2.194016
7.010066 46.777660 30.659557 3.473145 2.091821
7.020066 46.812359 30.679455 3.469672 1.989730
7.030066 46.847019 30.698332 3.466202 1.887740
7.040066 46.881645 30.716190 3.462736 1.785852
7.050066 46.916237 30.733030 3.459273 1.684066
7.060067 46.950794 30.748854 3.455814 1.582382
7.070067 46.985317 30.763662 3.452358 1.480800
7.080067 47.019806 30.777456 3.448906 1.379319
7.090067 47.054260 30.790236 3.445457 1.277940
7.100068 47.088680 30.802002 3.442012 1.176662
7.110068 47.123066 30.812757 3.438570 1.075485
7.120068 47.157417 30.822502 3.435131 .974410
7.130068 47.191734 30.831236 3.431696 .873435
7.140069 47.226017 30.838961 3.428264 .772562
7.150069 47.260265 30.845678 3.424836 .671789
7.160069 47.294479 30.851389 3.421411 .571118
7.170069 47.328659 30.856094 3.417990 .470546
7.180069 47.362804 30.859795 3.414572 .370076
7.190070 47.396915 30.862492 3.411157 .269706
7.200070 47.430992 30.864185 3.407746 .169436
7.210070 47.465034 30.864878 3.404338 .069267
7.220070 47.499043 30.864571 3.400934 -.030803
7.230071 47.533016 30.863262 3.397533 -.130772
7.240071 47.566959 30.860956 3.394135 -.230641
7.250071 47.600868 30.857653 3.390741 -.330410
7.260071 47.634743 30.853352 3.387351 -.430080
7.270072 47.668583 30.848055 3.383963 -.529650
7.280072 47.702389 30.841764 3.380579 -.629120
7.290072 47.736160 30.834480 3.377199 -.728491
7.300072 47.769897 30.826202 3.373821 -.827763
7.310072 47.803600 30.816933 3.370448 -.926935
7.320073 47.837273 30.806673 3.367077 -1.026008
7.330073 47.870911 30.795424 3.363710 -1.124982
7.340073 47.904514 30.783184 3.360346 -1.223857
7.350073 47.938084 30.769958 3.356986 -1.322633
7.360074 47.971619 30.755745 3.353629 -1.421310
7.370074 48.005123 30.740545 3.350276 -1.519889
7.380074 48.038593 30.724361 3.346925 -1.618369
7.390074 48.072029 30.707193 3.343578 -1.716751
7.400074 48.105431 30.689043 3.340235 -1.815034
7.410075 48.138798 30.669910 3.336895 -1.913219
7.420075 48.172134 30.649797 3.333558 -2.011306
7.430075 48.205437 30.628704 3.330224 -2.109294
7.440075 48.238705 30.606632 3.326894 -2.207185
7.450076 48.271942 30.583582 3.323567 -2.304978
7.460076 48.305145 30.559555 3.320243 -2.402673
7.470076 48.338314 30.534552 3.316923 -2.500270
7.480076 48.371449 30.508574 3.313606 -2.597770
7.490077 48.404552 30.481623 3.310293 -2.695173
7.500077 48.437622 30.453697 3.306983 -2.792477
7.510077 48.470657 30.424801 3.303676 -2.889685
7.520077 48.503662 30.394934 3.300372 -2.986795
7.530077 48.536633 30.364096 3.297071 -3.083808
7.540078 48.569569 30.332289 3.293774 -3.180725
7.550078 48.602474 30.299513 3.290481 -3.277544
7.560078 48.635345 30.265770 3.287190 -3.374266
7.570078 48.668186 30.231062 3.283903 -3.470892
7.580079 48.700993 30.195387 3.280619 -3.567421
7.590079 48.733765 30.158749 3.277339 -3.663854
7.600079 48.766506 30.121147 3.274061 -3.760190
7.610079 48.799213 30.082582 3.270787 -3.856430
7.620080 48.831890 30.043056 3.267516 -3.952573
7.630080 48.864532 30.002571 3.264249 -4.048621
7.640080 48.897141 29.961126 3.260985 -4.144572
7.650080 48.929718 29.918722 3.257724 -4.240427
7.660080 48.962261 29.875360 3.254466 -4.336187
7.670081 48.994774 29.831041 3.251211 -4.431851
7.680081 49.027252 29.785767 3.247960 -4.527419
7.690081 49.059700 29.739538 3.244712 -4.622892
7.700081 49.092113 29.692356 3.241467 -4.718269
7.710082 49.124496 29.644220 3.238226 -4.813550
7.720082 49.156845 29.595133 3.234988 -4.908737
7.730082 49.189163 29.545095 3.231753 -5.003828
7.740082 49.221447 29.494106 3.228521 -5.098824
7.750082 49.253700 29.442169 3.225292 -5.193725
7.760083 49.285919 29.389284 3.222067 -5.288531
7.770083 49.318108 29.335451 3.218845 -5.383243
7.780083 49.350266 29.280672 3.215626 -5.477859
7.790083 49.382389 29.224949 3.212411 -5.572381
7.800084 49.414482 29.168282 3.209198 -5.666809
7.810084 49.446541 29.110670 3.205989 -5.761142
7.820084 49.478569 29.052116 3.202783 -5.855381
7.830084 49.510567 28.992620 3.199580 -5.949526
7.840085 49.542530 28.932184 3.196381 -6.043576
7.850085 49.574463 28.870810 3.193184 -6.137533
7.860085 49.606361 28.808496 3.189991 -6.231395
7.870085 49.638229 28.745245 3.186801 -6.325164
7.880085 49.670067 28.681057 3.183614 -6.418839
7.890086 49.701870 28.615932 3.180431 -6.512420
7.900086 49.733643 28.549873 3.177250 -6.605907
7.910086 49.765385 28.482880 3.174073 -6.699302
7.920086 49.797092 28.414953 3.170899 -6.792603
7.930087 49.828770 28.346096 3.167728 -6.885810
7.940087 49.860416 28.276306 3.164561 -6.978924
7.950087 49.892029 28.205587 3.161396 -7.071945
7.960087 49.923611 28.133938 3.158235 -7.164873
7.970088 49.955162 28.061361 3.155076 -7.257708
7.980088 49.986683 27.987856 3.151921 -7.350451
7.990088 50.018169 27.913425 3.148769 -7.443100
8.000088 50.049625 27.838068 3.145621 -7.535657
8.010088 50.081051 27.761787 3.142475 -7.628121
8.020088 50.112446 27.684582 3.139333 -7.720493
8.030088 50.143806 27.606455 3.136193 -7.812773
8.040089 50.175137 27.527405 3.133057 -7.904960
8.050089 50.206436 27.447433 3.129924 -7.997055
8.060089 50.237705 27.366543 3.126794 -8.089058
8.070089 50.268944 27.284733 3.123667 -8.180969
8.080090 50.300148 27.202005 3.120543 -8.272788
8.090090 50.331322 27.118361 3.117423 -8.364515
8.100090 50.362465 27.033798 3.114305 -8.456151
8.110090 50.393578 26.948320 3.111191 -8.547695
8.120090 50.424660 26.861929 3.108080 -8.639148
8.130091 50.455708 26.774624 3.104972 -8.730509
8.140091 50.486725 26.686405 3.101867 -8.821778
8.150091 50.517712 26.597275 3.098765 -8.912956
8.160091 50.548668 26.507235 3.095667 -9.004044
8.170092 50.579594 26.416285 3.092571 -9.095039
8.180092 50.610489 26.324425 3.089478 -9.185945
8.190092 50.641354 26.231657 3.086389 -9.276758
8.200092 50.672188 26.137981 3.083303 -9.367481
8.210093 50.702991 26.043400 3.080220 -9.458114
8.220093 50.733765 25.947914 3.077139 -9.548656
8.230093 50.764503 25.851522 3.074062 -9.639107
8.240093 50.795212 25.754229 3.070988 -9.729467
8.250093 50.825890 25.656031 3.067917 -9.819738
8.260094 50.856537 25.556931 3.064849 -9.909919
8.270094 50.887154 25.456930 3.061784 -10.000009
8.280094 50.917740 25.356030 3.058722 -10.090009
8.290094 50.948296 25.254230 3.055664 -10.179918
8.300095 50.978821 25.151533 3.052608 -10.269738
8.310095 51.009315 25.047939 3.049556 -10.359468
8.320095 51.039780 24.943449 3.046506 -10.449109
8.330095 51.070213 24.838062 3.043459 -10.538660
8.340096 51.100616 24.731781 3.040416 -10.628121
8.350096 51.130989 24.624605 3.037376 -10.717493
8.360096 51.161331 24.516537 3.034338 -10.806775
8.370096 51.191643 24.407578 3.031304 -10.895968
8.380096 51.221924 24.297728 3.028273 -10.985072
8.390097 51.252174 24.186987 3.025244 -11.074087
8.400097 51.282398 24.075357 3.022219 -11.163013
8.410097 51.312592 23.962839 3.019197 -11.251850
8.420097 51.342754 23.849434 3.016178 -11.340598
8.430098 51.372887 23.735142 3.013162 -11.429257
8.440098 51.402988 23.619963 3.010149 -11.517828
8.450098 51.433060 23.503901 3.007138 -11.606310
8.460098 51.463100 23.386953 3.004131 -11.694704
8.470098 51.493111 23.269123 3.001127 -11.783010
8.480099 51.523090 23.150412 2.998126 -11.871226
8.490099 51.553043 23.030819 2.995128 -11.959355
8.500099 51.582966 22.910345 2.992133 -12.047396
8.510099 51.612858 22.788992 2.989141 -12.135348
8.520100 51.642719 22.666759 2.986152 -12.223213
8.530100 51.672550 22.543650 2.983166 -12.310990
8.540100 51.702351 22.419662 2.980182 -12.398680
8.550100 51.732124 22.294800 2.977202 -12.486281
8.560101 51.761868 22.169062 2.974225 -12.573795
8.570101 51.791580 22.042450 2.971251 -12.661222
8.580101 51.821262 21.914965 2.968280 -12.748560
8.590101 51.850914 21.786606 2.965311 -12.835812
8.600101 51.880539 21.657375 2.962346 -12.922976
8.610102 51.910133 21.527275 2.959384 -13.010053
8.620102 51.939697 21.396305 2.956424 -13.097043
8.630102 51.969231 21.264465 2.953468 -13.183946
8.640102 51.998737 21.131758 2.950514 -13.270761
8.650103 52.028214 20.998182 2.947564 -13.357491
8.660103 52.057659 20.863741 2.944616 -13.444133
8.670103 52.087074 20.728434 2.941672 -13.530688
8.680103 52.116463 20.592262 2.938730 -13.617158
8.690104 52.145821 20.455227 2.935791 -13.703541
8.700104 52.175148 20.317329 2.932855 -13.789837
8.710104 52.204449 20.178570 2.929923 -13.876047
8.720104 52.233719 20.038948 2.926993 -13.962172
8.730104 52.262959 19.898466 2.924066 -14.048209
8.740105 52.292171 19.757124 2.921142 -14.134161
8.750105 52.321354 19.614923 2.918221 -14.220027
8.760105 52.350506 19.471865 2.915302 -14.305807
8.770105 52.379631 19.327950 2.912387 -14.391501
8.780106 52.408726 19.183178 2.909475 -14.477110
8.790106 52.437790 19.037552 2.906565 -14.562633
8.800106 52.466827 18.891071 2.903659 -14.648070
8.810106 52.495834 18.743736 2.900755 -14.733422
8.820107 52.524815 18.595549 2.897854 -14.818688
8.830107 52.553764 18.446510 2.894956 -14.903870
8.840107 52.582684 18.296621 2.892061 -14.988966
8.850107 52.611576 18.145882 2.889169 -15.073977
8.860107 52.640438 17.994293 2.886280 -15.158903
8.870108 52.669273 17.841856 2.883394 -15.243744
8.880108 52.698078 17.688572 2.880511 -15.328500
8.890108 52.726856 17.534441 2.877630 -15.413172
8.900108 52.755604 17.379463 2.874752 -15.497759
8.910109 52.784321 17.223640 2.871877 -15.582261
8.920109 52.813011 17.066973 2.869005 -15.666678
8.930109 52.841671 16.909462 2.866137 -15.751012
8.940109 52.870304 16.751110 2.863271 -15.835260
8.950109 52.898907 16.591915 2.860407 -15.919425
8.960110 52.927483 16.431881 2.857547 -16.003506
8.970110 52.956028 16.271006 2.854690 -16.087502
8.980110 52.984547 16.109291 2.851835 -16.171413
8.990110 53.013035 15.946738 2.848983 -16.255241
9.000111 53.041496 15.783348 2.846134 -16.338985
9.010111 53.069931 15.619122 2.843288 -16.422646
9.020111 53.098335 15.454060 2.840445 -16.506224
9.030111 53.126713 15.288162 2.837604 -16.589718
9.040112 53.155060 15.121431 2.834766 -16.673128
9.050112 53.183380 14.953867 2.831932 -16.756454
9.060112 53.211670 14.785470 2.829100 -16.839699
9.070112 53.239933 14.616241 2.826271 -16.922859
9.080112 53.268166 14.446182 2.823444 -17.005936
9.090113 53.296371 14.275293 2.820621 -17.088930
9.100113 53.324551 14.103575 2.817800 -17.171841
9.110113 53.352699 13.931028 2.814982 -17.254669
9.120113 53.380821 13.757654 2.812167 -17.337414
9.130114 53.408916 13.583453 2.809355 -17.420076
9.140114 53.436981 13.408426 2.806546 -17.502657
9.150114 53.465019 13.232574 2.803739 -17.585154
9.160114 53.493027 13.055899 2.800936 -17.667568
9.170115 53.521008 12.878400 2.798135 -17.749901
9.180115 53.548962 12.700078 2.795336 -17.832151
9.190115 53.576885 12.520935 2.792541 -17.914320
9.200115 53.604782 12.340971 2.789749 -17.996407
9.210115 53.632652 12.160187 2.786959 -18.078411
9.220116 53.660496 11.978583 2.784172 -18.160334
9.230116 53.688309 11.796162 2.781388 -18.242174
9.240116 53.716095 11.612923 2.778606 -18.323933
9.250116 53.743855 11.428866 2.775828 -18.405609
9.260117 53.771584 11.243995 2.773052 -18.487204
9.270117 53.799286 11.058308 2.770279 -18.568716
9.280117 53.826962 10.871806 2.767509 -18.650146
9.290117 53.854610 10.684491 2.764741 -18.731497
9.300117 53.882229 10.496364 2.761976 -18.812765
9.310118 53.909821 10.307425 2.759214 -18.893951
9.320118 53.937386 10.117674 2.756455 -18.975058
9.330118 53.964924 9.927113 2.753699 -19.056082
9.340118 53.992432 9.735743 2.750945 -19.137026
9.350119 54.019913 9.543564 2.748194 -19.217888
9.360119 54.047367 9.350577 2.745446 -19.298670
9.370119 54.074795 9.156784 2.742701 -19.379372
9.380119 54.102196 8.962184 2.739958 -19.459991
9.390120 54.129566 8.766779 2.737218 -19.540531
9.400120 54.156910 8.570569 2.734481 -19.620991
9.410120 54.184227 8.373555 2.731746 -19.701370
9.420120 54.211517 8.175738 2.729014 -19.781670
9.430120 54.238781 7.977119 2.726285 -19.861889
9.440121 54.266018 7.777699 2.723559 -19.942026
9.450121 54.293228 7.577478 2.720836 -20.022083
9.460121 54.320408 7.376458 2.718115 -20.102060
9.470121 54.347561 7.174638 2.715397 -20.181959
9.480122 54.374687 6.972021 2.712681 -20.261778
9.490122 54.401787 6.768605 2.709969 -20.341516
9.500122 54.428860 6.564394 2.707259 -20.421175
9.510122 54.455906 6.359386 2.704551 -20.500753
9.520123 54.482925 6.153584 2.701847 -20.580254
9.530123 54.509918 5.946987 2.699145 -20.659674
9.540123 54.536884 5.739596 2.696446 -20.739014
9.550123 54.563824 5.531414 2.693749 -20.818275
9.560123 54.590733 5.322439 2.691056 -20.897457
9.570124 54.617615 5.112674 2.688365 -20.976561
9.580124 54.644470 4.902118 2.685676 -21.055584
9.590124 54.671299 4.690773 2.682991 -21.134529
9.600124 54.698101 4.478639 2.680308 -21.213394
9.610125 54.724876 4.265717 2.677627 -21.292181
9.620125 54.751625 4.052008 2.674950 -21.370890
9.630125 54.778347 3.837513 2.672275 -21.449518
9.640125 54.805042 3.622232 2.669602 -21.528069
9.650126 54.831711 3.406167 2.666933 -21.606541
9.660126 54.858353 3.189317 2.664266 -21.684935
9.670126 54.884968 2.971685 2.661602 -21.763250
9.680126 54.911556 2.753270 2.658940 -21.841488
9.690126 54.938118 2.534074 2.656281 -21.919647
9.700127 54.964653 2.314096 2.653625 -21.997728
9.710127 54.991161 2.093339 2.650971 -22.075731
9.720127 55.017643 1.871802 2.648320 -22.153656
9.730127 55.044098 1.649487 2.645672 -22.231503
9.740128 55.070530 1.426395 2.643026 -22.309271
9.750128 55.096935 1.202525 2.640383 -22.386961
9.760128 55.123314 .977880 2.637743 -22.464575
9.770128 55.149666 .752458 2.635105 -22.542110
9.780128 55.175991 .526263 2.632470 -22.619568
9.790129 55.202290 .299293 2.629838 -22.696949
9.800129 55.228561 .071551 2.627208 -22.774252
9.810129 55.254807 .156964 1.837206 15.996035
9.820129 55.273159 .315764 1.835369 15.880038
9.830130 55.291492 .473406 1.833534 15.764158
9.840130 55.309811 .629890 1.831700 15.648394
9.850130 55.328110 .785217 1.829869 15.532745
9.860130 55.346390 .939389 1.828039 15.417212
9.870131 55.364651 1.092407 1.826211 15.301795
9.880131 55.382896 1.244272 1.824384 15.186493
9.890131 55.401123 1.394985 1.822560 15.071306
9.900131 55.419331 1.544548 1.820737 14.956235
9.910131 55.437519 1.692961 1.818917 14.841279
9.920132 55.455688 1.840225 1.817098 14.726438
9.930132 55.473843 1.986342 1.815281 14.611712
9.940132 55.491978 2.131313 1.813465 14.497100
9.950132 55.510094 2.275139 1.811652 14.382603
9.960133 55.528191 2.417821 1.809840 14.268220
9.970133 55.546272 2.559361 1.808031 14.153952
9.980133 55.564335 2.699759 1.806223 14.039798
9.990133 55.582378 2.839017 1.804416 13.925758
10.000134 55.600403 2.977135 1.802612 13.811832
10.010134 55.618412 3.114115 1.800809 13.698021
10.020134 55.636402 3.249959 1.799008 13.584323
10.030134 55.654373 3.384666 1.797210 13.470738
10.040134 55.672329 3.518239 1.795412 13.357267
10.050135 55.690266 3.650678 1.793617 13.243910
10.060135 55.708183 3.781984 1.791823 13.130666
10.070135 55.726082 3.912160 1.790031 13.017535
10.080135 55.743965 4.041205 1.788241 12.904518
10.090136 55.761829 4.169121 1.786453 12.791614
10.100136 55.779675 4.295909 1.784667 12.678822
10.110136 55.797504 4.421571 1.782882 12.566143
10.120136 55.815315 4.546106 1.781099 12.453577
10.130136 55.833107 4.669518 1.779318 12.341124
10.140137 55.850883 4.791805 1.777539 12.228783
10.150137 55.868641 4.912971 1.775761 12.116554
10.160137 55.886379 5.033015 1.773985 12.004437
10.170137 55.904102 5.151939 1.772211 11.892433
10.180138 55.921806 5.269745 1.770439 11.780540
10.190138 55.939491 5.386433 1.768669 11.668760
10.200138 55.957161 5.502004 1.766900 11.557092
10.210138 55.974812 5.616459 1.765133 11.445535
10.220139 55.992447 5.729800 1.763368 11.334089
10.230139 56.010063 5.842027 1.761605 11.222755
10.240139 56.027660 5.953143 1.759843 11.111532
10.250139 56.045242 6.063147 1.758083 11.000421
10.260139 56.062805 6.172041 1.756325 10.889421
10.270140 56.080349 6.279827 1.754569 10.778531
10.280140 56.097878 6.386504 1.752814 10.667752
10.290140 56.115387 6.492075 1.751061 10.557084
10.300140 56.132881 6.596540 1.749310 10.446527
10.310141 56.150356 6.699901 1.747561 10.336081
10.320141 56.167816 6.802158 1.745813 10.225744
10.330141 56.185257 6.903314 1.744068 10.115519
10.340141 56.202679 7.003368 1.742324 10.005404
10.350142 56.220085 7.102322 1.740581 9.895398
10.360142 56.237473 7.200177 1.738841 9.785502
10.370142 56.254845 7.296934 1.737102 9.675717
10.380142 56.272198 7.392594 1.735365 9.566042
10.390142 56.289536 7.487159 1.733629 9.456476
10.400143 56.306854 7.580629 1.731896 9.347020
10.410143 56.324158 7.673006 1.730164 9.237673
10.420143 56.341442 7.764290 1.728434 9.128435
10.430143 56.358707 7.854484 1.726705 9.019307
10.440144 56.375957 7.943586 1.724979 8.910288
10.450144 56.393188 8.031600 1.723254 8.801377
10.460144 56.410404 8.118526 1.721530 8.692575
10.470144 56.427601 8.204365 1.719809 8.583883
10.480145 56.444782 8.289118 1.718089 8.475300
10.490145 56.461945 8.372787 1.716371 8.366824
10.500145 56.479092 8.455371 1.714655 8.258457
10.510145 56.496220 8.536873 1.712940 8.150199
10.520145 56.513332 8.617293 1.711227 8.042048
10.530146 56.530426 8.696633 1.709516 7.934006
10.540146 56.547504 8.774894 1.707806 7.826072
10.550146 56.564564 8.852077 1.706098 7.718246
10.560146 56.581608 8.928182 1.704392 7.610528
10.570147 56.598633 9.003211 1.702688 7.502917
10.580147 56.615643 9.077166 1.700985 7.395414
10.590147 56.632637 9.150045 1.699284 7.288018
10.600147 56.649612 9.221852 1.697585 7.180730
10.610147 56.666573 9.292588 1.695887 7.073550
10.620148 56.683514 9.362253 1.694192 6.966476
10.630148 56.700439 9.430848 1.692497 6.859510
10.640148 56.717346 9.498375 1.690805 6.752650
10.650148 56.734238 9.564834 1.689114 6.645897
10.660149 56.751110 9.630226 1.687425 6.539251
10.670149 56.767967 9.694553 1.685738 6.432712
10.680149 56.784809 9.757816 1.684052 6.326279
10.690149 56.801632 9.820016 1.682368 6.219953
10.700150 56.818439 9.881153 1.680685 6.113733
10.710150 56.835228 9.941229 1.679005 6.007619
10.720150 56.852001 10.000245 1.677326 5.901612
10.730150 56.868759 10.058202 1.675648 5.795710
10.740150 56.885498 10.115101 1.673973 5.689914
10.750151 56.902222 10.170943 1.672299 5.584224
10.760151 56.918926 10.225730 1.670627 5.478640
10.770151 56.935616 10.279462 1.668956 5.373161
10.780151 56.952290 10.332140 1.667287 5.267788
10.790152 56.968945 10.383765 1.665620 5.162520
10.800152 56.985584 10.434339 1.663954 5.057357
10.810152 57.002209 10.483862 1.662290 4.952300
10.820152 57.018814 10.532335 1.660628 4.847348
10.830153 57.035404 10.579761 1.658967 4.742500
10.840153 57.051979 10.626138 1.657308 4.637758
10.850153 57.068535 10.671469 1.655651 4.533120
10.860153 57.085075 10.715755 1.653995 4.428587
10.870153 57.101601 10.758996 1.652341 4.324158
10.880154 57.118107 10.801194 1.650689 4.219834
10.890154 57.134598 10.842350 1.649038 4.115614
10.900154 57.151073 10.882465 1.647389 4.011498
10.910154 57.167530 10.921540 1.645742 3.907487
10.920155 57.183971 10.959576 1.644096 3.803579
10.930155 57.200397 10.996573 1.642452 3.699776
10.940155 57.216805 11.032535 1.640810 3.596076
10.950155 57.233196 11.067459 1.639169 3.492480
10.960155 57.249573 11.101349 1.637530 3.388988
10.970156 57.265930 11.134205 1.635892 3.285599
10.980156 57.282272 11.166028 1.634256 3.182313
10.990156 57.298599 11.196819 1.632622 3.079131
11.000156 57.314911 11.226580 1.630989 2.976052
11.010157 57.331203 11.255310 1.629358 2.873075
11.020157 57.347481 11.283012 1.627729 2.770202
11.030157 57.363743 11.309687 1.626101 2.667432
11.040157 57.379986 11.335335 1.624475 2.564765
11.050158 57.396214 11.359957 1.622851 2.462200
11.060158 57.412426 11.383554 1.621228 2.359738
11.070158 57.428623 11.406128 1.619607 2.257378
11.080158 57.444801 11.427679 1.617987 2.155121
11.090158 57.460964 11.448209 1.616369 2.052966
11.100159 57.477112 11.467718 1.614753 1.950913
11.110159 57.493244 11.486208 1.613138 1.848962
11.120159 57.509361 11.503679 1.611525 1.747113
11.130159 57.525459 11.520133 1.609913 1.645366
11.140160 57.541542 11.535570 1.608303 1.543720
11.150160 57.557610 11.549992 1.606695 1.442177
11.160160 57.573662 11.563399 1.605088 1.340734
11.170160 57.589695 11.575793 1.603483 1.239394
11.180161 57.605713 11.587174 1.601880 1.138154
11.190161 57.621716 11.597545 1.600278 1.037016
11.200161 57.637703 11.606904 1.598678 .935979
11.210161 57.653675 11.615254 1.597079 .835043
11.220161 57.669628 11.622597 1.595482 .734208
11.230162 57.685566 11.628931 1.593886 .633474
11.240162 57.701488 11.634259 1.592293 .532840
11.250162 57.717396 11.638582 1.590700 .432308
11.260162 57.733288 11.641901 1.589110 .331875
11.270163 57.749165 11.644217 1.587521 .231543
11.280163 57.765022 11.645530 1.585933 .131312
11.290163 57.780865 11.645842 1.584347 .031181
11.300163 57.796692 11.645153 1.582763 -.068851
11.310163 57.812504 11.643465 1.581180 -.168782
11.320164 57.828300 11.640779 1.579599 -.268613
11.330164 57.844082 11.637095 1.578019 -.368344
11.340164 57.859848 11.632416 1.576441 -.467976
11.350164 57.875595 11.626740 1.574865 -.567508
11.360165 57.891327 11.620071 1.573290 -.666941
11.370165 57.907043 11.612409 1.571717 -.766274
11.380165 57.922745 11.603753 1.570145 -.865507
11.390165 57.938431 11.594107 1.568575 -.964642
11.400166 57.954102 11.583470 1.567006 -1.063677
11.410166 57.969757 11.571844 1.565439 -1.162614
11.420166 57.985397 11.559230 1.563874 -1.261451
11.430166 58.001022 11.545628 1.562310 -1.360189
11.440166 58.016628 11.531039 1.560748 -1.458829
11.450167 58.032219 11.515466 1.559187 -1.557370
11.460167 58.047794 11.498908 1.557628 -1.655813
11.470167 58.063354 11.481366 1.556070 -1.754157
11.480167 58.078899 11.462842 1.554514 -1.852403
11.490168 58.094429 11.443336 1.552960 -1.950551
11.500168 58.109943 11.422851 1.551407 -2.048600
11.510168 58.125443 11.401385 1.549855 -2.146552
11.520168 58.140926 11.378942 1.548305 -2.244405
11.530169 58.156395 11.355520 1.546757 -2.342161
11.540169 58.171848 11.331122 1.545210 -2.439819
11.550169 58.187286 11.305749 1.543665 -2.537379
11.560169 58.202709 11.279401 1.542122 -2.634841
11.570169 58.218117 11.252079 1.540579 -2.732207
11.580170 58.233505 11.223784 1.539039 -2.829474
11.590170 58.248878 11.194518 1.537500 -2.926645
11.600170 58.264236 11.164281 1.535962 -3.023718
11.610170 58.279579 11.133074 1.534426 -3.120695
11.620171 58.294907 11.100898 1.532892 -3.217574
11.630171 58.310219 11.067754 1.531359 -3.314356
11.640171 58.325516 11.033644 1.529828 -3.411042
11.650171 58.340797 10.998568 1.528298 -3.507631
11.660172 58.356064 10.962526 1.526770 -3.604123
11.670172 58.371315 10.925521 1.525243 -3.700519
11.680172 58.386551 10.887552 1.523718 -3.796818
11.690172 58.401772 10.848622 1.522194 -3.893022
11.700172 58.416977 10.808731 1.520672 -3.989129
11.710173 58.432167 10.767879 1.519151 -4.085139
11.720173 58.447342 10.726068 1.517632 -4.181054
11.730173 58.462502 10.683300 1.516114 -4.276873
11.740173 58.477646 10.639574 1.514598 -4.372596
11.750174 58.492775 10.594892 1.513084 -4.468224
11.760174 58.507889 10.549254 1.511570 -4.563756
11.770174 58.522991 10.502663 1.510059 -4.659192
11.780174 58.538078 10.455117 1.508549 -4.754532
11.790174 58.553150 10.406619 1.507040 -4.849778
11.800175 58.568207 10.357170 1.505533 -4.944928
11.810175 58.583248 10.306770 1.504028 -5.039983
11.820175 58.598274 10.255421 1.502524 -5.134943
11.830175 58.613285 10.203122 1.501021 -5.229808
11.840176 58.628281 10.149877 1.499520 -5.324578
11.850176 58.643261 10.095684 1.498021 -5.419254
11.860176 58.658226 10.040545 1.496523 -5.513834
11.870176 58.673176 9.984462 1.495026 -5.608321
11.880177 58.688110 9.927435 1.493531 -5.702713
11.890177 58.703030 9.869465 1.492038 -5.797010
11.900177 58.717934 9.810553 1.490546 -5.891213
11.910177 58.732822 9.750699 1.489055 -5.985322
11.920177 58.747700 9.689906 1.487566 -6.079336
11.930178 58.762562 9.628174 1.486078 -6.173257
11.940178 58.777409 9.565503 1.484592 -6.267084
11.950178 58.792240 9.501895 1.483108 -6.360816
11.960178 58.807056 9.437350 1.481624 -6.454456
11.970179 58.821857 9.371870 1.480143 -6.548001
11.980179 58.836643 9.305455 1.478663 -6.641453
11.990179 58.851414 9.238107 1.477184 -6.734812
12.000179 58.866169 9.169826 1.475707 -6.828077
12.010180 58.880913 9.100613 1.474231 -6.921249
12.020180 58.895641 9.030469 1.472757 -7.014328
12.030180 58.910355 8.959395 1.471284 -7.107313
12.040180 58.925053 8.887393 1.469813 -7.200206
12.050180 58.939735 8.814463 1.468343 -7.293005
12.060181 58.954403 8.740605 1.466875 -7.385713
12.070181 58.969055 8.665822 1.465408 -7.478327
12.080181 58.983696 8.590114 1.463942 -7.570848
12.090181 58.998322 8.513481 1.462479 -7.663278
12.100182 59.012932 8.435925 1.461016 -7.755614
12.110182 59.027527 8.357446 1.459555 -7.847858
12.120182 59.042107 8.278046 1.458095 -7.940011
12.130182 59.056671 8.197725 1.456637 -8.032070
12.140182 59.071224 8.116485 1.455181 -8.124038
12.150183 59.085762 8.034326 1.453726 -8.215914
12.160183 59.100285 7.951249 1.452272 -8.307698
12.170183 59.114792 7.867255 1.450819 -8.399390
12.180183 59.129284 7.782345 1.449369 -8.490991
12.190184 59.143764 7.696520 1.447919 -8.582500
12.200184 59.158230 7.609781 1.446471 -8.673917
12.210184 59.172680 7.522129 1.445025 -8.765243
12.220184 59.187115 7.433564 1.443580 -8.856478
12.230185 59.201534 7.344088 1.442136 -8.947621
12.240185 59.215942 7.253701 1.440694 -9.038673
12.250185 59.230335 7.162405 1.439253 -9.129635
12.260185 59.244713 7.070199 1.437814 -9.220505
12.270185 59.259075 6.977087 1.436376 -9.311284
12.280186 59.273426 6.883067 1.434940 -9.401973
12.290186 59.287762 6.788141 1.433505 -9.492571
12.300186 59.302082 6.692310 1.432072 -9.583078
12.310186 59.316387 6.595575 1.430640 -9.673495
12.320187 59.330681 6.497937 1.429209 -9.763822
12.330187 59.344959 6.399396 1.427780 -9.854057
12.340187 59.359222 6.299954 1.426352 -9.944203
12.350187 59.373470 6.199611 1.424926 -10.034259
12.360188 59.387707 6.098369 1.423501 -10.124225
12.370188 59.401928 5.996228 1.422077 -10.214101
12.380188 59.416134 5.893189 1.420655 -10.303886
12.390188 59.430325 5.789254 1.419235 -10.393582
12.400188 59.444504 5.684422 1.417815 -10.483189
12.410189 59.458668 5.578695 1.416398 -10.572705
12.420189 59.472816 5.472074 1.414981 -10.662132
12.430189 59.486954 5.364559 1.413566 -10.751471
12.440189 59.501076 5.256152 1.412153 -10.840719
12.450190 59.515182 5.146853 1.410740 -10.929878
12.460190 59.529274 5.036664 1.409330 -11.018949
12.470190 59.543354 4.925584 1.407920 -11.107929
12.480190 59.557419 4.813616 1.406513 -11.196821
12.490191 59.571468 4.700760 1.405106 -11.285625
12.500191 59.585506 4.587017 1.403701 -11.374339
12.510191 59.599529 4.472387 1.402297 -11.462965
12.520191 59.613537 4.356872 1.400895 -11.551502
12.530191 59.627533 4.240472 1.399494 -11.639951
12.540192 59.641514 4.123189 1.398095 -11.728311
12.550192 59.655479 4.005023 1.396696 -11.816583
12.560192 59.669434 3.885975 1.395300 -11.904766
12.570192 59.683372 3.766047 1.393904 -11.992862
12.580193 59.697296 3.645238 1.392511 -12.080869
12.590193 59.711208 3.523550 1.391118 -12.168788
12.600193 59.725105 3.400984 1.389727 -12.256619
12.610193 59.738987 3.277540 1.388337 -12.344363
12.620193 59.752857 3.153220 1.386949 -12.432019
12.630194 59.766712 3.028024 1.385562 -12.519588
12.640194 59.780556 2.901953 1.384176 -12.607068
12.650194 59.794384 2.775009 1.382792 -12.694461
12.660194 59.808197 2.647191 1.381409 -12.781766
12.670195 59.821999 2.518502 1.380028 -12.868984
12.680195 59.835785 2.388940 1.378648 -12.956115
12.690195 59.849556 2.258509 1.377269 -13.043159
12.700195 59.863316 2.127208 1.375892 -13.130116
12.710196 59.877060 1.995038 1.374516 -13.216986
12.720196 59.890793 1.862000 1.373142 -13.303769
12.730196 59.904510 1.728095 1.371768 -13.390466
12.740196 59.918213 1.593325 1.370397 -13.477076
12.750196 59.931904 1.457689 1.369026 -13.563599
12.760197 59.945580 1.321188 1.367657 -13.650035
12.770197 59.959244 1.183824 1.366289 -13.736385
12.780197 59.972893 1.045598 1.364923 -13.822649
12.790197 59.986526 .906510 1.363558 -13.908827
12.800198 60.000149 .766560 1.362195 -13.994918
12.810198 60.013756 .625751 1.360833 -14.080923
12.820198 60.027351 .484083 1.359472 -14.166842
12.830198 60.040932 .341556 1.358112 -14.252676
12.840199 60.054501 .198172 1.356754 -14.338424
12.850199 60.068054 .053931 1.355397 -14.424086
12.860199 60.081596 .091166 .947829 10.156763
12.870199 60.091064 .191632 .946882 10.046606
12.880199 60.100525 .290997 .945935 9.936560
12.890200 60.109974 .389264 .944989 9.826623
12.900200 60.119415 .486432 .944044 9.716796
12.910200 60.128845 .582502 .943100 9.607080
12.920200 60.138268 .677477 .942157 9.497473
12.930201 60.147678 .771357 .941215 9.387976
12.940201 60.157082 .864143 .940273 9.278587
12.950201 60.166473 .955836 .939333 9.169309
12.960201 60.175858 1.046437 .938394 9.060140
12.970201 60.185230 1.135948 .937455 8.951079
12.980202 60.194595 1.224370 .936518 8.842129
12.990202 60.203953 1.311702 .935581 8.733287
13.000202 60.213299 1.397948 .934646 8.624554
13.010202 60.222637 1.483107 .933711 8.515929
13.020203 60.231964 1.567181 .932777 8.407413
13.030203 60.241283 1.650171 .931845 8.299006
13.040203 60.250591 1.732078 .930913 8.190707
13.050203 60.259892 1.812904 .929982 8.082517
13.060204 60.269180 1.892648 .929052 7.974434
13.070204 60.278461 1.971313 .928123 7.866460
13.080204 60.287735 2.048898 .927195 7.758594
13.090204 60.296997 2.125407 .926268 7.650835
13.100204 60.306252 2.200839 .925341 7.543184
13.110205 60.315495 2.275195 .924416 7.435641
13.120205 60.324730 2.348477 .923491 7.328206
13.130205 60.333954 2.420686 .922568 7.220877
13.140205 60.343170 2.491822 .921645 7.113657
13.150206 60.352379 2.561888 .920724 7.006543
13.160206 60.361576 2.630883 .919803 6.899536
13.170206 60.370766 2.698810 .918883 6.792636
13.180206 60.379944 2.765668 .917964 6.685844
13.190207 60.389114 2.831460 .917046 6.579158
13.200207 60.398277 2.896186 .916129 6.472579
13.210207 60.407429 2.959847 .915213 6.366107
13.220207 60.416573 3.022444 .914298 6.259740
13.230207 60.425705 3.083979 .913384 6.153481
13.240208 60.434830 3.144452 .912470 6.047327
13.250208 60.443947 3.203865 .911558 5.941280
13.260208 60.453053 3.262218 .910646 5.835339
13.270208 60.462151 3.319514 .909736 5.729503
13.280209 60.471237 3.375751 .908826 5.623774
13.290209 60.480316 3.430933 .907917 5.518150
13.300209 60.489388 3.485059 .907009 5.412632
13.310209 60.498447 3.538131 .906102 5.307219
13.320210 60.507500 3.590150 .905196 5.201912
13.330210 60.516544 3.641118 .904291 5.096710
13.340210 60.525578 3.691034 .903387 4.991613
13.350210 60.534603 3.739900 .902483 4.886622
13.360210 60.543617 3.787717 .901581 4.781735
13.370211 60.552624 3.834487 .900679 4.676954
13.380211 60.561623 3.880210 .899778 4.572277
13.390211 60.570610 3.924887 .898879 4.467705
13.400211 60.579590 3.968519 .897980 4.363237
13.410212 60.588562 4.011108 .897082 4.258873
13.420212 60.597523 4.052654 .896185 4.154614
13.430212 60.606476 4.093159 .895289 4.050460
13.440212 60.615421 4.132623 .894393 3.946409
13.450212 60.624355 4.171047 .893499 3.842463
13.460213 60.633282 4.208434 .892605 3.738621
13.470213 60.642200 4.244782 .891713 3.634882
13.480213 60.651108 4.280095 .890821 3.531247
13.490213 60.660007 4.314372 .889930 3.427716
13.500214 60.668900 4.347615 .889040 3.324288
13.510214 60.677780 4.379825 .888151 3.220964
13.520214 60.686653 4.411002 .887263 3.117743
13.530214 60.695518 4.441148 .886376 3.014625
13.540215 60.704372 4.470264 .885490 2.911611
13.550215 60.713219 4.498352 .884604 2.808699
13.560215 60.722057 4.525411 .883719 2.705890
13.570215 60.730885 4.551443 .882836 2.603184
13.580215 60.739704 4.576448 .881953 2.500581
13.590216 60.748516 4.600429 .881071 2.398080
13.600216 60.757317 4.623386 .880190 2.295682
13.610216 60.766109 4.645320 .879310 2.193387
13.620216 60.774895 4.666232 .878430 2.091193
13.630217 60.783669 4.686123 .877552 1.989102
13.640217 60.792435 4.704994 .876674 1.887113
13.650217 60.801193 4.722847 .875798 1.785226
13.660217 60.809944 4.739681 .874922 1.683441
13.670218 60.818684 4.755498 .874047 1.581757
13.680218 60.827415 4.770300 .873173 1.480175
13.690218 60.836140 4.784087 .872300 1.378695
13.700218 60.844852 4.796860 .871427 1.277316
13.710218 60.853558 4.808620 .870556 1.176039
13.720219 60.862255 4.819369 .869685 1.074863
13.730219 60.870945 4.829107 .868816 .973788
13.740219 60.879623 4.837835 .867947 .872814
13.750219 60.888294 4.845555 .867079 .771942
13.760220 60.896957 4.852266 .866212 .671170
13.770220 60.905609 4.857971 .865346 .570498
13.780220 60.914253 4.862670 .864480 .469928
13.790220 60.922890 4.866365 .863616 .369458
13.800220 60.931519 4.869056 .862752 .269089
13.810221 60.940136 4.870744 .861889 .168819
13.820221 60.948746 4.871430 .861028 .068651
13.830221 60.957348 4.871116 .860167 -.031418
13.840221 60.965942 4.869802 .859306 -.131387
13.850222 60.974525 4.867490 .858447 -.231255
13.860222 60.983101 4.864180 .857589 -.331024
13.870222 60.991669 4.859873 .856731 -.430693
13.880222 61.000229 4.854570 .855874 -.530262
13.890223 61.008778 4.848273 .855018 -.629732
13.900223 61.017319 4.840982 .854163 -.729102
13.910223 61.025852 4.832699 .853309 -.828373
13.920223 61.034378 4.823423 .852456 -.927545
13.930223 61.042892 4.813157 .851604 -1.026617
13.940224 61.051399 4.801901 .850752 -1.125591
13.950224 61.059898 4.789657 .849901 -1.224465
13.960224 61.068390 4.776424 .849051 -1.323241
13.970224 61.076874 4.762205 .848202 -1.421917
13.980225 61.085346 4.747000 .847354 -1.520496
13.990225 61.093811 4.730811 .846507 -1.618975
14.000225 61.102268 4.713637 .845660 -1.717356
14.010225 61.110718 4.695480 .844814 -1.815639
14.020226 61.119156 4.676342 .843970 -1.913823
14.030226 61.127586 4.656223 .843126 -2.011909
14.040226 61.136009 4.635124 .842283 -2.109897
14.050226 61.144424 4.613046 .841440 -2.207788
14.060226 61.152832 4.589990 .840599 -2.305580
14.070227 61.161228 4.565957 .839758 -2.403274
14.080227 61.169617 4.540948 .838919 -2.500871
14.090227 61.177998 4.514965 .838080 -2.598370
14.100227 61.186371 4.488007 .837241 -2.695771
14.110228 61.194736 4.460076 .836404 -2.793076
14.120228 61.203091 4.431173 .835568 -2.890282
14.130228 61.211437 4.401299 .834732 -2.987392
14.140228 61.219776 4.370455 .833897 -3.084405
14.150229 61.228107 4.338642 .833064 -3.181320
14.160229 61.236431 4.305861 .832231 -3.278139
14.170229 61.244743 4.272112 .831398 -3.374861
14.180229 61.253048 4.237397 .830567 -3.471486
14.190229 61.261345 4.201717 .829736 -3.568014
14.200230 61.269634 4.165072 .828907 -3.664446
14.210230 61.277916 4.127465 .828078 -3.760782
14.220230 61.286190 4.088894 .827250 -3.857021
14.230230 61.294453 4.049363 .826422 -3.953164
14.240231 61.302708 4.008871 .825596 -4.049211
14.250231 61.310955 3.967419 .824770 -4.145162
14.260231 61.319195 3.925009 .823946 -4.241016
14.270231 61.327427 3.881641 .823122 -4.336775
14.280231 61.335651 3.837317 .822298 -4.432438
14.290232 61.343864 3.792037 .821476 -4.528006
14.300232 61.352070 3.745802 .820655 -4.623478
14.310232 61.360268 3.698613 .819834 -4.718854
14.320232 61.368458 3.650472 .819014 -4.814136
14.330233 61.376640 3.601379 .818195 -4.909321
14.340233 61.384815 3.551335 .817377 -5.004412
14.350233 61.392982 3.500340 .816560 -5.099408
14.360233 61.401138 3.448397 .815743 -5.194308
14.370234 61.409286 3.395506 .814927 -5.289114
14.380234 61.417427 3.341668 .814112 -5.383825
14.390234 61.425560 3.286884 .813298 -5.478441
14.400234 61.433685 3.231154 .812485 -5.572963
14.410234 61.441803 3.174480 .811672 -5.667390
14.420235 61.449913 3.116863 .810861 -5.761723
14.430235 61.458012 3.058303 .810050 -5.855961
14.440235 61.466103 2.998802 .809240 -5.950105
14.450235 61.474186 2.938361 .808431 -6.044155
14.460236 61.482262 2.876980 .807622 -6.138111
14.470236 61.490330 2.814660 .806814 -6.231973
14.480236 61.498390 2.751402 .806008 -6.325741
14.490236 61.506443 2.687208 .805202 -6.419415
14.500237 61.514488 2.622078 .804396 -6.512996
14.510237 61.522526 2.556013 .803592 -6.606483
14.520237 61.530552 2.489015 .802788 -6.699876
14.530237 61.538570 2.421083 .801986 -6.793176
14.540237 61.546581 2.352219 .801184 -6.886383
14.550238 61.554585 2.282424 .800382 -6.979496
14.560238 61.562580 2.211699 .799582 -7.072517
14.570238 61.570568 2.140045 .798782 -7.165444
14.580238 61.578548 2.067462 .797984 -7.258279
14.590239 61.586521 1.993952 .797186 -7.351020
14.600239 61.594486 1.919515 .796389 -7.443669
14.610239 61.602444 1.844153 .795592 -7.536226
14.620239 61.610394 1.767866 .794797 -7.628690
14.630239 61.618332 1.690655 .794002 -7.721061
14.640240 61.626263 1.612522 .793208 -7.813340
14.650240 61.634186 1.533467 .792415 -7.905527
14.660240 61.642101 1.453490 .791622 -7.997621
14.670240 61.650009 1.372594 .790830 -8.089623
14.680241 61.657909 1.290779 .790040 -8.181534
14.690241 61.665802 1.208045 .789250 -8.273353
14.700241 61.673687 1.124395 .788460 -8.365079
14.710241 61.681564 1.039827 .787672 -8.456714
14.720242 61.689434 .954345 .786884 -8.548257
14.730242 61.697296 .867948 .786097 -8.639709
14.740242 61.705151 .780637 .785311 -8.731069
14.750242 61.712997 .692414 .784526 -8.822337
14.760242 61.720837 .603279 .783741 -8.913515
14.770243 61.728664 .513233 .782958 -9.004601
14.780243 61.736485 .422277 .782175 -9.095597
14.790243 61.744297 .330412 .781393 -9.186502
14.800243 61.752102 .237638 .780611 -9.277315
14.810244 61.759899 .143958 .779831 -9.368038
14.820244 61.767689 .049371 .779051 -9.458670
14.830244 61.775471 .046121 .544790 6.684447
14.840244 61.780914 .111898 .544245 6.577763
14.850245 61.786350 .176610 .543701 6.471185
14.860245 61.791782 .240257 .543157 6.364714
14.870245 61.797207 .302841 .542614 6.258349
14.880245 61.802628 .364362 .542072 6.152091
14.890245 61.808044 .424821 .541530 6.045938
14.900246 61.813454 .484220 .540988 5.939893
14.910246 61.818859 .542560 .540447 5.833953
14.920246 61.824257 .599841 .539907 5.728119
14.930246 61.829651 .656065 .539367 5.622391
14.940247 61.835041 .711232 .538827 5.516768
14.950247 61.840424 .765345 .538289 5.411252
14.960247 61.845802 .818403 .537750 5.305840
14.970247 61.851173 .870409 .537212 5.200535
14.980247 61.856541 .921362 .536675 5.095334
14.990248 61.861900 .971264 .536139 4.990239
15.000248 61.867256 1.020117 .535602 4.885249
15.010248 61.872608 1.067920 .535067 4.780364
15.020248 61.877953 1.114676 .534532 4.675583
15.030249 61.883293 1.160385 .533997 4.570908
15.040249 61.888626 1.205049 .533463 4.466337
15.050249 61.893955 1.248667 .532930 4.361870
15.060249 61.899281 1.291242 .532397 4.257508
15.070250 61.904598 1.332775 .531864 4.153251
15.080250 61.909912 1.373266 .531333 4.049098
15.090250 61.915218 1.412717 .530801 3.945048
15.100250 61.920521 1.451128 .530271 3.841103
15.110250 61.925819 1.488500 .529740 3.737262
15.120251 61.931110 1.524835 .529211 3.633525
15.130251 61.936398 1.560134 .528681 3.529891
15.140251 61.941681 1.594398 .528153 3.426362
15.150251 61.946957 1.627627 .527624 3.322935
15.160252 61.952229 1.659823 .527097 3.219612
15.170252 61.957493 1.690987 .526570 3.116393
15.180252 61.962753 1.721120 .526043 3.013276
15.190252 61.968010 1.750223 .525517 2.910263
15.200253 61.973259 1.778296 .524992 2.807353
15.210253 61.978504 1.805342 .524467 2.704545
15.220253 61.983742 1.831360 .523942 2.601841
15.230253 61.988976 1.856353 .523418 2.499239
15.240253 61.994205 1.880320 .522895 2.396740
15.250254 61.999428 1.903263 .522372 2.294343
15.260254 62.004646 1.925184 .521849 2.192049
15.270254 62.009861 1.946082 .521328 2.089857
15.280254 62.015068 1.965960 .520806 1.987767
15.290255 62.020271 1.984818 .520285 1.885779
15.300255 62.025471 2.002657 .519765 1.783893
15.310255 62.030663 2.019478 .519245 1.682109
15.320255 62.035851 2.035282 .518726 1.580427
15.330256 62.041031 2.050071 .518207 1.478847
15.340256 62.046207 2.063844 .517689 1.377368
15.350256 62.051380 2.076604 .517172 1.275991
15.360256 62.056545 2.088351 .516654 1.174715
15.370256 62.061707 2.099087 .516138 1.073540
15.380257 62.066864 2.108811 .515622 .972466
15.390257 62.072014 2.117526 .515106 .871494
15.400257 62.077160 2.125232 .514591 .770622
15.410257 62.082302 2.131931 .514076 .669852
15.420258 62.087437 2.137623 .513562 .569182
15.430258 62.092567 2.142309 .513049 .468613
15.440258 62.097694 2.145990 .512536 .368144
15.450258 62.102814 2.148668 .512023 .267776
15.460258 62.107929 2.150343 .511511 .167508
15.470259 62.113041 2.151016 .511000 .067341
15.480259 62.118145 2.150689 .510489 -.032727
15.490259 62.123245 2.149362 .509978 -.132694
15.500259 62.128342 2.147037 .509468 -.232561
15.510260 62.133430 2.143713 .508959 -.332329
15.520260 62.138515 2.139393 .508450 -.431996
15.530260 62.143597 2.134078 .507941 -.531564
15.540260 62.148670 2.127768 .507433 -.631033
15.550261 62.153740 2.120464 .506926 -.730402
15.560261 62.158806 2.112167 .506419 -.829671
15.570261 62.163864 2.102879 .505913 -.928842
15.580261 62.168919 2.092599 .505407 -1.027913
15.590261 62.173969 2.081331 .504901 -1.126885
15.600262 62.179012 2.069073 .504396 -1.225758
15.610262 62.184052 2.055828 .503892 -1.324532
15.620262 62.189087 2.041595 .503388 -1.423208
15.630262 62.194115 2.026378 .502885 -1.521785
15.640263 62.199139 2.010175 .502382 -1.620263
15.650263 62.204159 1.992989 .501879 -1.718642
15.660263 62.209171 1.974819 .501378 -1.816924
15.670263 62.214180 1.955668 .500876 -1.915107
15.680264 62.219185 1.935536 .500375 -2.013192
15.690264 62.224182 1.914425 .499875 -2.111178
15.700264 62.229176 1.892334 .499375 -2.209067
15.710264 62.234165 1.869265 .498876 -2.306858
15.720264 62.239147 1.845220 .498377 -2.404551
15.730265 62.244125 1.820198 .497878 -2.502147
15.740265 62.249100 1.794202 .497381 -2.599645
15.750265 62.254070 1.767231 .496883 -2.697045
15.760265 62.259033 1.739288 .496386 -2.794348
15.770266 62.263992 1.710372 .495890 -2.891554
15.780266 62.268948 1.680486 .495394 -2.988662
15.790266 62.273895 1.649629 .494899 -3.085673
15.800266 62.278839 1.617803 .494404 -3.182588
15.810266 62.283779 1.585009 .493909 -3.279405
15.820267 62.288712 1.551248 .493415 -3.376126
15.830267 62.293640 1.516521 .492922 -3.472750
15.840267 62.298565 1.480828 .492429 -3.569277
15.850267 62.303486 1.444171 .491937 -3.665708
15.860268 62.308399 1.406550 .491445 -3.762042
15.870268 62.313309 1.367967 .490953 -3.858280
15.880268 62.318214 1.328423 .490462 -3.954422
15.890268 62.323112 1.287918 .489972 -4.050467
15.900269 62.328007 1.246454 .489482 -4.146417
15.910269 62.332897 1.204032 .488992 -4.242271
15.920269 62.337784 1.160651 .488503 -4.338029
15.930269 62.342663 1.116314 .488015 -4.433691
15.940269 62.347538 1.071022 .487527 -4.529257
15.950270 62.352409 1.024775 .487039 -4.624728
15.960270 62.357273 .977574 .486552 -4.720103
15.970270 62.362133 .929420 .486066 -4.815383
15.980270 62.366989 .880314 .485580 -4.910568
15.990271 62.371841 .830257 .485094 -5.005657
16.000271 62.376686 .779251 .484609 -5.100652
16.010271 62.381527 .727295 .484124 -5.195551
16.020271 62.386364 .674392 .483640 -5.290355
16.030272 62.391197 .620541 .483157 -5.385065
16.040272 62.396023 .565744 .482673 -5.479680
16.050272 62.400845 .510002 .482191 -5.574200
16.060272 62.405663 .453316 .481709 -5.668626
16.070272 62.410477 .395687 .481227 -5.762957
16.080273 62.415283 .337115 .480746 -5.857194
16.090273 62.420086 .277601 .480265 -5.951337
16.100273 62.424885 .217147 .479785 -6.045385
16.110273 62.429676 .155754 .479305 -6.139340
16.120274 62.434464 .093422 .478826 -6.233201
16.130274 62.439247 .030152 .478347 -6.326967
16.140274 62.444027 .034054 .334508 4.494448
16.150274 62.447369 .077954 .334173 4.389954
16.160275 62.450706 .120809 .333839 4.285563
16.170275 62.454041 .162622 .333505 4.181278
16.180275 62.457371 .203393 .333172 4.077096
16.190275 62.460701 .243123 .332839 3.973019
16.200275 62.464027 .281814 .332506 3.869046
16.210276 62.467350 .319465 .332173 3.765177
16.220276 62.470669 .356080 .331841 3.661412
16.230276 62.473984 .391657 .331509 3.557751
16.240276 62.477295 .426199 .331178 3.454193
16.250277 62.480602 .459706 .330847 3.350739
16.260277 62.483906 .492180 .330516 3.247388
16.270277 62.487209 .523622 .330185 3.144141
16.280277 62.490509 .554032 .329855 3.040997
16.290277 62.493805 .583411 .329525 2.937956
16.300278 62.497097 .611761 .329196 2.835018
16.310278 62.500385 .639083 .328867 2.732183
16.320278 62.503670 .665378 .328538 2.629451
16.330278 62.506950 .690646 .328209 2.526821
16.340279 62.510231 .714889 .327881 2.424294
16.350279 62.513508 .738108 .327553 2.321870
16.360279 62.516781 .760303 .327225 2.219548
16.370279 62.520050 .781476 .326898 2.117329
16.380280 62.523315 .801628 .326571 2.015211
16.390280 62.526577 .820760 .326245 1.913196
16.400280 62.529835 .838873 .325918 1.811283
16.410280 62.533092 .855968 .325593 1.709472
16.420280 62.536346 .872046 .325267 1.607762
16.430281 62.539597 .887107 .324942 1.506154
16.440281 62.542843 .901154 .324617 1.404648
16.450281 62.546085 .914186 .324292 1.303244
16.460281 62.549324 .926205 .323968 1.201940
16.470282 62.552559 .937213 .323644 1.100738
16.480282 62.555794 .947209 .323320 .999638
16.490282 62.559025 .956195 .322997 .898638
16.500282 62.562252 .964173 .322674 .797739
16.510283 62.565475 .971142 .322351 .696942
16.520283 62.568695 .977105 .322029 .596245
16.530283 62.571911 .982061 .321707 .495649
16.540283 62.575123 .986013 .321385 .395153
16.550283 62.578335 .988960 .321064 .294758
16.560284 62.581543 .990905 .320743 .194463
16.570284 62.584747 .991848 .320422 .094268
16.580284 62.587948 .991789 .320102 -.005826
16.590284 62.591145 .990731 .319781 -.105820
16.600285 62.594337 .988674 .319462 -.205714
16.610285 62.597530 .985619 .319142 -.305508
16.620285 62.600719 .981567 .318823 -.405203
16.630285 62.603905 .976519 .318504 -.504798
16.640285 62.607086 .970476 .318186 -.604293
16.650286 62.610264 .963439 .317868 -.703689
16.660286 62.613438 .955409 .317550 -.802985
16.670286 62.616611 .946387 .317232 -.902182
16.680286 62.619781 .936375 .316915 -1.001280
16.690287 62.622948 .925372 .316598 -1.100278
16.700287 62.626110 .913380 .316281 -1.199178
16.710287 62.629269 .900400 .315965 -1.297979
16.720287 62.632423 .886433 .315649 -1.396681
16.730288 62.635578 .871481 .315334 -1.495284
16.740288 62.638729 .855543 .315018 -1.593789
16.750288 62.641876 .838621 .314703 -1.692195
16.760288 62.645020 .820716 .314388 -1.790503
16.770288 62.648159 .801829 .314074 -1.888713
16.780289 62.651299 .781960 .313760 -1.986824
16.790289 62.654434 .761112 .313446 -2.084837
16.800289 62.657566 .739284 .313133 -2.182752
16.810289 62.660694 .716479 .312820 -2.280569
16.820290 62.663818 .692696 .312507 -2.378289
16.830290 62.666939 .667937 .312194 -2.475910
16.840290 62.670059 .642202 .311882 -2.573435
16.850290 62.673176 .615494 .311570 -2.670861
16.860291 62.676289 .587812 .311259 -2.768190
16.870291 62.679398 .559158 .310947 -2.865422
16.880291 62.682503 .529532 .310636 -2.962557
16.890291 62.685608 .498936 .310326 -3.059594
16.900291 62.688709 .467371 .310015 -3.156535
16.910292 62.691807 .434837 .309705 -3.253378
16.920292 62.694901 .401336 .309396 -3.350125
16.930292 62.697990 .366868 .309086 -3.446775
16.940292 62.701077 .331435 .308777 -3.543328
16.950293 62.704163 .295037 .308468 -3.639785
16.960293 62.707245 .257675 .308160 -3.736145
16.970293 62.710323 .219351 .307852 -3.832409
16.980293 62.713398 .180066 .307544 -3.928576
16.990294 62.716469 .139819 .307236 -4.024648
17.000294 62.719540 .098613 .306929 -4.120623
17.010294 62.722607 .056448 .306622 -4.216503
17.020294 62.725670 .013325 .306316 -4.312286
17.030294 62.728729 .030755 .214207 3.085582
17.040295 62.730869 .060580 .213992 2.982496
17.050295 62.733006 .089375 .213778 2.879514
17.060295 62.735142 .117141 .213565 2.776634
17.070295 62.737274 .143880 .213351 2.673858
17.080296 62.739407 .169592 .213138 2.571184
17.090296 62.741535 .194278 .212925 2.468613
17.100296 62.743664 .217939 .212712 2.366144
17.110296 62.745789 .240577 .212499 2.263778
17.120296 62.747910 .262192 .212286 2.161514
17.130297 62.750031 .282786 .212074 2.059353
17.140297 62.752148 .302359 .211862 1.957294
17.150297 62.754265 .320912 .211650 1.855336
17.160297 62.756378 .338447 .211439 1.753481
17.170298 62.758492 .354964 .211227 1.651727
17.180298 62.760601 .370465 .211016 1.550076
17.190298 62.762711 .384950 .210805 1.448526
17.200298 62.764816 .398421 .210594 1.347077
17.210299 62.766922 .410878 .210383 1.245730
17.220299 62.769024 .422323 .210173 1.144484
17.230299 62.771122 .432756 .209963 1.043340
17.240299 62.773220 .442179 .209753 .942297
17.250299 62.775314 .450593 .209543 .841354
17.260300 62.777409 .457998 .209334 .740513
17.270300 62.779499 .464396 .209124 .639772
17.280300 62.781590 .469787 .208915 .539133
17.290300 62.783676 .474173 .208706 .438593
17.300301 62.785763 .477555 .208498 .338155
17.310301 62.787846 .479933 .208289 .237817
17.320301 62.789925 .481309 .208081 .137579
17.330301 62.792004 .481683 .207873 .037441
17.340302 62.794079 .481057 .207665 -.062596
17.350302 62.796154 .479432 .207457 -.162534
17.360302 62.798225 .476808 .207250 -.262371
17.370302 62.800297 .473187 .207042 -.362109
17.380302 62.802364 .468569 .206835 -.461746
17.390303 62.804432 .462957 .206629 -.561285
17.400303 62.806496 .456349 .206422 -.660723
17.410303 62.808559 .448749 .206216 -.760063
17.420303 62.810619 .440156 .206009 -.859303
17.430304 62.812679 .430571 .205803 -.958443
17.440304 62.814735 .419996 .205598 -1.057485
17.450304 62.816788 .408432 .205392 -1.156427
17.460304 62.818840 .395879 .205187 -1.255271
17.470304 62.820889 .382339 .204981 -1.354016
17.480305 62.822937 .367813 .204776 -1.452662
17.490305 62.824982 .352301 .204572 -1.551209
17.500305 62.827026 .335804 .204367 -1.649658
17.510305 62.829067 .318324 .204163 -1.748008
17.520306 62.831108 .299861 .203958 -1.846260
17.530306 62.833145 .280417 .203755 -1.944414
17.540306 62.835182 .259993 .203551 -2.042469
17.550306 62.837215 .238588 .203347 -2.140427
17.560307 62.839249 .216205 .203144 -2.238286
17.570307 62.841278 .192845 .202941 -2.336048
17.580307 62.843304 .168508 .202738 -2.433712
17.590307 62.845329 .143195 .202535 -2.531278
17.600307 62.847351 .116908 .202333 -2.628747
17.610308 62.849373 .089646 .202130 -2.726118
17.620308 62.851391 .061412 .201928 -2.823392
17.630308 62.853409 .032207 .201726 -2.920569
17.640308 62.855423 .002030 .201524 -3.017648
17.650309 62.857437 .029116 .140926 2.180241
17.660309 62.858845 .049897 .140785 2.078061
17.670309 62.860252 .069656 .140644 1.975983
17.680309 62.861656 .088397 .140504 1.874007
17.690310 62.863060 .106118 .140363 1.772133
17.700310 62.864464 .122821 .140223 1.670361
17.710310 62.865864 .138508 .140083 1.568690
17.720310 62.867264 .153180 .139942 1.467122
17.730310 62.868660 .166836 .139803 1.365655
17.740311 62.870056 .179479 .139663 1.264289
17.750311 62.871452 .191109 .139523 1.163025
17.760311 62.872845 .201728 .139384 1.061862
17.770311 62.874237 .211336 .139244 .960800
17.780312 62.875629 .219934 .139105 .859839
17.790312 62.877018 .227524 .138966 .758979
17.800312 62.878407 .234106 .138827 .658220
17.810312 62.879795 .239682 .138688 .557562
17.820312 62.881180 .244252 .138549 .457004
17.830313 62.882565 .247817 .138411 .356547
17.840313 62.883945 .250379 .138272 .256191
17.850313 62.885326 .251939 .138134 .155935
17.860313 62.886707 .252496 .137996 .055779
17.870314 62.888084 .252054 .137858 -.044277
17.880314 62.889462 .250611 .137720 -.144233
17.890314 62.890839 .248170 .137582 -.244089
17.900314 62.892212 .244732 .137445 -.343844
17.910315 62.893585 .240297 .137307 -.443501
17.920315 62.894958 .234866 .137170 -.543057
17.930315 62.896328 .228441 .137033 -.642514
17.940315 62.897697 .221023 .136896 -.741872
17.950315 62.899067 .212611 .136759 -.841130
17.960316 62.900433 .203208 .136622 -.940289
17.970316 62.901798 .192815 .136486 -1.039348
17.980316 62.903160 .181432 .136349 -1.138309
17.990316 62.904522 .169060 .136213 -1.237171
18.000317 62.905884 .155701 .136077 -1.335934
18.010317 62.907242 .141355 .135940 -1.434598
18.020317 62.908600 .126023 .135805 -1.533163
18.030317 62.909958 .109707 .135669 -1.631630
18.040318 62.911312 .092407 .135533 -1.729998
18.050318 62.912666 .074124 .135397 -1.828268
18.060318 62.914021 .054860 .135262 -1.926440
18.070318 62.915371 .034615 .135127 -2.024514
18.080318 62.916721 .013390 .134992 -2.122489
18.090319 62.918072 .008814 .094400 1.554257
18.100319 62.919014 .023341 .094305 1.452702
18.110319 62.919956 .036853 .094211 1.351250
18.120319 62.920898 .049352 .094117 1.249898
18.130320 62.921837 .060839 .094023 1.148649
18.140320 62.922775 .071314 .093929 1.047500
18.150320 62.923714 .080778 .093835 .946452
18.160320 62.924652 .089233 .093741 .845506
18.170321 62.925587 .096680 .093647 .744660
18.180321 62.926521 .103119 .093553 .643916
18.190321 62.927456 .108552 .093460 .543272
18.200321 62.928391 .112979 .093366 .442729
18.210321 62.929325 .116402 .093273 .342286
18.220322 62.930256 .118822 .093180 .241944
18.230322 62.931187 .120239 .093087 .141702
18.240322 62.932117 .120654 .092994 .041560
18.250322 62.933048 .120069 .092901 -.058482
18.260323 62.933975 .118485 .092808 -.158423
18.270323 62.934902 .115902 .092715 -.258265
18.280323 62.935829 .112322 .092622 -.358006
18.290323 62.936756 .107746 .092530 -.457648
18.300323 62.937679 .102174 .092437 -.557191
18.310324 62.938602 .095608 .092345 -.656634
18.320324 62.939526 .088048 .092252 -.755977
18.330324 62.940449 .079496 .092160 -.855221
18.340324 62.941368 .069952 .092068 -.954366
18.350325 62.942287 .059418 .091976 -1.053411
18.360325 62.943207 .047894 .091884 -1.152358
18.370325 62.944126 .035382 .091792 -1.251205
18.380325 62.945042 .021883 .091700 -1.349954
18.390326 62.945957 .007397 .091608 -1.448604
18.400326 62.946873 .008075 .064062 1.083009
18.410326 62.947514 .017894 .063998 .981926
18.420326 62.948154 .026704 .063934 .880944
18.430326 62.948792 .034504 .063870 .780063
18.440327 62.949429 .041297 .063806 .679283
18.450327 62.950066 .047083 .063742 .578604
18.460327 62.950703 .051863 .063678 .478025
18.470327 62.951340 .055639 .063615 .377547
18.480328 62.951977 .058410 .063551 .277170
18.490328 62.952610 .060179 .063487 .176892
18.500328 62.953243 .060947 .063424 .076716
18.510328 62.953876 .060713 .063361 -.023361
18.520329 62.954510 .059480 .063297 -.123338
18.530329 62.955143 .057247 .063234 -.223214
18.540329 62.955776 .054018 .063171 -.322991
18.550329 62.956406 .049791 .063108 -.422668
18.560329 62.957035 .044568 .063044 -.522246
18.570330 62.957664 .038351 .062981 -.621723
18.580330 62.958294 .031140 .062918 -.721102
18.590330 62.958923 .022936 .062855 -.820381
18.600330 62.959553 .013741 .062793 -.919560
18.610331 62.960178 .003554 .062730 -1.018641
18.620331 62.960804 .007622 .043867 .782335
18.630331 62.961243 .014437 .043823 .681553
18.640331 62.961681 .020246 .043779 .580872
18.650331 62.962120 .025049 .043735 .480291
18.660332 62.962559 .028847 .043692 .379810
18.670332 62.962994 .031641 .043648 .279431
18.680332 62.963428 .033433 .043604 .179151
18.690332 62.963863 .034223 .043561 .078972
18.700333 62.964298 .034012 .043517 -.021107
18.710333 62.964733 .032801 .043474 -.121086
18.720333 62.965168 .030591 .043430 -.220965
18.730333 62.965603 .027384 .043387 -.320744
18.740334 62.966038 .023179 .043343 -.420423
18.750334 62.966473 .017979 .043300 -.520003
18.760334 62.966904 .011785 .043257 -.619483
18.770334 62.967335 .004596 .043214 -.718863
18.780334 62.967766 .003585 .030219 .572701
18.790335 62.968067 .008307 .030189 .472128
18.800335 62.968369 .012023 .030159 .371656
18.810335 62.968670 .014736 .030129 .271284
18.820335 62.968971 .016446 .030099 .171013
18.830336 62.969273 .017155 .030068 .070842
18.840336 62.969574 .016862 .030038 -.029229
18.850336 62.969875 .015570 .030008 -.129199
18.860336 62.970177 .013280 .029978 -.229070
18.870337 62.970478 .009991 .029948 -.328841
18.880337 62.970776 .005706 .029918 -.428512
18.890337 62.971073 .000425 .029888 -.528084
18.900337 62.971371 .005850 .020901 .439289
18.910337 62.971581 .009239 .020880 .338850
18.920338 62.971790 .011624 .020859 .238511
18.930338 62.972000 .013007 .020838 .138272
18.940338 62.972210 .013388 .020818 .038134
18.950338 62.972420 .012769 .020797 -.061904
18.960339 62.972626 .011150 .020776 -.161842
18.970339 62.972832 .008534 .020755 -.261680
18.980339 62.973038 .004919 .020734 -.361419
18.990339 62.973244 .000309 .020714 -.461057
19.000340 62.973450 .005297 .014485 .392417
19.010340 62.973595 .008217 .014471 .292025
19.020340 62.973740 .010135 .014456 .191733
19.030340 62.973885 .011050 .014442 .091541
19.040340 62.974030 .010965 .014427 -.008550
19.050341 62.974174 .009879 .014413 -.108542
19.060341 62.974319 .007795 .014398 -.208433
19.070341 62.974464 .004713 .014384 -.308225
19.080341 62.974609 .000633 .014370 -.407917
19.090342 62.974754 .004442 .010049 .355256
19.100342 62.974854 .006991 .010039 .254901
19.110342 62.974953 .008537 .010029 .154646
19.120342 62.975052 .009082 .010019 .054491
19.130342 62.975151 .008626 .010009 -.045563
19.140343 62.975250 .007171 .009999 -.145518
19.150343 62.975349 .004717 .009989 -.245372
19.160343 62.975449 .001266 .009979 -.345127
19.170343 62.975548 .003182 .006978 .311347
19.180344 62.975616 .005292 .006971 .211036
19.190344 62.975685 .006400 .006964 .110825
