-146, 1
-144, 1
-142, 3
-140, 4
-138, 2
-136, 4
-134, 3
-132, 6
-130, 6
-128, 3
-126, 12
-124, 8
-122, 7
-120, 18
-118, 29
-116, 27
-114, 29
-112, 61
-110, 74
-108, 65
-106, 90
-104, 104
-102, 149
-100, 191
-98, 173
-96, 222
-94, 321
-92, 376
-90, 477
-88, 531
-86, 630
-84, 717
-82, 895
-80, 1027
-78, 1220
-76, 1394
-74, 1650
-72, 1828
-70, 2166
-68, 2483
-66, 2816
-64, 3214
-62, 3712
-60, 4186
-58, 4695
-56, 5186
-54, 5960
-52, 6464
-50, 7274
-48, 8009
-46, 8768
-44, 9473
-42, 10415
-40, 11454
-38, 12201
-36, 13204
-34, 14094
-32, 15118
-30, 16113
-28, 17065
-26, 17893
-24, 19135
-22, 19771
-20, 20889
-18, 21585
-16, 22212
-14, 22961
-12, 23385
-10, 23859
-8, 24384
-6, 24773
-4, 24691
-2, 25324
0, 25144
2, 25260
4, 25166
6, 24978
8, 24291
10, 23884
12, 23610
14, 22796
16, 22252
18, 21240
20, 20687
22, 19853
24, 18928
26, 18236
28, 17073
30, 16058
32, 14938
34, 14144
36, 13311
38, 12227
40, 11410
42, 10432
44, 9487
46, 8714
48, 8010
50, 7145
52, 6579
54, 5880
56, 5088
58, 4769
60, 4289
62, 3715
64, 3281
66, 2839
68, 2484
70, 2171
72, 1855
74, 1668
76, 1370
78, 1224
80, 1026
82, 869
84, 777
86, 627
88, 486
90, 414
92, 372
94, 302
96, 268
98, 215
100, 175
102, 150
104, 109
106, 94
108, 75
110, 48
112, 41
114, 33
116, 30
118, 26
120, 23
122, 15
124, 13
126, 12
128, 7
130, 5
132, 1
134, 2
136, 2
138, 2
140, 2
144, 1
146, 2
