-622, 1
-618, 1
-614, 5
-612, 3
-610, 5
-608, 9
-606, 21
-604, 23
-602, 16
-600, 27
-598, 41
-596, 63
-594, 66
-592, 72
-590, 115
-588, 139
-586, 179
-584, 204
-582, 298
-580, 369
-578, 462
-576, 533
-574, 691
-572, 852
-570, 1080
-568, 1276
-566, 1512
-564, 1817
-562, 2168
-560, 2629
-558, 3039
-556, 3599
-554, 4119
-552, 4838
-550, 5468
-548, 6193
-546, 7228
-544, 7961
-542, 9022
-540, 9970
-538, 11249
-536, 12291
-534, 13460
-532, 14746
-530, 16397
-528, 17463
-526, 18785
-524, 20211
-522, 21202
-520, 22628
-518, 23682
-516, 24798
-514, 26137
-512, 26887
-510, 27572
-508, 27935
-506, 28505
-504, 29159
-502, 28868
-500, 29244
-498, 29040
-496, 28531
-494, 27979
-492, 27499
-490, 27284
-488, 26305
-486, 25401
-484, 24525
-482, 23211
-480, 22156
-478, 20823
-476, 19722
-474, 18322
-472, 16858
-470, 15730
-468, 14463
-466, 13175
-464, 12275
-462, 11048
-460, 9913
-458, 8972
-456, 7950
-454, 7185
-452, 6265
-450, 5434
-448, 4912
-446, 4324
-444, 3768
-442, 3169
-440, 2693
-438, 2338
-436, 2136
-434, 1772
-432, 1496
-430, 1291
-428, 1157
-426, 1021
-424, 925
-422, 853
-420, 823
-418, 796
-416, 847
-414, 898
-412, 953
-410, 1065
-408, 1268
-406, 1426
-404, 1648
-402, 1823
-400, 2231
-398, 2596
-396, 2891
-394, 3363
-392, 3885
-390, 4437
-388, 4986
-386, 5695
-384, 6276
-382, 7164
-380, 7810
-378, 8606
-376, 9623
-374, 10668
-372, 11739
-370, 12517
-368, 13780
-366, 14691
-364, 16072
-362, 17196
-360, 17979
-358, 19054
-356, 20435
-354, 21020
-352, 22483
-350, 22984
-348, 24017
-346, 24362
-344, 25201
-342, 25519
-340, 26140
-338, 26596
-336, 26507
-334, 26615
-332, 26790
-330, 26653
-328, 26406
-326, 25938
-324, 25243
-322, 24663
-320, 24036
-318, 23253
-316, 22495
-314, 21569
-312, 20584
-310, 19501
-308, 18367
-306, 17773
-304, 16248
-302, 15140
-300, 14149
-298, 13521
-296, 12131
-294, 11039
-292, 10272
-290, 9307
-288, 8570
-286, 7472
-284, 6814
-282, 5924
-280, 5419
-278, 4797
-276, 4239
-274, 3707
-272, 3262
-270, 2811
-268, 2451
-266, 2207
-264, 1749
-262, 1580
-260, 1322
-258, 1147
-256, 966
-254, 769
-252, 657
-250, 572
-248, 460
-246, 377
-244, 339
-242, 266
-240, 236
-238, 180
-236, 156
-234, 106
-232, 99
-230, 68
-228, 60
-226, 40
-224, 30
-222, 29
-220, 22
-218, 24
-216, 17
-214, 12
-212, 10
-210, 2
-208, 6
-206, 1
-204, 4
-200, 2
-194, 1
-186, 1
