-472, 1
-466, 2
-462, 2
-460, 2
-456, 6
-454, 9
-452, 3
-450, 6
-448, 15
-446, 21
-444, 28
-442, 32
-440, 45
-438, 40
-436, 77
-434, 75
-432, 104
-430, 130
-428, 154
-426, 196
-424, 244
-422, 313
-420, 368
-418, 434
-416, 531
-414, 648
-412, 756
-410, 902
-408, 1163
-406, 1330
-404, 1583
-402, 1756
-400, 2175
-398, 2556
-396, 2866
-394, 3354
-392, 3874
-390, 4431
-388, 4977
-386, 5685
-384, 6275
-382, 7162
-380, 7810
-378, 8603
-376, 9622
-374, 10667
-372, 11739
-370, 12517
-368, 13780
-366, 14691
-364, 16072
-362, 17196
-360, 17979
-358, 19054
-356, 20434
-354, 21020
-352, 22483
-350, 22984
-348, 24017
-346, 24362
-344, 25201
-342, 25519
-340, 26140
-338, 26596
-336, 26507
-334, 26615
-332, 26790
-330, 26653
-328, 26406
-326, 25938
-324, 25243
-322, 24663
-320, 24036
-318, 23253
-316, 22495
-314, 21569
-312, 20584
-310, 19501
-308, 18367
-306, 17773
-304, 16248
-302, 15140
-300, 14149
-298, 13521
-296, 12131
-294, 11039
-292, 10272
-290, 9307
-288, 8570
-286, 7472
-284, 6814
-282, 5924
-280, 5419
-278, 4797
-276, 4239
-274, 3707
-272, 3262
-270, 2811
-268, 2451
-266, 2207
-264, 1749
-262, 1580
-260, 1322
-258, 1147
-256, 966
-254, 769
-252, 657
-250, 572
-248, 460
-246, 377
-244, 339
-242, 266
-240, 236
-238, 180
-236, 156
-234, 106
-232, 99
-230, 68
-228, 60
-226, 40
-224, 30
-222, 29
-220, 22
-218, 24
-216, 17
-214, 12
-212, 10
-210, 2
-208, 6
-206, 1
-204, 4
-200, 2
-194, 1
-186, 1
