-712, 3
-710, 3
-708, 1
-706, 2
-704, 4
-702, 7
-700, 7
-698, 10
-696, 15
-694, 23
-692, 28
-690, 29
-688, 56
-686, 62
-684, 106
-682, 153
-680, 160
-678, 237
-676, 286
-674, 403
-672, 456
-670, 625
-668, 769
-666, 957
-664, 1219
-662, 1406
-660, 1848
-658, 2151
-656, 2654
-654, 3160
-652, 3731
-650, 4389
-648, 5125
-646, 6072
-644, 7010
-642, 7753
-640, 8972
-638, 10142
-636, 11573
-634, 13120
-632, 14681
-630, 15812
-628, 17303
-626, 18982
-624, 20490
-622, 21982
-620, 23470
-618, 25072
-616, 26195
-614, 27342
-612, 28557
-610, 29396
-608, 30436
-606, 30714
-604, 31592
-602, 31491
-600, 31600
-598, 31267
-596, 30880
-594, 30427
-592, 29442
-590, 28736
-588, 28110
-586, 26945
-584, 25421
-582, 24688
-580, 23151
-578, 21917
-576, 20432
-574, 18850
-572, 17612
-570, 16657
-568, 15074
-566, 14156
-564, 13128
-562, 12313
-560, 11718
-558, 10852
-556, 10697
-554, 10179
-552, 10168
-550, 9965
-548, 10044
-546, 10534
-544, 10831
-542, 11400
-540, 11919
-538, 12945
-536, 13687
-534, 14556
-532, 15646
-530, 17153
-528, 18044
-526, 19277
-524, 20616
-522, 21517
-520, 22887
-518, 23888
-516, 24936
-514, 26269
-512, 26984
-510, 27651
-508, 27981
-506, 28555
-504, 29186
-502, 28893
-500, 29268
-498, 29048
-496, 28538
-494, 27987
-492, 27504
-490, 27289
-488, 26307
-486, 25402
-484, 24525
-482, 23211
-480, 22156
-478, 20824
-476, 19722
-474, 18322
-472, 16859
-470, 15730
-468, 14464
-466, 13175
-464, 12275
-462, 11048
-460, 9913
-458, 8972
-456, 7950
-454, 7185
-452, 6265
-450, 5434
-448, 4912
-446, 4324
-444, 3768
-442, 3169
-440, 2693
-438, 2338
-436, 2136
-434, 1772
-432, 1496
-430, 1291
-428, 1157
-426, 1021
-424, 925
-422, 853
-420, 823
-418, 796
-416, 847
-414, 898
-412, 953
-410, 1065
-408, 1268
-406, 1426
-404, 1648
-402, 1823
-400, 2231
-398, 2596
-396, 2891
-394, 3363
-392, 3885
-390, 4437
-388, 4986
-386, 5695
-384, 6276
-382, 7164
-380, 7810
-378, 8606
-376, 9623
-374, 10668
-372, 11739
-370, 12517
-368, 13780
-366, 14691
-364, 16072
-362, 17196
-360, 17979
-358, 19054
-356, 20435
-354, 21020
-352, 22483
-350, 22984
-348, 24017
-346, 24362
-344, 25201
-342, 25519
-340, 26140
-338, 26596
-336, 26507
-334, 26615
-332, 26790
-330, 26653
-328, 26406
-326, 25938
-324, 25243
-322, 24663
-320, 24036
-318, 23253
-316, 22495
-314, 21569
-312, 20584
-310, 19501
-308, 18367
-306, 17773
-304, 16248
-302, 15140
-300, 14149
-298, 13521
-296, 12131
-294, 11039
-292, 10272
-290, 9307
-288, 8570
-286, 7472
-284, 6814
-282, 5924
-280, 5419
-278, 4797
-276, 4239
-274, 3707
-272, 3262
-270, 2811
-268, 2451
-266, 2207
-264, 1749
-262, 1580
-260, 1322
-258, 1147
-256, 966
-254, 769
-252, 657
-250, 572
-248, 460
-246, 377
-244, 339
-242, 266
-240, 236
-238, 180
-236, 156
-234, 106
-232, 99
-230, 68
-228, 60
-226, 40
-224, 30
-222, 29
-220, 22
-218, 24
-216, 17
-214, 12
-212, 10
-210, 2
-208, 6
-206, 1
-204, 4
-200, 2
-194, 1
-186, 1
