  0.50000000000000000        2.8038537781584369        1.2385282860256028       0.78266274606641684       0.22366629897023271       0.16163123908622890        6.5672611636207421     
  0.20000000298023224       0.85031608231638200       0.61335610670733809       0.11847998780452196        5.0876718209673655E-003   3.7965495150045214E-003  0.95051247417411133     
  0.10000000149011612       0.39004458398661157       0.33127352481789929        2.9385529584356362E-002   3.1262315569913213E-004   2.3438099624950581E-004  0.23425519572995768     
   5.0000000745058060E-002  0.18700806426977934       0.17234448356454912        7.3317903526151085E-003   1.9456057965605567E-005   1.4603786395284146E-005   5.8354942332513815E-002
   9.9999997764825821E-003   3.6186599657420881E-002   3.5600429610061379E-002   2.9308502367975109E-004   3.1087345586655601E-008   2.3345486432901907E-008   2.3315305627136240E-003
   4.9999998882412910E-003   1.8019375217613653E-002   1.7872835620077243E-002   7.3269798768205163E-005   1.9428747499716792E-009   1.4698358086207008E-009   5.8286179113409275E-004
   1.0000000474974513E-003   3.5921103872929017E-003   3.5862488398477055E-003   2.9307737228201347E-006   3.1112890042095387E-012   2.1619683820972568E-010   2.3248294294120342E-005
   5.0000002374872565E-004   1.7953218477497757E-003   1.7938564615302965E-003   7.3269310973955726E-007   4.8361314952671819E-013   1.5299610467423008E-009   7.3165961609333863E-006
   9.9999997473787516E-005   3.5894706932815268E-004   3.5888845428733163E-004   2.9307520410526422E-008   5.1780801868517301E-013   2.3681045568935133E-008   2.1369002702442685E-005
   4.9999998736893758E-005   1.7946620573017213E-004   1.7945154997134338E-004   7.3278796364206755E-009   7.7760020644745964E-013   1.4395521308330217E-007   9.2232063974861944E-004
   9.9999997473787516E-006   3.5892062859144147E-005   3.5891473626037396E-005   2.9461633133109899E-010   1.4428458428028534E-012   1.5798437305036828E-006   4.3110798772815428E-002
   9.9999999747524271E-007   3.5890493870205376E-006   3.5889865745986071E-006   3.1405988920596428E-011   3.1405988920596428E-011   3.1943006411250252E-004   73.095787568973222     
   1.0000000116860974E-007   3.5699788680787492E-007   3.5798573261303090E-007   4.9392312462259724E-010   5.8644156197829034E-010   2.9444484074783617E-002   55493.564649214451     
   9.9999999392252903E-009   2.5975423589841284E-008   2.9535727641416543E-008   1.7801520257876291E-009   9.9540553577526225E-010  0.79457294053204208        17.584635917258847     
