.000000 100.000000 10.000000
.010000 100.098991 9.899000
.020000 100.196968 9.798010
.030000 100.293938 9.697030
.040000 100.389900 9.596061
.050000 100.484848 9.495101
.060000 100.578789 9.394152
.070000 100.671722 9.293212
.080000 100.763649 9.192283
.090000 100.854561 9.091364
.100000 100.944466 8.990455
.110000 101.033363 8.889556
.120000 101.121246 8.788667
.130000 101.208122 8.687788
.140000 101.293991 8.586919
.150000 101.378853 8.486060
.160000 101.462708 8.385212
.170000 101.545547 8.284373
.180000 101.627380 8.183545
.190000 101.708206 8.082726
.200000 101.788025 7.981918
.210000 101.866837 7.881120
.220000 101.944641 7.780332
.230000 102.021439 7.679554
.240000 102.097229 7.578786
.250000 102.172012 7.478028
.260000 102.245789 7.377280
.270000 102.318558 7.276543
.280000 102.390312 7.175815
.290000 102.461060 7.075098
.300000 102.530800 6.974390
.310000 102.599533 6.873693
.320000 102.667267 6.773005
.330000 102.733994 6.672328
.340000 102.799713 6.571661
.350000 102.864426 6.471004
.360000 102.928131 6.370357
.370000 102.990829 6.269720
.380000 103.052521 6.169093
.390000 103.113205 6.068476
.400000 103.172882 5.967869
.410000 103.231552 5.867272
.420000 103.289223 5.766685
.430000 103.345886 5.666108
.440000 103.401543 5.565542
.450000 103.456192 5.464985
.460000 103.509834 5.364439
.470000 103.562477 5.263903
.480000 103.614113 5.163376
.490000 103.664742 5.062860
.500000 103.714363 4.962354
.510000 103.762985 4.861857
.520000 103.810600 4.761371
.530000 103.857208 4.660895
.540000 103.902809 4.560429
.550000 103.947411 4.459972
.560000 103.991005 4.359526
.570000 104.033592 4.259090
.580000 104.075180 4.158665
.590000 104.115761 4.058249
.600000 104.155342 3.957843
.610000 104.193916 3.857447
.620000 104.231483 3.757062
.630000 104.268051 3.656686
.640000 104.303612 3.556320
.650000 104.338173 3.455965
.660000 104.371727 3.355619
.670000 104.404282 3.255284
.680000 104.435829 3.154958
.690000 104.466377 3.054642
.700000 104.495918 2.954337
.710000 104.524460 2.854042
.720000 104.551994 2.753756
.730000 104.578529 2.653481
.740000 104.604065 2.553216
.750000 104.628593 2.452960
.760000 104.652122 2.352715
.770000 104.674644 2.252480
.780000 104.696167 2.152255
.790000 104.716690 2.052040
.800000 104.736206 1.951834
.810000 104.754723 1.851639
.820000 104.772240 1.751454
.830000 104.788750 1.651279
.839999 104.804260 1.551114
.849999 104.818771 1.450959
.859999 104.832283 1.350814
.869999 104.844788 1.250679
.879999 104.856293 1.150553
.889999 104.866798 1.050438
.899999 104.876305 .950333
.909999 104.884804 .850238
.919999 104.892303 .750153
.929999 104.898804 .650078
.939999 104.904305 .550013
.949999 104.908806 .449958
.959999 104.912308 .349913
.969999 104.914810 .249878
.979999 104.916306 .149853
.989999 104.916801 .049838
.999999 104.916298 -.050167
1.009999 104.914795 -.150162
1.019999 104.912292 -.250147
1.029999 104.908791 -.350122
1.039999 104.904289 -.450087
1.049999 104.898788 -.550042
1.059999 104.892288 -.649987
1.069999 104.884789 -.749922
1.079999 104.876289 -.849847
1.089999 104.866791 -.949762
1.099999 104.856293 -1.049667
1.109999 104.844795 -1.149562
1.119999 104.832298 -1.249447
1.129999 104.818802 -1.349322
1.139999 104.804314 -1.449187
1.149999 104.788826 -1.549042
1.159999 104.772339 -1.648887
1.169999 104.754852 -1.748722
1.179999 104.736366 -1.848547
1.189999 104.716881 -1.948362
1.199999 104.696396 -2.048167
1.209999 104.674919 -2.147963
1.219999 104.652443 -2.247748
1.229999 104.628967 -2.347523
1.239999 104.604492 -2.447288
1.249999 104.579025 -2.547044
1.259999 104.552559 -2.646789
1.269999 104.525093 -2.746524
1.279999 104.496628 -2.846249
1.289999 104.467171 -2.945965
1.299999 104.436714 -3.045670
1.309999 104.405258 -3.145366
1.319999 104.372810 -3.245051
1.329999 104.339363 -3.344727
1.339999 104.304916 -3.444392
1.349999 104.269478 -3.544048
1.359999 104.233040 -3.643693
1.369999 104.195610 -3.743329
1.379999 104.157181 -3.842955
1.389999 104.117752 -3.942570
1.399999 104.077332 -4.042176
1.409999 104.035912 -4.141772
1.419999 103.993500 -4.241358
1.429999 103.950089 -4.340934
1.439999 103.905685 -4.440500
1.449999 103.860283 -4.540056
1.459999 103.813889 -4.639602
1.469999 103.766495 -4.739138
1.479999 103.718109 -4.838664
1.489999 103.668724 -4.938180
1.499999 103.618347 -5.037686
1.509999 103.566978 -5.137183
1.519999 103.514610 -5.236669
1.529999 103.461250 -5.336145
1.539999 103.406891 -5.435612
1.549999 103.351540 -5.535068
1.559999 103.295197 -5.634514
1.569999 103.237854 -5.733951
1.579999 103.179520 -5.833378
1.589999 103.120193 -5.932795
1.599999 103.059868 -6.032201
1.609999 102.998550 -6.131598
1.619999 102.936241 -6.230985
1.629999 102.872940 -6.330361
1.639999 102.808640 -6.429729
1.649999 102.743347 -6.529086
1.659999 102.677063 -6.628433
1.669999 102.609787 -6.727770
1.679999 102.541519 -6.827097
1.689999 102.472252 -6.926414
1.699999 102.401993 -7.025722
1.709999 102.330742 -7.125019
1.719999 102.258499 -7.224307
1.729999 102.185265 -7.323584
1.739999 102.111038 -7.422852
1.749999 102.035820 -7.522110
1.759999 101.959610 -7.621357
1.769999 101.882401 -7.720595
1.779999 101.804199 -7.819823
1.789999 101.725006 -7.919041
1.799999 101.644821 -8.018250
1.809999 101.563644 -8.117448
1.819999 101.481476 -8.216636
1.829999 101.398315 -8.315814
1.839999 101.314163 -8.414983
1.849999 101.229019 -8.514141
1.859999 101.142883 -8.613290
1.869999 101.055756 -8.712428
1.879999 100.967644 -8.811557
1.889999 100.878540 -8.910676
1.899999 100.788445 -9.009785
1.909999 100.697357 -9.108884
1.919999 100.605278 -9.207973
1.929999 100.512207 -9.307052
1.939999 100.418144 -9.406121
1.949998 100.323090 -9.505180
1.959998 100.227051 -9.604230
1.969998 100.130020 -9.703270
1.979998 100.031998 -9.802299
1.989998 99.932983 -9.901320
1.999998 99.832977 -10.000329
2.009999 99.731987 -10.099329
2.019999 99.630005 -10.198319
2.029999 99.527031 -10.297299
2.039999 99.423065 -10.396270
2.049999 99.318115 -10.495230
2.059999 99.212173 -10.594180
2.069999 99.105240 -10.693121
2.079998 98.997322 -10.792051
2.089998 98.888412 -10.890972
2.099998 98.778511 -10.989883
2.109998 98.667625 -11.088784
2.119998 98.555748 -11.187675
2.129998 98.442879 -11.286556
2.139998 98.329025 -11.385427
2.149998 98.214180 -11.484289
2.159998 98.098351 -11.583140
2.169998 97.981529 -11.681982
2.179998 97.863724 -11.780814
2.189998 97.744926 -11.879636
2.199998 97.625145 -11.978448
2.209998 97.504372 -12.077250
2.219998 97.382614 -12.176043
2.229998 97.259865 -12.274825
2.239998 97.136131 -12.373597
2.249998 97.011406 -12.472360
2.259998 96.885696 -12.571113
2.269998 96.758995 -12.669855
2.279998 96.631310 -12.768588
2.289998 96.502640 -12.867311
2.299998 96.372978 -12.966024
2.309998 96.242332 -13.064728
2.319998 96.110695 -13.163422
2.329998 95.978073 -13.262105
2.339998 95.844467 -13.360779
2.349998 95.709869 -13.459443
2.359998 95.574287 -13.558097
2.369998 95.437721 -13.656741
2.379998 95.300171 -13.755376
2.389998 95.161629 -13.854000
2.399998 95.022102 -13.952615
2.409998 94.881592 -14.051220
2.419998 94.740097 -14.149815
2.429998 94.597610 -14.248400
2.439998 94.454140 -14.346975
2.449998 94.309685 -14.445540
2.459998 94.164246 -14.544096
2.469998 94.017822 -14.642642
2.479998 93.870407 -14.741178
2.489998 93.722008 -14.839704
2.499998 93.572624 -14.938220
2.509998 93.422256 -15.036726
2.519998 93.270905 -15.135222
2.529998 93.118568 -15.233709
2.539998 92.965248 -15.332186
2.549998 92.810944 -15.430653
2.559998 92.655655 -15.529110
2.569998 92.499382 -15.627557
2.579998 92.342125 -15.725994
2.589998 92.183884 -15.824422
2.599998 92.024658 -15.922839
2.609998 91.864449 -16.021246
2.619998 91.703255 -16.119644
2.629998 91.541077 -16.218033
2.639998 91.377914 -16.316412
2.649998 91.213768 -16.414780
2.659998 91.048637 -16.513138
2.669998 90.882523 -16.611486
2.679998 90.715424 -16.709826
2.689998 90.547340 -16.808155
2.699998 90.378273 -16.906475
2.709998 90.208221 -17.004784
2.719998 90.037193 -17.103083
2.729998 89.865181 -17.201372
2.739998 89.692184 -17.299652
2.749998 89.518204 -17.397923
2.759998 89.343239 -17.496183
2.769998 89.167297 -17.594433
2.779998 88.990372 -17.692673
2.789998 88.812462 -17.790903
2.799998 88.633568 -17.889124
2.809998 88.453697 -17.987335
2.819998 88.272842 -18.085537
2.829998 88.091003 -18.183729
2.839998 87.908188 -18.281910
2.849998 87.724388 -18.380081
2.859998 87.539604 -18.478243
2.869998 87.353844 -18.576395
2.879998 87.167099 -18.674538
2.889998 86.979370 -18.772671
2.899998 86.790665 -18.870794
2.909998 86.600975 -18.968906
2.919998 86.410301 -19.067009
2.929998 86.218651 -19.165102
2.939998 86.026016 -19.263186
2.949998 85.832405 -19.361259
2.959998 85.637810 -19.459324
2.969998 85.442238 -19.557379
2.979998 85.245682 -19.655422
2.989998 85.048149 -19.753456
2.999998 84.849632 -19.851480
3.009998 84.650139 -19.949495
3.019998 84.449661 -20.047501
3.029998 84.248207 -20.145496
3.039998 84.045769 -20.243483
3.049998 83.842354 -20.341457
3.059998 83.637962 -20.439423
3.069998 83.432587 -20.537378
3.079998 83.226234 -20.635324
3.089998 83.018906 -20.733261
3.099998 82.810593 -20.831188
3.109998 82.601303 -20.929106
3.119998 82.391029 -21.027014
3.129997 82.179779 -21.124910
3.139997 81.967552 -21.222797
3.149997 81.754349 -21.320675
3.159997 81.540161 -21.418543
3.169997 81.324997 -21.516401
3.179997 81.108856 -21.614250
3.189997 80.891739 -21.712090
3.199997 80.673637 -21.809917
3.209997 80.454559 -21.907736
3.219997 80.234505 -22.005545
3.229997 80.013474 -22.103344
3.239997 79.791466 -22.201134
3.249997 79.568474 -22.298914
3.259997 79.344505 -22.396685
3.269997 79.119560 -22.494446
3.279997 78.893639 -22.592196
3.289997 78.666740 -22.689936
3.299997 78.438866 -22.787666
3.309997 78.210014 -22.885387
3.319997 77.980186 -22.983099
3.329997 77.749382 -23.080801
3.339997 77.517593 -23.178493
3.349997 77.284828 -23.276176
3.359997 77.051086 -23.373848
3.369997 76.816368 -23.471510
3.379997 76.580673 -23.569162
3.389997 76.344002 -23.666805
3.399997 76.106354 -23.764439
3.409997 75.867737 -23.862062
3.419997 75.628143 -23.959677
3.429997 75.387573 -24.057281
3.439997 75.146027 -24.154877
3.449997 74.903503 -24.252460
3.459997 74.660004 -24.350035
3.469997 74.415527 -24.447599
3.479997 74.170074 -24.545155
3.489997 73.923645 -24.642700
3.499997 73.676239 -24.740236
3.509997 73.427864 -24.837763
3.519997 73.178513 -24.935280
3.529997 72.928185 -25.032785
3.539997 72.676880 -25.130281
3.549997 72.424599 -25.227768
3.559997 72.171349 -25.325245
3.569997 71.917122 -25.422712
3.579997 71.661919 -25.520170
3.589997 71.405739 -25.617619
3.599997 71.148590 -25.715057
3.609997 70.890465 -25.812487
3.619997 70.631363 -25.909904
3.629997 70.371292 -26.007313
3.639997 70.110245 -26.104712
3.649997 69.848221 -26.202101
3.659997 69.585228 -26.299480
3.669997 69.321259 -26.396851
3.679997 69.056320 -26.494211
3.689997 68.790405 -26.591562
3.699997 68.523514 -26.688904
3.709997 68.255653 -26.786236
3.719997 67.986816 -26.883556
3.729997 67.717010 -26.980867
3.739997 67.446228 -27.078169
3.749997 67.174477 -27.175461
3.759997 66.901749 -27.272743
3.769997 66.628052 -27.370016
3.779997 66.353378 -27.467279
3.789997 66.077736 -27.564533
3.799997 65.801117 -27.661777
3.809997 65.523529 -27.759012
3.819997 65.244965 -27.856236
3.829997 64.965431 -27.953449
3.839997 64.684921 -28.050653
3.849997 64.403442 -28.147848
3.859997 64.120995 -28.245033
3.869997 63.837574 -28.342209
3.879997 63.553181 -28.439375
3.889997 63.267815 -28.536531
3.899997 62.981480 -28.633678
3.909997 62.694172 -28.730816
3.919997 62.405891 -28.827942
3.929997 62.116642 -28.925058
3.939997 61.826420 -29.022165
3.949997 61.535229 -29.119263
3.959997 61.243065 -29.216351
3.969997 60.949932 -29.313429
3.979997 60.655827 -29.410498
3.989997 60.360752 -29.507557
3.999997 60.064705 -29.604607
4.009997 59.767689 -29.701647
4.019997 59.469704 -29.798677
4.029997 59.170746 -29.895697
4.039998 58.870819 -29.992706
4.049998 58.569923 -30.089706
4.059998 58.268055 -30.186697
4.069998 57.965218 -30.283678
4.079998 57.661411 -30.380650
4.089999 57.356636 -30.477612
4.099999 57.050892 -30.574564
4.109999 56.744175 -30.671507
4.119999 56.436489 -30.768440
4.130000 56.127834 -30.865364
4.140000 55.818211 -30.962278
4.150000 55.507618 -31.059181
4.160000 55.196056 -31.156075
4.170001 54.883526 -31.252958
4.180001 54.570026 -31.349833
4.190001 54.255558 -31.446697
4.200001 53.940121 -31.543552
4.210001 53.623718 -31.640398
4.220002 53.306347 -31.737234
4.230002 52.988007 -31.834061
4.240002 52.668697 -31.930878
4.250002 52.348419 -32.027683
4.260003 52.027176 -32.124481
4.270003 51.704964 -32.221268
4.280003 51.381783 -32.318047
4.290003 51.057636 -32.414814
4.300004 50.732521 -32.511574
4.310004 50.406437 -32.608322
4.320004 50.079388 -32.705063
4.330004 49.751369 -32.801792
4.340004 49.422386 -32.898514
4.350005 49.092434 -32.995224
4.360005 48.761517 -33.091923
4.370005 48.429630 -33.188614
4.380005 48.096779 -33.285294
4.390006 47.762959 -33.381966
4.400006 47.428173 -33.478626
4.410006 47.092419 -33.575279
4.420006 46.755699 -33.671921
4.430007 46.418015 -33.768555
4.440007 46.079361 -33.865177
4.450007 45.739742 -33.961792
4.460007 45.399158 -34.058395
4.470007 45.057610 -34.154991
4.480008 44.715096 -34.251575
4.490008 44.371613 -34.348152
4.500008 44.027164 -34.444717
4.510008 43.681751 -34.541271
4.520009 43.335373 -34.637817
4.530009 42.988029 -34.734352
4.540009 42.639721 -34.830879
4.550009 42.290447 -34.927395
4.560009 41.940208 -35.023903
4.570010 41.589005 -35.120399
4.580010 41.236835 -35.216888
4.590010 40.883701 -35.313366
4.600010 40.529602 -35.409836
4.610011 40.174538 -35.506294
4.620011 39.818512 -35.602745
4.630011 39.461521 -35.699184
4.640011 39.103565 -35.795616
4.650012 38.744644 -35.892036
4.660012 38.384758 -35.988449
4.670012 38.023911 -36.084850
4.680012 37.662098 -36.181240
4.690012 37.299320 -36.277622
4.700013 36.935581 -36.373993
4.710013 36.570877 -36.470356
4.720013 36.205212 -36.566708
4.730013 35.838581 -36.663052
4.740014 35.470985 -36.759384
4.750014 35.102428 -36.855709
4.760014 34.732906 -36.952023
4.770014 34.362423 -37.048328
4.780015 33.990978 -37.144623
4.790015 33.618568 -37.240910
4.800015 33.245197 -37.337185
4.810015 32.870861 -37.433453
4.820015 32.495564 -37.529709
4.830016 32.119305 -37.625957
4.840016 31.742083 -37.722195
4.850016 31.363899 -37.818424
4.860016 30.984753 -37.914642
4.870017 30.604645 -38.010849
4.880017 30.223574 -38.107048
4.890017 29.841541 -38.203236
4.900017 29.458548 -38.299416
4.910017 29.074593 -38.395584
4.920018 28.689674 -38.491745
4.930018 28.303795 -38.587894
4.940018 27.916954 -38.684036
4.950018 27.529152 -38.780167
4.960019 27.140388 -38.876289
4.970019 26.750664 -38.972401
4.980019 26.359980 -39.068504
4.990019 25.968334 -39.164597
5.000020 25.575727 -39.260681
5.010020 25.182159 -39.356754
5.020020 24.787632 -39.452820
5.030020 24.392143 -39.548874
5.040020 23.995693 -39.644920
5.050021 23.598284 -39.740955
5.060021 23.199913 -39.836983
5.070021 22.800583 -39.932999
5.080021 22.400293 -40.029007
5.090022 21.999043 -40.125004
5.100022 21.596832 -40.220993
5.110022 21.193663 -40.316971
5.120022 20.789534 -40.412941
5.130023 20.384445 -40.508900
5.140023 19.978397 -40.604847
5.150023 19.571390 -40.700787
5.160023 19.163424 -40.796715
5.170023 18.754498 -40.892635
5.180024 18.344612 -40.988544
5.190024 17.933767 -41.084446
5.200024 17.521963 -41.180336
5.210024 17.109201 -41.276218
5.220025 16.695480 -41.372089
5.230025 16.280800 -41.467953
5.240025 15.865162 -41.563805
5.250025 15.448565 -41.659649
5.260026 15.031011 -41.755482
5.270026 14.612497 -41.851307
5.280026 14.193027 -41.947121
5.290026 13.772597 -42.042927
5.300026 13.351210 -42.138721
5.310027 12.928864 -42.234509
5.320027 12.505562 -42.330284
5.330027 12.081302 -42.426052
5.340027 11.656084 -42.521809
5.350028 11.229909 -42.617558
5.360028 10.802776 -42.713295
5.370028 10.374686 -42.809025
5.380028 9.945639 -42.904743
5.390028 9.515635 -43.000454
5.400029 9.084673 -43.096153
5.410029 8.652755 -43.191845
5.420029 8.219879 -43.287525
5.430029 7.786047 -43.383198
5.440030 7.351258 -43.478859
5.450030 6.915513 -43.574512
5.460030 6.478811 -43.670155
5.470030 6.041153 -43.765789
5.480031 5.602540 -43.861412
5.490031 5.162969 -43.957027
5.500031 4.722443 -44.052631
5.510031 4.280961 -44.148228
5.520031 3.838522 -44.243813
5.530032 3.395128 -44.339390
5.540032 2.950779 -44.434956
5.550032 2.505474 -44.530514
5.560032 2.059213 -44.626060
5.570033 1.611997 -44.721600
5.580033 1.163826 -44.817127
5.590033 .714699 -44.912647
5.600033 .264618 -45.008156
