.000000 100.000000 .000000
.010000 99.999001 -.100000
.020000 99.997002 -.199900
.030000 99.994003 -.299700
.040000 99.990005 -.399400
.050000 99.985016 -.499001
.060000 99.979034 -.598502
.070000 99.972054 -.697904
.080000 99.964081 -.797206
.090000 99.955116 -.896408
.100000 99.945160 -.995512
.110000 99.934212 -1.094517
.120000 99.922279 -1.193422
.130000 99.909355 -1.292229
.140000 99.895447 -1.390936
.150000 99.880554 -1.489545
.160000 99.864677 -1.588056
.170000 99.847816 -1.686468
.180000 99.829971 -1.784781
.190000 99.811142 -1.882997
.200000 99.791328 -1.981114
.210000 99.770538 -2.079133
.220000 99.748764 -2.177053
.230000 99.726013 -2.274876
.240000 99.702286 -2.372602
.250000 99.677582 -2.470229
.260000 99.651901 -2.567759
.270000 99.625252 -2.665191
.280000 99.597626 -2.762526
.290000 99.569031 -2.859763
.300000 99.539459 -2.956903
.310000 99.508919 -3.053946
.320000 99.477409 -3.150892
.330000 99.444931 -3.247742
.340000 99.411484 -3.344494
.350000 99.377075 -3.441149
.360000 99.341698 -3.537708
.370000 99.305359 -3.634171
.380000 99.268051 -3.730536
.390000 99.229782 -3.826806
.400000 99.190552 -3.922979
.410000 99.150360 -4.019056
.420000 99.109207 -4.115037
.430000 99.067101 -4.210922
.440000 99.024033 -4.306711
.450000 98.980011 -4.402404
.460000 98.935028 -4.498002
.470000 98.889091 -4.593504
.480000 98.842201 -4.688910
.490000 98.794357 -4.784222
.500000 98.745560 -4.879437
.510000 98.695816 -4.974558
.520000 98.645119 -5.069583
.530000 98.593475 -5.164514
.540000 98.540878 -5.259349
.550000 98.487335 -5.354090
.560000 98.432846 -5.448736
.570000 98.377411 -5.543287
.580000 98.321030 -5.637744
.590000 98.263710 -5.732106
.600000 98.205444 -5.826374
.610000 98.146240 -5.920547
.620000 98.086098 -6.014627
.630000 98.025009 -6.108613
.640000 97.962982 -6.202504
.650000 97.900017 -6.296302
.660000 97.836113 -6.390006
.670000 97.771278 -6.483615
.680000 97.705505 -6.577132
.690000 97.638802 -6.670555
.700000 97.571159 -6.763884
.710000 97.502586 -6.857120
.720000 97.433083 -6.950263
.730000 97.362648 -7.043313
.740000 97.291283 -7.136269
.750000 97.218994 -7.229133
.760000 97.145775 -7.321904
.770000 97.071632 -7.414582
.780000 96.996559 -7.507167
.790000 96.920563 -7.599660
.800000 96.843643 -7.692061
.810000 96.765800 -7.784369
.820000 96.687035 -7.876585
.830000 96.607346 -7.968708
.839999 96.526741 -8.060740
.849999 96.445213 -8.152678
.859999 96.362770 -8.244526
.869999 96.279404 -8.336282
.879999 96.195122 -8.427945
.889999 96.109924 -8.519517
.899999 96.023811 -8.610997
.909999 95.936790 -8.702386
.919999 95.848854 -8.793683
.929999 95.760002 -8.884890
.939999 95.670242 -8.976005
.949999 95.579575 -9.067029
.959999 95.487991 -9.157962
.969999 95.395500 -9.248804
.979999 95.302101 -9.339556
.989999 95.207802 -9.430216
.999999 95.112595 -9.520785
1.009999 95.016479 -9.611264
1.019999 94.919464 -9.701653
1.029999 94.821541 -9.791951
1.039999 94.722717 -9.882159
1.049999 94.622993 -9.972277
1.059999 94.522369 -10.062304
1.069999 94.420845 -10.152243
1.079999 94.318420 -10.242090
1.089999 94.215103 -10.331848
1.099999 94.110886 -10.421516
1.109999 94.005775 -10.511095
1.119999 93.899773 -10.600584
1.129999 93.792870 -10.689983
1.139999 93.685074 -10.779293
1.149999 93.576385 -10.868514
1.159999 93.466812 -10.957645
1.169999 93.356346 -11.046688
1.179999 93.244987 -11.135641
1.189999 93.132744 -11.224505
1.199999 93.019608 -11.313281
1.209999 92.905586 -11.401968
1.219999 92.790680 -11.490566
1.229999 92.674889 -11.579076
1.239999 92.558212 -11.667497
1.249999 92.440651 -11.755829
1.259999 92.322212 -11.844073
1.269999 92.202888 -11.932229
1.279999 92.082687 -12.020297
1.289999 91.961601 -12.108276
1.299999 91.839638 -12.196168
1.309999 91.716797 -12.283972
1.319999 91.593079 -12.371688
1.329999 91.468483 -12.459316
1.339999 91.343018 -12.546857
1.349999 91.216675 -12.634310
1.359999 91.089455 -12.721676
1.369999 90.961365 -12.808954
1.379999 90.832405 -12.896145
1.389999 90.702576 -12.983249
1.399999 90.571877 -13.070266
1.409999 90.440308 -13.157195
1.419999 90.307869 -13.244038
1.429999 90.174561 -13.330793
1.439999 90.040382 -13.417462
1.449999 89.905342 -13.504045
1.459999 89.769440 -13.590541
1.469999 89.632668 -13.676950
1.479999 89.495033 -13.763273
1.489999 89.356537 -13.849510
1.499999 89.217178 -13.935660
1.509999 89.076958 -14.021725
1.519999 88.935883 -14.107703
1.529999 88.793945 -14.193596
1.539999 88.651154 -14.279403
1.549999 88.507500 -14.365124
1.559999 88.362991 -14.450759
1.569999 88.217628 -14.536308
1.579999 88.071411 -14.621772
1.589999 87.924339 -14.707150
1.599999 87.776413 -14.792443
1.609999 87.627640 -14.877651
1.619999 87.478012 -14.962773
1.629999 87.327538 -15.047811
1.639999 87.176208 -15.132763
1.649999 87.024033 -15.217630
1.659999 86.871010 -15.302413
1.669999 86.717140 -15.387111
1.679999 86.562424 -15.471724
1.689999 86.406860 -15.556252
1.699999 86.250450 -15.640696
1.709999 86.093201 -15.725055
1.719999 85.935104 -15.809330
1.729999 85.776169 -15.893520
1.739999 85.616394 -15.977627
1.749999 85.455780 -16.061649
1.759999 85.294327 -16.145588
1.769999 85.132034 -16.229443
1.779999 84.968903 -16.313213
1.789999 84.804932 -16.396900
1.799999 84.640129 -16.480503
1.809999 84.474487 -16.564022
1.819999 84.308014 -16.647457
1.829999 84.140709 -16.730810
1.839999 83.972565 -16.814079
1.849999 83.803589 -16.897264
1.859999 83.633781 -16.980368
1.869999 83.463150 -17.063387
1.879999 83.291687 -17.146324
1.889999 83.119392 -17.229177
1.899999 82.946274 -17.311949
1.909999 82.772331 -17.394636
1.919999 82.597557 -17.477242
1.929999 82.421959 -17.559765
1.939999 82.245537 -17.642204
1.949998 82.068291 -17.724562
1.959998 81.890221 -17.806837
1.969998 81.711327 -17.889030
1.979998 81.531616 -17.971142
1.989998 81.351082 -18.053171
1.999998 81.169731 -18.135118
2.009999 80.987564 -18.216984
2.019999 80.804573 -18.298767
2.029999 80.620766 -18.380468
2.039999 80.436142 -18.462088
2.049999 80.250702 -18.543625
2.059999 80.064453 -18.625082
2.069999 79.877388 -18.706457
2.079998 79.689514 -18.787750
2.089998 79.500824 -18.868963
2.099998 79.311325 -18.950094
2.109998 79.121017 -19.031143
2.119998 78.929893 -19.112112
2.129998 78.737961 -19.193001
2.139998 78.545219 -19.273808
2.149998 78.351677 -19.354534
2.159998 78.157326 -19.435179
2.169998 77.962166 -19.515743
2.179998 77.766205 -19.596228
2.189998 77.569435 -19.676632
2.199998 77.371864 -19.756956
2.209998 77.173492 -19.837198
2.219998 76.974319 -19.917360
2.229998 76.774345 -19.997442
2.239998 76.573570 -20.077444
2.249998 76.371994 -20.157366
2.259998 76.169624 -20.237209
2.269998 75.966454 -20.316973
2.279998 75.762489 -20.396656
2.289998 75.557724 -20.476259
2.299998 75.352165 -20.555782
2.309998 75.145813 -20.635227
2.319998 74.938667 -20.714592
2.329998 74.730728 -20.793877
2.339998 74.521996 -20.873083
2.349998 74.312477 -20.952209
2.359998 74.102165 -21.031258
2.369998 73.891060 -21.110226
2.379998 73.679169 -21.189116
2.389998 73.466492 -21.267927
2.399998 73.253029 -21.346659
2.409998 73.038773 -21.425312
2.419998 72.823730 -21.503887
2.429998 72.607910 -21.582384
2.439998 72.391304 -21.660801
2.449998 72.173912 -21.739140
2.459998 71.955734 -21.817400
2.469998 71.736778 -21.895582
2.479998 71.517044 -21.973686
2.489998 71.296524 -22.051712
2.499998 71.075226 -22.129660
2.509998 70.853149 -22.207529
2.519998 70.630295 -22.285322
2.529998 70.406662 -22.363037
2.539998 70.182259 -22.440674
2.549998 69.957077 -22.518232
2.559998 69.731117 -22.595715
2.569998 69.504387 -22.673119
2.579998 69.276886 -22.750446
2.589998 69.048607 -22.827696
2.599998 68.819557 -22.904869
2.609998 68.589737 -22.981964
2.619998 68.359146 -23.058983
2.629998 68.127785 -23.135923
2.639998 67.895660 -23.212788
2.649998 67.662766 -23.289576
2.659998 67.429100 -23.366285
2.669998 67.194672 -23.442919
2.679998 66.959480 -23.519476
2.689998 66.723518 -23.595957
2.699998 66.486794 -23.672361
2.709998 66.249306 -23.748690
2.719998 66.011055 -23.824942
2.729998 65.772041 -23.901117
2.739998 65.532272 -23.977217
2.749998 65.291740 -24.053240
2.759998 65.050446 -24.129187
2.769998 64.808395 -24.205057
2.779998 64.565590 -24.280851
2.789998 64.322021 -24.356571
2.799998 64.077698 -24.432215
2.809998 63.832619 -24.507782
2.819998 63.586784 -24.583275
2.829998 63.340199 -24.658691
2.839998 63.092857 -24.734034
2.849998 62.844765 -24.809299
2.859998 62.595921 -24.884491
2.869998 62.346325 -24.959606
2.879998 62.095978 -25.034647
2.889998 61.844883 -25.109612
2.899998 61.593037 -25.184502
2.909998 61.340443 -25.259317
2.919998 61.087101 -25.334059
2.929998 60.833015 -25.408724
2.939998 60.578182 -25.483315
2.949998 60.322605 -25.557831
2.959998 60.066284 -25.632273
2.969998 59.809219 -25.706640
2.979998 59.551411 -25.780933
2.989998 59.292858 -25.855152
2.999998 59.033566 -25.929296
3.009998 58.773533 -26.003366
3.019998 58.512760 -26.077364
3.029998 58.251247 -26.151287
3.039998 57.988995 -26.225136
3.049998 57.726006 -26.298910
3.059998 57.462280 -26.372612
3.069998 57.197819 -26.446239
3.079998 56.932621 -26.519793
3.089998 56.666687 -26.593273
3.099998 56.400021 -26.666679
3.109998 56.132622 -26.740013
3.119998 55.864491 -26.813272
3.129997 55.595627 -26.886459
3.139997 55.326031 -26.959574
3.149997 55.055706 -27.032614
3.159997 54.784649 -27.105581
3.169997 54.512863 -27.178476
3.179997 54.240349 -27.251297
3.189997 53.967110 -27.324045
3.199997 53.693142 -27.396721
3.209997 53.418449 -27.469324
3.219997 53.143032 -27.541855
3.229997 52.866890 -27.614313
3.239997 52.590023 -27.686699
3.249997 52.312431 -27.759012
3.259997 52.034119 -27.831253
3.269997 51.755085 -27.903421
3.279997 51.475330 -27.975517
3.289997 51.194855 -28.047543
3.299997 50.913658 -28.119495
3.309997 50.631744 -28.191376
3.319997 50.349113 -28.263184
3.329997 50.065765 -28.334921
3.339997 49.781700 -28.406586
3.349997 49.496918 -28.478180
3.359997 49.211422 -28.549702
3.369997 48.925209 -28.621153
3.379997 48.638283 -28.692532
3.389997 48.350643 -28.763840
3.399997 48.062294 -28.835075
3.409997 47.773232 -28.906240
3.419997 47.483459 -28.977335
3.429997 47.192974 -29.048357
3.439997 46.901779 -29.119308
3.449997 46.609879 -29.190189
3.459997 46.317268 -29.261000
3.469997 46.023952 -29.331739
3.479997 45.729927 -29.402409
3.489997 45.435196 -29.473005
3.499997 45.139759 -29.543531
3.509997 44.843620 -29.613987
3.519997 44.546776 -29.684374
3.529997 44.249229 -29.754690
3.539997 43.950981 -29.824936
3.549997 43.652031 -29.895111
3.559997 43.352379 -29.965216
3.569997 43.052025 -30.035250
3.579997 42.750973 -30.105215
3.589997 42.449223 -30.175110
3.599997 42.146774 -30.244934
3.609997 41.843628 -30.314690
3.619997 41.539783 -30.384375
3.629997 41.235245 -30.453991
3.639997 40.930008 -30.523537
3.649997 40.624077 -30.593014
3.659997 40.317451 -30.662420
3.669997 40.010136 -30.731758
3.679997 39.702126 -30.801027
3.689997 39.393425 -30.870226
3.699997 39.084030 -30.939356
3.709997 38.773945 -31.008417
3.719997 38.463169 -31.077408
3.729997 38.151707 -31.146330
3.739997 37.839554 -31.215183
3.749997 37.526714 -31.283968
3.759997 37.213188 -31.352684
3.769997 36.898975 -31.421331
3.779997 36.584076 -31.489910
3.789997 36.268494 -31.558420
3.799997 35.952225 -31.626862
3.809997 35.635273 -31.695234
3.819997 35.317638 -31.763538
3.829997 34.999321 -31.831776
3.839997 34.680321 -31.899944
3.849997 34.360641 -31.968044
3.859997 34.040279 -32.036076
3.869997 33.719238 -32.104038
3.879997 33.397518 -32.171936
3.889997 33.075119 -32.239765
3.899997 32.752045 -32.307526
3.909997 32.428291 -32.375217
3.919997 32.103863 -32.442841
3.929997 31.778759 -32.510399
3.939997 31.452980 -32.577888
3.949997 31.126528 -32.645309
3.959997 30.799400 -32.712666
3.969997 30.471601 -32.779953
3.979997 30.143129 -32.847172
3.989997 29.813986 -32.914326
3.999997 29.484171 -32.981411
4.009997 29.153687 -33.048431
4.019997 28.822533 -33.115383
4.029997 28.490709 -33.182266
4.039998 28.158218 -33.249084
4.049998 27.825060 -33.315834
4.059998 27.491234 -33.382519
4.069998 27.156742 -33.449135
4.079998 26.821585 -33.515686
4.089999 26.485764 -33.582169
4.099999 26.149277 -33.648586
4.109999 25.812128 -33.714939
4.119999 25.474316 -33.781223
4.130000 25.135841 -33.847443
4.140000 24.796705 -33.913593
4.150000 24.456909 -33.979679
4.160000 24.116451 -34.045700
4.170001 23.775335 -34.111656
4.180001 23.433559 -34.177544
4.190001 23.091125 -34.243366
4.200001 22.748034 -34.309124
4.210001 22.404285 -34.374813
4.220002 22.059881 -34.440437
4.230002 21.714821 -34.505997
4.240002 21.369106 -34.571491
4.250002 21.022738 -34.636921
4.260003 20.675714 -34.702286
4.270003 20.328039 -34.767582
4.280003 19.979712 -34.832813
4.290003 19.630732 -34.897980
4.300004 19.281101 -34.963081
4.310004 18.930820 -35.028118
4.320004 18.579889 -35.093090
4.330004 18.228310 -35.157997
4.340004 17.876081 -35.222839
4.350005 17.523205 -35.287617
4.360005 17.169682 -35.352329
4.370005 16.815512 -35.416977
4.380005 16.460695 -35.481560
4.390006 16.105234 -35.546078
4.400006 15.749129 -35.610531
4.410006 15.392380 -35.674919
4.420006 15.034987 -35.739243
4.430007 14.676952 -35.803505
4.440007 14.318275 -35.867702
4.450007 13.958957 -35.931835
4.460007 13.598998 -35.995903
4.470007 13.238400 -36.059906
4.480008 12.877161 -36.123848
4.490008 12.515284 -36.187725
4.500008 12.152768 -36.251537
4.510008 11.789616 -36.315285
4.520009 11.425826 -36.378971
4.530009 11.061400 -36.442593
4.540009 10.696339 -36.506149
4.550009 10.330643 -36.569645
4.560009 9.964312 -36.633076
4.570010 9.597347 -36.696442
4.580010 9.229750 -36.759747
4.590010 8.861520 -36.822987
4.600010 8.492659 -36.886162
4.610011 8.123166 -36.949276
4.620011 7.753043 -37.012325
4.630011 7.382289 -37.075314
4.640011 7.010907 -37.138237
4.650012 6.638896 -37.201099
4.660012 6.266257 -37.263897
4.670012 5.892991 -37.326633
4.680012 5.519097 -37.389305
4.690012 5.144578 -37.451916
4.700013 4.769433 -37.514465
4.710013 4.393664 -37.576950
4.720013 4.017270 -37.639374
4.730013 3.640253 -37.701733
4.740014 3.262613 -37.764030
4.750014 2.884350 -37.826267
4.760014 2.505466 -37.888439
4.770014 2.125960 -37.950550
4.780015 1.745834 -38.012600
4.790015 1.365088 -38.074589
4.800015 .983723 -38.136513
4.810015 .601739 -38.198376
4.820015 .219138 -38.260178
