.000000 100.000000 .000000
.010000 99.999001 -.100000
.020000 99.997002 -.199990
.030000 99.994003 -.299970
.040000 99.990005 -.399940
.050000 99.985008 -.499900
.060000 99.979012 -.599850
.070000 99.972015 -.699790
.080000 99.964020 -.799720
.090000 99.955025 -.899640
.100000 99.945030 -.999550
.110000 99.934036 -1.099450
.120000 99.922043 -1.199340
.130000 99.909050 -1.299220
.140000 99.895058 -1.399090
.150000 99.880066 -1.498950
.160000 99.864075 -1.598800
.170000 99.847092 -1.698641
.180000 99.829109 -1.798471
.190000 99.810127 -1.898291
.200000 99.790146 -1.998101
.210000 99.769165 -2.097901
.220000 99.747185 -2.197691
.230000 99.724213 -2.297472
.240000 99.700241 -2.397242
.250000 99.675270 -2.497002
.260000 99.649300 -2.596752
.270000 99.622337 -2.696493
.280000 99.594376 -2.796223
.290000 99.565414 -2.895943
.300000 99.535461 -2.995654
.310000 99.504509 -3.095354
.320000 99.472557 -3.195045
.330000 99.439613 -3.294725
.340000 99.405670 -3.394396
.350000 99.370728 -3.494056
.360000 99.334793 -3.593707
.370000 99.297859 -3.693347
.380000 99.259926 -3.792978
.390000 99.221001 -3.892599
.400000 99.181076 -3.992209
.410000 99.140160 -4.091810
.420000 99.098244 -4.191401
.430000 99.055336 -4.290982
.440000 99.011429 -4.390553
.450000 98.966530 -4.490113
.460000 98.920631 -4.589664
.470000 98.873741 -4.689206
.480000 98.825851 -4.788737
.490000 98.776970 -4.888258
.500000 98.727089 -4.987769
.510000 98.676216 -5.087270
.520000 98.624352 -5.186761
.530000 98.571487 -5.286242
.540000 98.517632 -5.385714
.550000 98.462776 -5.485176
.560000 98.406929 -5.584627
.570000 98.350090 -5.684069
.580000 98.292252 -5.783500
.590000 98.233421 -5.882922
.600000 98.173599 -5.982333
.610000 98.112785 -6.081735
.620000 98.050972 -6.181127
.630000 97.988167 -6.280509
.640000 97.924370 -6.379881
.650000 97.859581 -6.479243
.660000 97.793793 -6.578595
.670000 97.727013 -6.677937
.680000 97.659241 -6.777269
.690000 97.590477 -6.876592
.700000 97.520721 -6.975904
.710000 97.449966 -7.075206
.720000 97.378220 -7.174499
.730000 97.305481 -7.273781
.740000 97.231750 -7.373054
.750000 97.157028 -7.472317
.760000 97.081314 -7.571569
.770000 97.004608 -7.670812
.780000 96.926910 -7.770045
.790000 96.848221 -7.869268
.800000 96.768539 -7.968482
.810000 96.687866 -8.067685
.820000 96.606201 -8.166879
.830000 96.523544 -8.266062
.839999 96.439896 -8.365235
.849999 96.355255 -8.464398
.859999 96.269623 -8.563552
.869999 96.182999 -8.662696
.879999 96.095383 -8.761829
.889999 96.006775 -8.860953
.899999 95.917175 -8.960067
.909999 95.826584 -9.059171
.919999 95.735001 -9.158265
.929999 95.642426 -9.257349
.939999 95.548859 -9.356423
.949999 95.454308 -9.455488
.959999 95.358765 -9.554543
.969999 95.262230 -9.653587
.979999 95.164703 -9.752622
.989999 95.066185 -9.851646
.999999 94.966675 -9.950662
1.009999 94.866180 -10.049666
1.019999 94.764694 -10.148662
1.029999 94.662216 -10.247646
1.039999 94.558746 -10.346622
1.049999 94.454292 -10.445587
1.059999 94.348846 -10.544542
1.069999 94.242409 -10.643488
1.079999 94.134987 -10.742424
1.089999 94.026573 -10.841350
1.099999 93.917168 -10.940266
1.109999 93.806778 -11.039171
1.119999 93.695396 -11.138067
1.129999 93.583023 -11.236954
1.139999 93.469666 -11.335830
1.149999 93.355316 -11.434696
1.159999 93.239983 -11.533553
1.169999 93.123657 -11.632400
1.179999 93.006348 -11.731236
1.189999 92.888046 -11.830063
1.199999 92.768761 -11.928880
1.209999 92.648483 -12.027687
1.219999 92.527222 -12.126484
1.229999 92.404968 -12.225271
1.239999 92.281731 -12.324049
1.249999 92.157501 -12.422816
1.259999 92.032288 -12.521574
1.269999 91.906082 -12.620322
1.279999 91.778893 -12.719060
1.289999 91.650711 -12.817788
1.299999 91.521545 -12.916507
1.309999 91.391396 -13.015215
1.319999 91.260254 -13.113914
1.329999 91.128128 -13.212603
1.339999 90.995018 -13.311281
1.349999 90.860916 -13.409950
1.359999 90.725830 -13.508609
1.369999 90.589760 -13.607258
1.379999 90.452698 -13.705897
1.389999 90.314651 -13.804526
1.399999 90.175621 -13.903146
1.409999 90.035606 -14.001756
1.419999 89.894600 -14.100355
1.429999 89.752609 -14.198945
1.439999 89.609634 -14.297525
1.449999 89.465675 -14.396095
1.459999 89.320732 -14.494656
1.469999 89.174797 -14.593206
1.479999 89.027878 -14.691747
1.489999 88.879974 -14.790277
1.499999 88.731087 -14.888799
1.509999 88.581215 -14.987309
1.519999 88.430359 -15.085811
1.529999 88.278519 -15.184302
1.539999 88.125694 -15.282784
1.549999 87.971878 -15.381255
1.559999 87.817078 -15.479717
1.569999 87.661293 -15.578169
1.579999 87.504524 -15.676611
1.589999 87.346771 -15.775043
1.599999 87.188034 -15.873466
1.609999 87.028313 -15.971878
1.619999 86.867607 -16.070280
1.629999 86.705917 -16.168673
1.639999 86.543243 -16.267056
1.649999 86.379593 -16.365429
1.659999 86.214958 -16.463793
1.669999 86.049339 -16.562147
1.679999 85.882736 -16.660490
1.689999 85.715149 -16.758823
1.699999 85.546577 -16.857147
1.709999 85.377022 -16.955462
1.719999 85.206482 -17.053766
1.729999 85.034958 -17.152061
1.739999 84.862457 -17.250347
1.749999 84.688972 -17.348621
1.759999 84.514503 -17.446886
1.769999 84.339050 -17.545141
1.779999 84.162613 -17.643387
1.789999 83.985199 -17.741623
1.799999 83.806801 -17.839849
1.809999 83.627419 -17.938065
1.819999 83.447052 -18.036270
1.829999 83.265709 -18.134466
1.839999 83.083382 -18.232653
1.849999 82.900070 -18.330830
1.859999 82.715782 -18.428997
1.869999 82.530510 -18.527155
1.879999 82.344254 -18.625301
1.889999 82.157021 -18.723438
1.899999 81.968803 -18.821566
1.909999 81.779610 -18.919683
1.919999 81.589432 -19.017792
1.929999 81.398270 -19.115891
1.939999 81.206131 -19.213980
1.949998 81.013008 -19.312057
1.959998 80.818909 -19.410126
1.969998 80.623825 -19.508184
1.979998 80.427765 -19.606234
1.989998 80.230721 -19.704273
1.999998 80.032700 -19.802303
2.009999 79.833694 -19.900324
2.019999 79.633713 -19.998333
2.029999 79.432747 -20.096333
2.039999 79.230804 -20.194323
2.049999 79.027878 -20.292303
2.059999 78.823975 -20.390274
2.069999 78.619095 -20.488235
2.079998 78.413231 -20.586187
2.089998 78.206390 -20.684128
2.099998 77.998573 -20.782059
2.109998 77.789772 -20.879980
2.119998 77.579994 -20.977892
2.129998 77.369240 -21.075794
2.139998 77.157501 -21.173687
2.149998 76.944786 -21.271570
2.159998 76.731094 -21.369444
2.169998 76.516418 -21.467306
2.179998 76.300766 -21.565159
2.189998 76.084137 -21.663002
2.199998 75.866531 -21.760836
2.209998 75.647942 -21.858660
2.219998 75.428375 -21.956474
2.229998 75.207832 -22.054279
2.239998 74.986313 -22.152075
2.249998 74.763817 -22.249859
2.259998 74.540344 -22.347633
2.269998 74.315887 -22.445398
2.279998 74.090454 -22.543154
2.289998 73.864044 -22.640900
2.299998 73.636658 -22.738636
2.309998 73.408295 -22.836363
2.319998 73.178955 -22.934080
2.329998 72.948639 -23.031786
2.339998 72.717346 -23.129482
2.349998 72.485077 -23.227169
2.359998 72.251831 -23.324846
2.369998 72.017609 -23.422514
2.379998 71.782410 -23.520172
2.389998 71.546234 -23.617821
2.399998 71.309082 -23.715460
2.409998 71.070953 -23.813087
2.419998 70.831848 -23.910706
2.429998 70.591766 -24.008314
2.439998 70.350708 -24.105913
2.449998 70.108673 -24.203503
2.459998 69.865662 -24.301083
2.469998 69.621674 -24.398653
2.479998 69.376709 -24.496214
2.489998 69.130768 -24.593763
2.499998 68.883858 -24.691303
2.509998 68.635971 -24.788834
2.519998 68.387108 -24.886354
2.529998 68.137268 -24.983866
2.539998 67.886452 -25.081367
2.549998 67.634666 -25.178860
2.559998 67.381905 -25.276342
2.569998 67.128166 -25.373816
2.579998 66.873451 -25.471277
2.589998 66.617767 -25.568729
2.599998 66.361107 -25.666172
2.609998 66.103470 -25.763605
2.619998 65.844856 -25.861029
2.629998 65.585274 -25.958443
2.639998 65.324715 -26.055847
2.649998 65.063179 -26.153242
2.659998 64.800674 -26.250628
2.669998 64.537193 -26.348003
2.679998 64.272743 -26.445368
2.689998 64.007317 -26.542723
2.699998 63.740917 -26.640068
2.709998 63.473541 -26.737404
2.719998 63.205193 -26.834730
2.729998 62.935871 -26.932047
2.739998 62.665577 -27.029354
2.749998 62.394310 -27.126652
2.759998 62.122070 -27.223940
2.769998 61.848858 -27.321217
2.779998 61.574673 -27.418484
2.789998 61.299515 -27.515741
2.799998 61.023384 -27.612989
2.809998 60.746281 -27.710228
2.819998 60.468204 -27.807457
2.829998 60.189159 -27.904676
2.839998 59.909142 -28.001886
2.849998 59.628151 -28.099087
2.859998 59.346188 -28.196278
2.869998 59.063251 -28.293459
2.879998 58.779346 -28.390629
2.889998 58.494469 -28.487789
2.899998 58.208618 -28.584940
2.909998 57.921799 -28.682081
2.919998 57.634007 -28.779213
2.929998 57.345242 -28.876335
2.939998 57.055508 -28.973448
2.949998 56.764801 -29.070551
2.959998 56.473125 -29.167645
2.969998 56.180477 -29.264729
2.979998 55.886860 -29.361801
2.989998 55.592270 -29.458864
2.999998 55.296711 -29.555918
3.009998 55.000183 -29.652962
3.019998 54.702682 -29.749996
3.029998 54.404213 -29.847021
3.039998 54.104774 -29.944036
3.049998 53.804363 -30.041042
3.059998 53.502983 -30.138039
3.069998 53.200634 -30.235025
3.079998 52.897312 -30.332003
3.089998 52.593021 -30.428970
3.099998 52.287762 -30.525927
3.109998 51.981533 -30.622873
3.119998 51.674335 -30.719810
3.129997 51.366169 -30.816738
3.139997 51.057034 -30.913656
3.149997 50.746929 -31.010565
3.159997 50.435856 -31.107464
3.169997 50.123814 -31.204353
3.179997 49.810802 -31.301233
3.189997 49.496822 -31.398104
3.199997 49.181873 -31.494965
3.209997 48.865955 -31.591816
3.219997 48.549068 -31.688656
3.229997 48.231213 -31.785486
3.239997 47.912388 -31.882307
3.249997 47.592598 -31.979118
3.259997 47.271839 -32.075920
3.269997 46.950111 -32.172714
3.279997 46.627415 -32.269497
3.289997 46.303753 -32.366268
3.299997 45.979122 -32.463032
3.309997 45.653522 -32.559784
3.319997 45.326958 -32.656528
3.329997 44.999424 -32.753262
3.339997 44.670925 -32.849987
3.349997 44.341457 -32.946701
3.359997 44.011024 -33.043407
3.369997 43.679623 -33.140102
3.379997 43.347256 -33.236790
3.389997 43.013920 -33.333466
3.399997 42.679619 -33.430134
3.409997 42.344353 -33.526791
3.419997 42.008118 -33.623440
3.429997 41.670918 -33.720078
3.439997 41.332752 -33.816704
3.449997 40.993618 -33.913322
3.459997 40.653519 -34.009930
3.469997 40.312454 -34.106529
3.479997 39.970425 -34.203117
3.489997 39.627426 -34.299698
3.499997 39.283463 -34.396267
3.509997 38.938534 -34.492828
3.519997 38.592640 -34.589378
3.529997 38.245781 -34.685921
3.539997 37.897957 -34.782452
3.549997 37.549168 -34.878975
3.559997 37.199413 -34.975487
3.569997 36.848694 -35.071991
3.579997 36.497009 -35.168484
3.589997 36.144360 -35.264965
3.599997 35.790745 -35.361439
3.609997 35.436165 -35.457901
3.619997 35.080620 -35.554356
3.629997 34.724113 -35.650799
3.639997 34.366642 -35.747234
3.649997 34.008205 -35.843658
3.659997 33.648804 -35.940075
3.669997 33.288441 -36.036480
3.679997 32.927113 -36.132877
3.689997 32.564819 -36.229263
3.699997 32.201565 -36.325642
3.709997 31.837345 -36.422009
3.719997 31.472162 -36.518368
3.729997 31.106014 -36.614716
3.739997 30.738903 -36.711056
3.749997 30.370829 -36.807384
3.759997 30.001791 -36.903706
3.769997 29.631790 -37.000015
3.779997 29.260826 -37.096313
3.789997 28.888901 -37.192604
3.799997 28.516012 -37.288883
3.809997 28.142160 -37.385155
3.819997 27.767345 -37.481415
3.829997 27.391569 -37.577667
3.839997 27.014830 -37.673908
3.849997 26.637129 -37.770142
3.859997 26.258465 -37.866364
3.869997 25.878839 -37.962578
3.879997 25.498251 -38.058781
3.889997 25.116701 -38.154976
3.899997 24.734190 -38.251160
3.909997 24.350718 -38.347336
3.919997 23.966282 -38.443501
3.929997 23.580885 -38.539658
3.939997 23.194527 -38.635803
3.949997 22.807207 -38.731941
3.959997 22.418926 -38.828068
3.969997 22.029684 -38.924187
3.979997 21.639481 -39.020294
3.989997 21.248316 -39.116394
3.999997 20.856192 -39.212482
4.009997 20.463106 -39.308559
4.019997 20.069059 -39.404629
4.029997 19.674053 -39.500687
4.039998 19.278086 -39.596737
4.049998 18.881159 -39.692776
4.059998 18.483271 -39.788807
4.069998 18.084423 -39.884827
4.079998 17.684614 -39.980839
4.089999 17.283846 -40.076839
4.099999 16.882118 -40.172832
4.109999 16.479429 -40.268814
4.119999 16.075781 -40.364788
4.130000 15.671173 -40.460751
4.140000 15.265606 -40.556705
4.150000 14.859079 -40.652649
4.160000 14.451593 -40.748585
4.170001 14.043148 -40.844509
4.180001 13.633744 -40.940426
4.190001 13.223381 -41.036331
4.200001 12.812058 -41.132229
4.210001 12.399777 -41.228115
4.220002 11.986538 -41.323994
4.230002 11.572339 -41.419861
4.240002 11.157182 -41.515720
4.250002 10.741066 -41.611568
4.260003 10.323992 -41.707409
4.270003 9.905959 -41.803238
4.280003 9.486969 -41.899059
4.290003 9.067020 -41.994869
4.300004 8.646113 -42.090672
4.310004 8.224249 -42.186462
4.320004 7.801426 -42.282246
4.330004 7.377646 -42.378017
4.340004 6.952909 -42.473778
4.350005 6.527213 -42.569530
4.360005 6.100560 -42.665272
4.370005 5.672950 -42.761005
4.380005 5.244383 -42.856728
4.390006 4.814858 -42.952442
4.400006 4.384377 -43.048145
4.410006 3.952939 -43.143841
4.420006 3.520543 -43.239525
4.430007 3.087191 -43.335201
4.440007 2.652883 -43.430866
4.450007 2.217617 -43.526524
4.460007 1.781396 -43.622169
4.470007 1.344218 -43.717808
4.480008 .906083 -43.813435
4.490008 .466993 -43.909054
4.500008 .026946 -44.004662
