.000000 100.000000 10.000000
.010000 100.098900 9.890000
.020000 100.196701 9.780110
.030000 100.293404 9.670330
.040000 100.389008 9.560659
.050000 100.483521 9.451098
.060000 100.576935 9.341647
.070000 100.669258 9.232306
.080000 100.760490 9.123074
.090000 100.850632 9.013950
.100000 100.939682 8.904937
.110000 101.027641 8.796032
.120000 101.114517 8.687236
.130000 101.200302 8.578548
.140000 101.285004 8.469970
.150000 101.368622 8.361500
.160000 101.451157 8.253139
.170000 101.532608 8.144885
.180000 101.612976 8.036740
.190000 101.692261 7.928704
.200000 101.770470 7.820775
.210000 101.847603 7.712954
.220000 101.923653 7.605241
.230000 101.998627 7.497636
.240000 102.072525 7.390138
.250000 102.145355 7.282748
.260000 102.217110 7.175466
.270000 102.287796 7.068290
.280000 102.357407 6.961222
.290000 102.425949 6.854261
.300000 102.493423 6.747406
.310000 102.559830 6.640659
.320000 102.625168 6.534018
.330000 102.689445 6.427484
.340000 102.752655 6.321056
.350000 102.814804 6.214736
.360000 102.875893 6.108521
.370000 102.935913 6.002412
.380000 102.994881 5.896410
.390000 103.052788 5.790514
.400000 103.109634 5.684723
.410000 103.165428 5.579038
.420000 103.220161 5.473459
.430000 103.273842 5.367986
.440000 103.326469 5.262618
.450000 103.378044 5.157355
.460000 103.428566 5.052197
.470000 103.478035 4.947145
.480000 103.526459 4.842198
.490000 103.573830 4.737356
.500000 103.620155 4.632619
.510000 103.665436 4.527987
.520000 103.709671 4.423459
.530000 103.752861 4.319035
.540000 103.795006 4.214716
.550000 103.836113 4.110501
.560000 103.876175 4.006391
.570000 103.915199 3.902384
.580000 103.953186 3.798482
.590000 103.990135 3.694684
.600000 104.026047 3.590989
.610000 104.060921 3.487398
.620000 104.094757 3.383910
.630000 104.127563 3.280526
.640000 104.159332 3.177246
.650000 104.190071 3.074069
.660000 104.219780 2.970994
.670000 104.248459 2.868023
.680000 104.276108 2.765155
.690000 104.302734 2.662390
.700000 104.328331 2.559728
.710000 104.352905 2.457168
.720000 104.376450 2.354711
.730000 104.398972 2.252356
.740000 104.420471 2.150104
.750000 104.440948 2.047954
.760000 104.460411 1.945906
.770000 104.478851 1.843960
.780000 104.496269 1.742116
.790000 104.512672 1.640374
.800000 104.528061 1.538734
.810000 104.542435 1.437195
.820000 104.555794 1.335758
.830000 104.568138 1.234422
.839999 104.579468 1.133187
.849999 104.589790 1.032054
.859999 104.599098 .931022
.869999 104.607399 .830091
.879999 104.614693 .729261
.889999 104.620979 .628532
.899999 104.626259 .527903
.909999 104.630531 .427375
.919999 104.633804 .326948
.929999 104.636070 .226621
.939999 104.637337 .126394
.949999 104.637596 .026268
.959999 104.636856 -.073758
.969999 104.635117 -.173685
.979999 104.632385 -.273511
.989999 104.628654 -.373237
.999999 104.623924 -.472864
1.009999 104.618202 -.572391
1.019999 104.611481 -.671819
1.029999 104.603767 -.771147
1.039999 104.595062 -.870376
1.049999 104.585365 -.969505
1.059999 104.574677 -1.068536
1.069999 104.563004 -1.167467
1.079999 104.550339 -1.266300
1.089999 104.536690 -1.365034
1.099999 104.522057 -1.463668
1.109999 104.506432 -1.562205
1.119999 104.489822 -1.660643
1.129999 104.472229 -1.758982
1.139999 104.453659 -1.857223
1.149999 104.434105 -1.955366
1.159999 104.413574 -2.053410
1.169999 104.392059 -2.151357
1.179999 104.369568 -2.249206
1.189999 104.346100 -2.346956
1.199999 104.321655 -2.444610
1.209999 104.296234 -2.542165
1.219999 104.269836 -2.639623
1.229999 104.242470 -2.736983
1.239999 104.214127 -2.834246
1.249999 104.184814 -2.931412
1.259999 104.154533 -3.028481
1.269999 104.123276 -3.125452
1.279999 104.091049 -3.222327
1.289999 104.057861 -3.319104
1.299999 104.023705 -3.415785
1.309999 103.988579 -3.512370
1.319999 103.952492 -3.608857
1.329999 103.915436 -3.705248
1.339999 103.877419 -3.801543
1.349999 103.838440 -3.897742
1.359999 103.798500 -3.993844
1.369999 103.757599 -4.089850
1.379999 103.715744 -4.185760
1.389999 103.672928 -4.281574
1.399999 103.629158 -4.377293
1.409999 103.584427 -4.472915
1.419999 103.538742 -4.568442
1.429999 103.492104 -4.663874
1.439999 103.444511 -4.759210
1.449999 103.395966 -4.854450
1.459999 103.346466 -4.949596
1.469999 103.296021 -5.044646
1.479999 103.244621 -5.139602
1.489999 103.192276 -5.234462
1.499999 103.138985 -5.329228
1.509999 103.084747 -5.423899
1.519999 103.029564 -5.518475
1.529999 102.973434 -5.612956
1.539999 102.916359 -5.707343
1.549999 102.858345 -5.801636
1.559999 102.799385 -5.895834
1.569999 102.739487 -5.989938
1.579999 102.678650 -6.083948
1.589999 102.616875 -6.177864
1.599999 102.554161 -6.271686
1.609999 102.490509 -6.365415
1.619999 102.425919 -6.459049
1.629999 102.360390 -6.552590
1.639999 102.293930 -6.646038
1.649999 102.226540 -6.739391
1.659999 102.158211 -6.832652
1.669999 102.088951 -6.925819
1.679999 102.018761 -7.018894
1.689999 101.947639 -7.111875
1.699999 101.875595 -7.204763
1.709999 101.802620 -7.297559
1.719999 101.728714 -7.390261
1.729999 101.653885 -7.482871
1.739999 101.578133 -7.575388
1.749999 101.501457 -7.667812
1.759999 101.423859 -7.760145
1.769999 101.345337 -7.852385
1.779999 101.265892 -7.944532
1.789999 101.185524 -8.036588
1.799999 101.104240 -8.128551
1.809999 101.022034 -8.220423
1.819999 100.938911 -8.312202
1.829999 100.854874 -8.403891
1.839999 100.769920 -8.495486
1.849999 100.684052 -8.586990
1.859999 100.597267 -8.678403
1.869999 100.509567 -8.769725
1.879999 100.420959 -8.860955
1.889999 100.331436 -8.952094
1.899999 100.241005 -9.043142
1.909999 100.149666 -9.134099
1.919999 100.057419 -9.224965
1.929999 99.964264 -9.315741
1.939999 99.870201 -9.406425
1.949998 99.775230 -9.497018
1.959998 99.679352 -9.587521
1.969998 99.582573 -9.677933
1.979998 99.484894 -9.768255
1.989998 99.386307 -9.858487
1.999998 99.286819 -9.948628
2.009999 99.186432 -10.038680
2.019999 99.085144 -10.128641
2.029999 98.982956 -10.218513
2.039999 98.879875 -10.308294
2.049999 98.775894 -10.397986
2.059999 98.671021 -10.487589
2.069999 98.565247 -10.577102
2.079998 98.458580 -10.666525
2.089998 98.351021 -10.755858
2.099998 98.242569 -10.845102
2.109998 98.133224 -10.934258
2.119998 98.022995 -11.023323
2.129998 97.911873 -11.112300
2.139998 97.799858 -11.201188
2.149998 97.686958 -11.289987
2.159998 97.573174 -11.378696
2.169998 97.458504 -11.467318
2.179998 97.342949 -11.555850
2.189998 97.226509 -11.644294
2.199998 97.109184 -11.732650
2.209998 96.990974 -11.820917
2.219998 96.871887 -11.909096
2.229998 96.751915 -11.997187
2.239998 96.631065 -12.085190
2.249998 96.509331 -12.173104
2.259998 96.386719 -12.260931
2.269998 96.263229 -12.348670
2.279998 96.138863 -12.436321
2.289998 96.013626 -12.523885
2.299998 95.887512 -12.611361
2.309998 95.760521 -12.698750
2.319998 95.632660 -12.786051
2.329998 95.503929 -12.873264
2.339998 95.374329 -12.960391
2.349998 95.243851 -13.047431
2.359998 95.112511 -13.134383
2.369998 94.980301 -13.221249
2.379998 94.847221 -13.308027
2.389998 94.713272 -13.394719
2.399998 94.578461 -13.481324
2.409998 94.442780 -13.567842
2.419998 94.306236 -13.654275
2.429998 94.168831 -13.740621
2.439998 94.030563 -13.826880
2.449998 93.891434 -13.913054
2.459998 93.751442 -13.999141
2.469998 93.610588 -14.085141
2.479998 93.468880 -14.171056
2.489998 93.326309 -14.256885
2.499998 93.182884 -14.342628
2.509998 93.038605 -14.428285
2.519998 92.893463 -14.513856
2.529998 92.747467 -14.599342
2.539998 92.600616 -14.684743
2.549998 92.452919 -14.770059
2.559998 92.304367 -14.855289
2.569998 92.154961 -14.940434
2.579998 92.004707 -15.025493
2.589998 91.853600 -15.110467
2.599998 91.701645 -15.195356
2.609998 91.548843 -15.280161
2.619998 91.395195 -15.364881
2.629998 91.240700 -15.449515
2.639998 91.085358 -15.534066
2.649998 90.929169 -15.618532
2.659998 90.772141 -15.702913
2.669998 90.614265 -15.787210
2.679998 90.455551 -15.871424
2.689998 90.295998 -15.955552
2.699998 90.135605 -16.039597
2.709998 89.974373 -16.123556
2.719998 89.812302 -16.207432
2.729998 89.649391 -16.291224
2.739998 89.485641 -16.374933
2.749998 89.321053 -16.458559
2.759998 89.155632 -16.542101
2.769998 88.989380 -16.625559
2.779998 88.822289 -16.708933
2.789998 88.654366 -16.792225
2.799998 88.485611 -16.875433
2.809998 88.316025 -16.958557
2.819998 88.145607 -17.041599
2.829998 87.974365 -17.124557
2.839998 87.802292 -17.207434
2.849998 87.629387 -17.290226
2.859998 87.455658 -17.372936
2.869998 87.281105 -17.455563
2.879998 87.105721 -17.538107
2.889998 86.929512 -17.620569
2.899998 86.752480 -17.702950
2.909998 86.574631 -17.785246
2.919998 86.395958 -17.867460
2.929998 86.216461 -17.949593
2.939998 86.036148 -18.031643
2.949998 85.855011 -18.113611
2.959998 85.673058 -18.195498
2.969998 85.490288 -18.277302
2.979998 85.306694 -18.359024
2.989998 85.122284 -18.440664
2.999998 84.937065 -18.522224
3.009998 84.751030 -18.603703
3.019998 84.564178 -18.685099
3.029998 84.376511 -18.766413
3.039998 84.188034 -18.847647
3.049998 83.998749 -18.928799
3.059998 83.808647 -19.009871
3.069998 83.617737 -19.090860
3.079998 83.426018 -19.171770
3.089998 83.233490 -19.252598
3.099998 83.040154 -19.333345
3.109998 82.846016 -19.414013
3.119998 82.651070 -19.494598
3.129997 82.455322 -19.575104
3.139997 82.258766 -19.655529
3.149997 82.061409 -19.735874
3.159997 81.863251 -19.816139
3.169997 81.664284 -19.896322
3.179997 81.464523 -19.976425
3.189997 81.263962 -20.056448
3.199997 81.062599 -20.136391
3.209997 80.860435 -20.216255
3.219997 80.657478 -20.296040
3.229997 80.453720 -20.375744
3.239997 80.249168 -20.455368
3.249997 80.043816 -20.534912
3.259997 79.837669 -20.614378
3.269997 79.630730 -20.693764
3.279997 79.422997 -20.773069
3.289997 79.214470 -20.852297
3.299997 79.005157 -20.931444
3.309997 78.795052 -21.010513
3.319997 78.584160 -21.089502
3.329997 78.372475 -21.168413
3.339997 78.160004 -21.247244
3.349997 77.946747 -21.325996
3.359997 77.732697 -21.404671
3.369997 77.517860 -21.483267
3.379997 77.302246 -21.561783
3.389997 77.085846 -21.640221
3.399997 76.868660 -21.718580
3.409997 76.650688 -21.796862
3.419997 76.431938 -21.875065
3.429997 76.212410 -21.953190
3.439997 75.992096 -22.031237
3.449997 75.771004 -22.109205
3.459997 75.549133 -22.187096
3.469997 75.326485 -22.264908
3.479997 75.103058 -22.342644
3.489997 74.878853 -22.420301
3.499997 74.653877 -22.497881
3.509997 74.428123 -22.575382
3.519997 74.201599 -22.652807
3.529997 73.974297 -22.730154
3.539997 73.746223 -22.807425
3.549997 73.517380 -22.884617
3.559997 73.287766 -22.961733
3.569997 73.057381 -23.038771
3.579997 72.826225 -23.115732
3.589997 72.594299 -23.192616
3.599997 72.361603 -23.269423
3.609997 72.128143 -23.346153
3.619997 71.893913 -23.422808
3.629997 71.658920 -23.499386
3.639997 71.423164 -23.575886
3.649997 71.186638 -23.652309
3.659997 70.949348 -23.728657
3.669997 70.711296 -23.804928
3.679997 70.472488 -23.881123
3.689997 70.232918 -23.957241
3.699997 69.992584 -24.033283
3.709997 69.751495 -24.109249
3.719997 69.509644 -24.185141
3.729997 69.267036 -24.260956
3.739997 69.023666 -24.336695
3.749997 68.779541 -24.412357
3.759997 68.534660 -24.487946
3.769997 68.289024 -24.563457
3.779997 68.042633 -24.638893
3.789997 67.795494 -24.714254
3.799997 67.547600 -24.789539
3.809997 67.298950 -24.864750
3.819997 67.049553 -24.939886
3.829997 66.799400 -25.014946
3.839997 66.548500 -25.089931
3.849997 66.296852 -25.164841
3.859997 66.044456 -25.239676
3.869997 65.791313 -25.314436
3.879997 65.537422 -25.389122
3.889997 65.282784 -25.463734
3.899997 65.027397 -25.538269
3.909997 64.771271 -25.612730
3.919997 64.514397 -25.687117
3.929997 64.256783 -25.761429
3.939997 63.998425 -25.835667
3.949997 63.739326 -25.909830
3.959997 63.479488 -25.983921
3.969997 63.218910 -26.057938
3.979997 62.957592 -26.131880
3.989997 62.695534 -26.205748
3.999997 62.432739 -26.279541
4.009997 62.169209 -26.353262
4.019997 61.904938 -26.426908
4.029997 61.639935 -26.500481
4.039998 61.374195 -26.573980
4.049998 61.107719 -26.647406
4.059998 60.840511 -26.720758
4.069998 60.572571 -26.794037
4.079998 60.303898 -26.867243
4.089999 60.034492 -26.940376
4.099999 59.764359 -27.013435
4.109999 59.493496 -27.086422
4.119999 59.221901 -27.159336
4.130000 58.949577 -27.232176
4.140000 58.676529 -27.304943
4.150000 58.402752 -27.377638
4.160000 58.128250 -27.450260
4.170001 57.853024 -27.522810
4.180001 57.577072 -27.595287
4.190001 57.300396 -27.667692
4.200001 57.022995 -27.740025
4.210001 56.744873 -27.812284
4.220002 56.466030 -27.884472
4.230002 56.186462 -27.956587
4.240002 55.906178 -28.028629
4.250002 55.625172 -28.100601
4.260003 55.343445 -28.172501
4.270003 55.061001 -28.244328
4.280003 54.777840 -28.316084
4.290003 54.493961 -28.387768
4.300004 54.209366 -28.459379
4.310004 53.924057 -28.530920
4.320004 53.638035 -28.602388
4.330004 53.351295 -28.673786
4.340004 53.063843 -28.745111
4.350005 52.775681 -28.816366
4.360005 52.486805 -28.887550
4.370005 52.197220 -28.958662
4.380005 51.906921 -29.029703
4.390006 51.615913 -29.100674
4.400006 51.324196 -29.171574
4.410006 51.031773 -29.242401
4.420006 50.738640 -29.313158
4.430007 50.444801 -29.383844
4.440007 50.150257 -29.454460
4.450007 49.855007 -29.525005
4.460007 49.559052 -29.595480
4.470007 49.262394 -29.665884
4.480008 48.965031 -29.736217
4.490008 48.666965 -29.806480
4.500008 48.368198 -29.876675
4.510008 48.068729 -29.946798
4.520009 47.768562 -30.016851
4.530009 47.467693 -30.086834
4.540009 47.166126 -30.156748
4.550009 46.863861 -30.226591
4.560009 46.560898 -30.296364
4.570010 46.257236 -30.366068
4.580010 45.952881 -30.435701
4.590010 45.647827 -30.505266
4.600010 45.342079 -30.574760
4.610011 45.035637 -30.644186
4.620011 44.728500 -30.713541
4.630011 44.420673 -30.782827
4.640011 44.112152 -30.852045
4.650012 43.802940 -30.921192
4.660012 43.493038 -30.990271
4.670012 43.182446 -31.059280
4.680012 42.871162 -31.128222
4.690012 42.559193 -31.197094
4.700013 42.246532 -31.265898
4.710013 41.933186 -31.334631
4.720013 41.619152 -31.403296
4.730013 41.304432 -31.471891
4.740014 40.989029 -31.540419
4.750014 40.672939 -31.608879
4.760014 40.356167 -31.677271
4.770014 40.038712 -31.745594
4.780015 39.720573 -31.813848
4.790015 39.401752 -31.882034
4.800015 39.082253 -31.950151
4.810015 38.762070 -32.018200
4.820015 38.441208 -32.086182
4.830016 38.119667 -32.154095
4.840016 37.797447 -32.221939
4.850016 37.474548 -32.289719
4.860016 37.150974 -32.357430
4.870017 36.826725 -32.425072
4.880017 36.501797 -32.492645
4.890017 36.176197 -32.560154
4.900017 35.849922 -32.627594
4.910017 35.522972 -32.694965
4.920018 35.195351 -32.762272
4.930018 34.867054 -32.829510
4.940018 34.538086 -32.896679
4.950018 34.208447 -32.963783
4.960019 33.878139 -33.030819
4.970019 33.547161 -33.097790
4.980019 33.215515 -33.164692
4.990019 32.883202 -33.231525
5.000020 32.550220 -33.298294
5.010020 32.216572 -33.364994
5.020020 31.882256 -33.431629
5.030020 31.547274 -33.498196
5.040020 31.211626 -33.564697
5.050021 30.875315 -33.631134
5.060021 30.538340 -33.697502
5.070021 30.200701 -33.763805
5.080021 29.862400 -33.830040
5.090022 29.523438 -33.896210
5.100022 29.183815 -33.962315
5.110022 28.843531 -34.028351
5.120022 28.502588 -34.094322
5.130023 28.160986 -34.160229
5.140023 27.818726 -34.226067
5.150023 27.475807 -34.291840
5.160023 27.132233 -34.357548
5.170023 26.788000 -34.423191
5.180024 26.443113 -34.488770
5.190024 26.097570 -34.554279
5.200024 25.751373 -34.619724
5.210024 25.404522 -34.685104
5.220025 25.057018 -34.750420
5.230025 24.708862 -34.815670
5.240025 24.360054 -34.880856
5.250025 24.010593 -34.945976
5.260026 23.660482 -35.011032
5.270026 23.309723 -35.076019
5.280026 22.958313 -35.140942
5.290026 22.606255 -35.205799
5.300026 22.253550 -35.270592
5.310027 21.900196 -35.335320
5.320027 21.546196 -35.399982
5.330027 21.191549 -35.464584
5.340027 20.836258 -35.529121
5.350028 20.480322 -35.593594
5.360028 20.123741 -35.658001
5.370028 19.766518 -35.722343
5.380028 19.408651 -35.786621
5.390028 19.050142 -35.850834
5.400029 18.690992 -35.914982
5.410029 18.331202 -35.979069
5.420029 17.970770 -36.043091
5.430029 17.609699 -36.107048
5.440030 17.247990 -36.170940
5.450030 16.885641 -36.234768
5.460030 16.522655 -36.298534
5.470030 16.159033 -36.362236
5.480031 15.794774 -36.425873
5.490031 15.429879 -36.489449
5.500031 15.064349 -36.552959
5.510031 14.698185 -36.616405
5.520031 14.331388 -36.679790
5.530032 13.963957 -36.743111
5.540032 13.595893 -36.806366
5.550032 13.227198 -36.869560
5.560032 12.857871 -36.932690
5.570033 12.487913 -36.995758
5.580033 12.117326 -37.058762
5.590033 11.746109 -37.121704
5.600033 11.374263 -37.184582
5.610034 11.001789 -37.247398
5.620034 10.628688 -37.310150
5.630034 10.254959 -37.372841
5.640034 9.880605 -37.435467
5.650034 9.505625 -37.498032
5.660035 9.130019 -37.560535
5.670035 8.753790 -37.622974
5.680035 8.376936 -37.685352
5.690035 7.999459 -37.747665
5.700036 7.621360 -37.809917
5.710036 7.242639 -37.872108
5.720036 6.863297 -37.934235
5.730036 6.483334 -37.996300
5.740036 6.102751 -38.058304
5.750037 5.721548 -38.120247
5.760037 5.339727 -38.182125
5.770037 4.957287 -38.243942
5.780037 4.574230 -38.305698
5.790038 4.190556 -38.367393
5.800038 3.806266 -38.429028
5.810038 3.421360 -38.490597
5.820038 3.035839 -38.552105
5.830039 2.649703 -38.613552
5.840039 2.262954 -38.674938
5.850039 1.875591 -38.736263
5.860039 1.487616 -38.797527
5.870039 1.099029 -38.858730
5.880040 .709830 -38.919872
5.890040 .320020 -38.980953
