 IteraçãoProcura DiretaNewton-RaphsonMetodo da Secante
           0   0.0000000000000000       -7.0967741935483870       -1.1111111111111112     
           1   5.0000000000000000       -5.3411700776320705      -0.96627164995442094     
           2   7.5000000000000000       -4.4089178606209298       -1.0006494372789592     
           3   6.2500000000000000       -4.0574375115652863       -1.0000035909125418     
           4   5.6250000000000000       -4.0014078918447993      -0.99999999961119446     
           5   5.3125000000000000       -4.0000008800649107       -1.0000000000000002     
           6   5.1562500000000000       -4.0000000000003446       -1.0000000000000002     
           7   5.0781250000000000       -4.0000000000000000       -1.0000000000000002     
           8   5.0390625000000000       -4.0000000000000000       -1.0000000000000002     
           9   5.0195312500000000       -4.0000000000000000       -1.0000000000000002     
          10   5.0097656250000000       -4.0000000000000000       -1.0000000000000002     
          11   5.0048828125000000       -4.0000000000000000       -1.0000000000000002     
          12   5.0024414062500000       -4.0000000000000000       -1.0000000000000002     
          13   5.0012207031250000       -4.0000000000000000       -1.0000000000000002     
          14   5.0006103515625000       -4.0000000000000000       -1.0000000000000002     
          15   5.0003051757812500       -4.0000000000000000       -1.0000000000000002     
          16   5.0001525878906250       -4.0000000000000000       -1.0000000000000002     
          17   5.0000762939453125       -4.0000000000000000       -1.0000000000000002     
          18   5.0000381469726562       -4.0000000000000000       -1.0000000000000002     
          19   5.0000190734863281       -4.0000000000000000       -1.0000000000000002     
          20   5.0000095367431641       -4.0000000000000000       -1.0000000000000002     
          21   5.0000047683715820       -4.0000000000000000       -1.0000000000000002     
          22   5.0000023841857910       -4.0000000000000000       -1.0000000000000002     
          23   5.0000011920928955       -4.0000000000000000       -1.0000000000000002     
          24   5.0000005960464478       -4.0000000000000000       -1.0000000000000002     
          25   5.0000002980232239       -4.0000000000000000       -1.0000000000000002     
          26   5.0000001490116119       -4.0000000000000000       -1.0000000000000002     
          27   5.0000001490116119       -4.0000000000000000       -1.0000000000000002     
